測定年度,測定局コード,市町村コード,測定項目コード,測定単位コード,測定月,測定日,01h,02h,03h,04h,05h,06h,07h,08h,09h,10h,11h,12h,13h,14h,15h,16h,17h,18h,19h,20h,21h,22h,23h,24h
2010,14101010,101,CH4 ,10PPBC, 4, 1, 215, 210, 208, 208, 206, 211, 213, 217, 213, 188, 192, 188, 188, 188, 187, 185, 186, 186, 184, 185, 185, 191, 185, 188
2010,14101010,101,CH4 ,10PPBC, 4, 2,9999, 185, 187, 184, 184, 186, 186, 186, 186, 186, 185, 186, 188, 190, 190, 193, 189, 190, 193, 192, 192, 191, 191, 193
2010,14101010,101,CH4 ,10PPBC, 4, 3, 193, 192, 191, 189, 190, 190, 191, 192, 192, 191, 192, 195, 191, 190, 189, 190, 188, 189, 191, 195, 196, 194, 199, 196
2010,14101010,101,CH4 ,10PPBC, 4, 4, 197, 194, 193, 197, 203, 199, 196, 199, 201, 196, 208, 202, 202, 199, 202, 216, 214, 198, 195, 197, 197, 197, 197, 195
2010,14101010,101,CH4 ,10PPBC, 4, 5,9999, 193, 193, 192, 193, 193, 193, 195, 198, 200, 198, 197, 196, 195, 196, 198, 200, 198, 201, 205, 208, 205, 206, 204
2010,14101010,101,CH4 ,10PPBC, 4, 6, 203, 202, 197, 201, 201, 203, 193, 189, 189, 191, 190, 196, 189, 188, 266, 209, 219, 214, 194, 190, 190, 192, 194, 191
2010,14101010,101,CH4 ,10PPBC, 4, 7, 193, 191, 186, 187, 188, 197, 198, 195, 193, 196, 200, 191,9999,9999, 191, 190, 190, 191, 191, 191, 192, 192, 194, 193
2010,14101010,101,CH4 ,10PPBC, 4, 8, 193, 192, 192, 192, 193, 192, 194, 194, 193, 193, 195, 196, 192, 191, 191, 191, 192, 192, 192, 192, 192, 194, 194, 209
2010,14101010,101,CH4 ,10PPBC, 4, 9, 206, 197, 202, 200, 195, 197, 197, 198, 199, 208, 193, 194, 192, 190, 191, 192, 190, 190, 189, 189, 193, 194, 203, 198
2010,14101010,101,CH4 ,10PPBC, 4,10,9999, 197, 199, 200, 194, 192, 191, 192, 194, 195, 196, 191, 192, 192, 189, 187, 189, 186, 189, 187, 188, 191, 187, 188
2010,14101010,101,CH4 ,10PPBC, 4,11, 188, 186, 185, 190, 191, 189, 192, 192, 190, 192, 191, 197, 210, 197, 202, 198, 197, 189, 188, 188, 190, 189, 197, 192
2010,14101010,101,CH4 ,10PPBC, 4,12, 194, 191, 190, 189, 188, 189, 188, 189, 189, 190, 191, 190, 191, 191, 191, 190, 189, 190, 191, 192, 191, 189, 189, 188
2010,14101010,101,CH4 ,10PPBC, 4,13,9999, 188, 187, 187, 187, 188, 190, 191, 193, 191, 188, 187, 188, 187, 189, 186, 188, 191, 187, 187, 187, 185, 188, 192
2010,14101010,101,CH4 ,10PPBC, 4,14, 196, 196, 189, 188, 187, 187, 188, 189, 189, 190, 191, 190, 190, 191,9999, 198, 189, 189, 188, 190, 191, 193, 191, 191
2010,14101010,101,CH4 ,10PPBC, 4,15, 191, 190, 190, 190, 190, 190, 190, 191, 192, 202, 206, 206, 215, 199, 202, 192, 191, 192, 193, 193, 202, 203, 195, 195
2010,14101010,101,CH4 ,10PPBC, 4,16, 193, 192, 191, 191, 191, 190, 191, 194, 194, 193, 194, 193, 193, 191, 192, 193, 191, 192, 192, 193, 193, 193, 192, 192
2010,14101010,101,CH4 ,10PPBC, 4,17,9999, 189, 189, 188, 189, 188, 189, 190, 190, 190, 190, 188, 189, 189, 191, 189, 187, 188, 188, 188, 189, 192, 197, 195
2010,14101010,101,CH4 ,10PPBC, 4,18, 192, 192, 193, 194, 255, 235, 199, 197, 195, 196, 196, 196, 195, 193, 190, 189, 190, 190, 190, 190, 192, 191, 191, 195
2010,14101010,101,CH4 ,10PPBC, 4,19, 198, 206, 200, 199, 199, 197, 196, 197, 199, 206, 204, 193, 191, 193, 191, 191, 189, 189, 189, 192, 196, 197, 193, 192
2010,14101010,101,CH4 ,10PPBC, 4,20,9999, 188, 189, 188, 187, 186, 186, 186, 186, 185, 188, 185, 185,9999,9999, 189, 186, 185, 190, 193, 198, 199, 196, 198
2010,14101010,101,CH4 ,10PPBC, 4,21, 199, 197, 193, 193, 196, 199, 201, 199, 196, 194, 198, 211, 198, 192, 190, 190, 186, 186, 186, 189, 188, 189, 196, 189
2010,14101010,101,CH4 ,10PPBC, 4,22, 190, 191, 191, 191, 195, 195, 203, 197, 193, 193, 193, 194, 193, 193, 192, 191, 191, 191, 191, 191, 192, 192, 191, 189
2010,14101010,101,CH4 ,10PPBC, 4,23,9999, 190, 191, 190, 190, 190, 191, 193, 193, 193, 193, 195, 195, 194, 194, 208, 215, 199, 201, 194, 192, 203, 211, 208
2010,14101010,101,CH4 ,10PPBC, 4,24, 198, 219, 211, 228, 233, 226, 220, 206, 192, 194, 196, 196, 192, 191, 190, 190, 191, 191, 191, 194, 193, 194, 195, 194
2010,14101010,101,CH4 ,10PPBC, 4,25, 196, 192, 192, 194, 195, 198, 200, 200, 198, 197, 191, 191, 192, 191, 189, 191, 190, 190, 189, 190, 193, 197, 193, 194
2010,14101010,101,CH4 ,10PPBC, 4,26,9999, 194, 197, 198, 198, 196, 195, 196, 195, 200, 192, 195, 192, 190, 187, 189, 190, 188, 190, 190, 194, 193, 193, 192
2010,14101010,101,CH4 ,10PPBC, 4,27, 192, 191, 198, 191, 192, 192, 192, 193, 195, 200, 199, 199, 193, 187, 188, 190, 189, 186, 188, 189, 188, 188, 187, 186
2010,14101010,101,CH4 ,10PPBC, 4,28, 186, 187, 186, 185, 186, 186, 186, 188, 191, 191, 188, 189, 188, 188, 188, 188, 187, 188, 187, 189, 190, 190, 191, 191
2010,14101010,101,CH4 ,10PPBC, 4,29,9999, 192, 198, 195, 188, 185, 188, 185, 190, 185, 185, 189, 187, 185, 186, 186, 186, 187, 187, 188, 188, 189, 192, 191
2010,14101010,101,CH4 ,10PPBC, 4,30, 193, 193, 192, 193, 189, 191, 190, 191, 191, 201,9999,9999, 191, 190, 189, 188, 188, 189, 189, 190, 194, 194, 194, 193
2010,14101010,101,CH4 ,10PPBC, 4,31,9998,9998,9998,9998,9998,9998,9998,9998,9998,9998,9998,9998,9998,9998,9998,9998,9998,9998,9998,9998,9998,9998,9998,9998
2010,14101010,101,CH4 ,10PPBC, 5, 1, 197, 194, 197, 198, 198, 198, 200, 197, 196, 194, 193, 191, 190, 190, 189, 189, 191, 191, 191, 190, 191, 192, 198, 194
2010,14101010,101,CH4 ,10PPBC, 5, 2, 195, 195, 196, 196, 197, 196, 197, 198, 200, 207, 205, 199, 196, 193, 192, 190, 192, 191, 191, 193, 194, 190, 190, 192
2010,14101010,101,CH4 ,10PPBC, 5, 3,9999, 189, 193, 197, 198, 201, 201, 202, 207, 216, 213, 196, 190, 186, 186, 185, 185, 186, 185, 185, 186, 186, 186, 186
2010,14101010,101,CH4 ,10PPBC, 5, 4, 186, 185, 185, 186, 185, 186, 186, 187, 186, 186, 185, 185, 185, 185, 188, 186, 188, 186, 189, 186, 185, 187, 187, 188
2010,14101010,101,CH4 ,10PPBC, 5, 5, 186, 186, 185, 188, 190, 195, 194, 196, 197, 198, 200, 196, 192, 188, 187, 185, 185, 187, 187, 185, 186, 185, 185, 184
2010,14101010,101,CH4 ,10PPBC, 5, 6,9999, 185, 184, 184, 184, 184, 183, 183, 182, 181, 182, 181, 180, 180, 180, 180, 180, 181, 181, 183, 182, 183, 180, 181
2010,14101010,101,CH4 ,10PPBC, 5, 7, 186, 187, 184, 181, 185, 181, 184, 180, 179,9999,9999, 180, 180, 180, 180, 180, 180, 180, 180, 180, 186, 182, 184, 187
2010,14101010,101,CH4 ,10PPBC, 5, 8, 188, 189, 187, 187, 188, 189, 195, 200, 190, 192, 190, 190, 188, 188, 189, 188, 188, 188, 188, 188, 188, 187, 187, 186
2010,14101010,101,CH4 ,10PPBC, 5, 9, 187, 187, 190, 193, 197, 199, 196, 195, 191, 193, 192, 196, 193, 192, 190, 189, 191, 192, 191, 192, 193, 192, 190, 191
2010,14101010,101,CH4 ,10PPBC, 5,10,9999, 198, 196, 194, 189, 191, 193, 194, 195, 193, 192, 195, 195, 190, 190, 190, 189, 190, 189, 189, 190, 190, 192, 189
2010,14101010,101,CH4 ,10PPBC, 5,11, 190, 189, 189, 190, 187, 186, 187, 191, 190, 193, 196, 196, 198, 189, 187, 200, 188, 187, 187, 186, 191, 198, 190, 190
2010,14101010,101,CH4 ,10PPBC, 5,12, 190, 188, 187, 187, 186, 186, 187, 192, 186, 187,9999,9999, 191, 193, 190, 189, 189, 189, 190, 190, 191, 192, 192, 192
2010,14101010,101,CH4 ,10PPBC, 5,13, 192, 191, 191, 190, 191, 191, 192, 191, 190, 191, 191, 190, 190, 190, 188, 189, 191, 191, 190, 190, 191, 191, 192, 192
2010,14101010,101,CH4 ,10PPBC, 5,14, 192, 190, 190, 190, 189, 190, 190, 191, 192, 192, 191, 194, 191, 190, 190, 189, 189, 189, 190, 191, 191, 191, 190, 190
2010,14101010,101,CH4 ,10PPBC, 5,15,9999, 187, 187, 186, 187, 189, 204, 199, 192, 190, 189, 197, 188, 186, 186, 187, 187, 187, 188, 190, 188, 187, 187, 188
2010,14101010,101,CH4 ,10PPBC, 5,16, 187, 191, 192, 195, 196, 196, 191, 190, 188, 186, 185, 184, 184, 184, 186, 188, 185, 184, 185, 184, 184, 185, 186, 188
2010,14101010,101,CH4 ,10PPBC, 5,17, 190, 194, 201, 202, 195, 194, 198, 194, 192, 199, 205, 195, 188, 188, 187, 186, 185, 184, 184, 184, 186, 186, 189, 186
2010,14101010,101,CH4 ,10PPBC, 5,18,9999, 189, 189, 193, 192, 193, 191, 187, 187, 186, 186,9999,9999, 188, 189, 189, 185, 186, 187, 190, 189, 189, 188, 185
2010,14101010,101,CH4 ,10PPBC, 5,19, 184, 184, 187, 188, 189, 191, 189, 187, 185, 186, 185, 187, 188, 189, 187, 191, 192, 193, 191, 186, 191, 189, 192, 192
2010,14101010,101,CH4 ,10PPBC, 5,20, 190, 189, 187, 182, 183, 188, 184, 186, 187, 187, 187, 188, 182, 183, 191, 192, 192, 199, 196, 193, 192, 194, 192, 192
2010,14101010,101,CH4 ,10PPBC, 5,21,9999, 191, 191, 195, 200, 202, 197, 195, 194, 194, 204, 209, 194, 192, 190, 187, 188, 189, 193, 193, 192, 192, 194, 194
2010,14101010,101,CH4 ,10PPBC, 5,22, 196, 200, 207, 206, 226, 212, 199, 199, 204, 199, 195, 194, 195, 197, 197, 196, 193, 192, 191, 192, 191, 190, 189, 191
2010,14101010,101,CH4 ,10PPBC, 5,23, 191, 192, 198, 192, 193, 195, 208, 200, 201, 208, 205, 195, 193, 195, 195, 194, 188, 188, 190, 190, 189, 186, 187, 187
2010,14101010,101,CH4 ,10PPBC, 5,24,9999, 185, 186, 188, 187, 193, 189, 190, 190, 188, 190, 188, 188, 188, 191, 190, 191, 194, 193, 188, 179, 182, 184, 185
2010,14101010,101,CH4 ,10PPBC, 5,25, 189, 186, 185, 185, 186, 185, 188, 189, 188, 186, 185, 186, 185, 189, 187, 185, 191, 190, 189, 190, 190, 193, 190, 190
2010,14101010,101,CH4 ,10PPBC, 5,26, 193, 187, 192, 192, 188, 191, 193, 193, 192, 191,9999, 195, 190, 190, 191, 192, 188, 187, 188, 194, 202, 209, 196, 190
2010,14101010,101,CH4 ,10PPBC, 5,27, 189, 188, 188, 187, 191, 190, 190, 194, 193, 193, 193, 190, 188, 189, 189, 189, 188, 189, 189, 191, 191, 191, 190, 190
2010,14101010,101,CH4 ,10PPBC, 5,28, 189, 188, 188, 189, 188, 188, 190, 190, 190, 192, 190, 192, 191, 190, 190, 190, 191, 188, 191, 192, 190, 189, 190, 190
2010,14101010,101,CH4 ,10PPBC, 5,29,9999, 187, 188, 186, 186, 186, 186, 187, 201, 205, 190, 193, 190, 189, 198, 200, 199, 189, 187, 188, 201, 196, 202, 193
2010,14101010,101,CH4 ,10PPBC, 5,30, 191, 187, 186, 187, 187, 186, 186, 187, 187, 189, 188, 191, 191, 189, 185, 185, 185, 185, 186, 186, 186, 186, 187, 187
2010,14101010,101,CH4 ,10PPBC, 5,31, 193, 207, 202, 192, 218, 241, 217, 192, 191, 191, 189, 188, 186, 186, 187, 187, 188, 185, 185, 185, 188, 189, 187, 189
2010,14101010,101,CH4 ,10PPBC, 6, 1,9999, 186, 188, 206, 209, 197, 203, 204, 212, 197, 195, 191, 188, 186, 186, 186, 187, 187, 188, 188, 189, 188, 187, 186
2010,14101010,101,CH4 ,10PPBC, 6, 2, 189, 191, 189, 188, 219, 227, 189, 189, 193, 193,9999,9999, 188, 187, 188, 188, 188, 187, 187, 189, 192, 192, 190, 190
2010,14101010,101,CH4 ,10PPBC, 6, 3, 190, 192, 196, 195, 201, 205, 201, 198, 199, 191, 188, 188, 187, 185, 185, 186, 186, 185, 185, 186, 189, 189, 191, 191
2010,14101010,101,CH4 ,10PPBC, 6, 4, 192, 187, 186, 187, 189, 191, 190, 190, 190, 184, 182, 182, 183, 183, 185, 185, 184, 185, 183, 184, 186, 185, 187, 187
2010,14101010,101,CH4 ,10PPBC, 6, 5,9999, 190, 189, 190, 192, 192, 192, 193, 194, 194, 194, 193, 194, 191, 187, 188, 188, 187, 186, 186, 186, 189, 188, 195
2010,14101010,101,CH4 ,10PPBC, 6, 6, 197, 193, 190, 191, 196, 191, 191, 191, 191, 191, 191, 192, 192, 191, 189, 187, 185, 185, 185, 187, 187, 186, 189, 192
2010,14101010,101,CH4 ,10PPBC, 6, 7, 189, 188, 187, 190, 190, 200, 195, 194, 191, 195, 199, 194, 186, 186, 186, 186, 188, 188, 188, 189, 187, 186, 186, 185
2010,14101010,101,CH4 ,10PPBC, 6, 8,9999, 188, 188, 187, 187, 189, 190, 189, 189, 189, 196, 192, 191, 195, 204, 200, 194, 186, 190, 193, 204, 200, 215, 201
2010,14101010,101,CH4 ,10PPBC, 6, 9, 195, 193, 191, 192, 191, 191, 194, 200, 203,9999,9999, 193, 196, 201, 206, 195, 194, 187, 189, 192, 198, 192, 189, 191
2010,14101010,101,CH4 ,10PPBC, 6,10, 193, 191, 190, 189, 190, 196, 195, 191, 190, 192, 191, 191, 189, 187, 185, 185, 187, 192, 188, 189, 189, 192, 190, 193
2010,14101010,101,CH4 ,10PPBC, 6,11, 189, 188, 188, 188, 187, 187, 189, 190, 192, 194, 191, 189, 188, 187, 184, 185, 186, 184, 183, 182, 183, 191, 184, 185
2010,14101010,101,CH4 ,10PPBC, 6,12,9999, 185, 187, 187, 187, 187, 190, 190, 190, 187, 184, 183, 182, 182, 183, 184, 184, 182, 181, 185, 185, 183, 186, 186
2010,14101010,101,CH4 ,10PPBC, 6,13, 183, 186, 190, 188, 189, 191, 187, 182, 182, 182, 184, 186, 184, 182, 183, 183, 185, 184, 186, 188, 187, 185, 183, 183
2010,14101010,101,CH4 ,10PPBC, 6,14, 185, 196, 186, 188, 186, 185, 185, 186, 197, 196, 190, 190, 190, 189, 189, 188, 187, 186, 186, 186, 187, 187, 187, 187
2010,14101010,101,CH4 ,10PPBC, 6,15,9999, 192, 193, 192, 195, 196, 200, 199, 190, 187, 184, 184, 184, 184, 185, 190, 189, 188, 189, 184, 184, 184, 186, 191
2010,14101010,101,CH4 ,10PPBC, 6,16, 189, 191, 189, 183, 172, 175, 172, 174, 175, 180, 179, 177, 180, 182, 182, 184, 185, 187, 187, 190, 189, 191, 191, 194
2010,14101010,101,CH4 ,10PPBC, 6,17, 190, 189, 188, 195, 199, 192, 200, 201, 190, 195, 189, 188,9999, 190, 188, 187, 187, 184, 185, 186, 188, 186, 190, 185
2010,14101010,101,CH4 ,10PPBC, 6,18, 185, 186, 184, 185, 186, 191, 199, 199, 195, 192, 189, 181, 179, 186, 181, 178, 183, 182, 185, 185, 186, 188, 189, 191
2010,14101010,101,CH4 ,10PPBC, 6,19, 191, 194, 179, 175, 174, 181, 188, 190, 191, 191, 194, 191, 180, 178, 184, 185, 185, 187, 187, 184, 185, 177, 177, 176
2010,14101010,101,CH4 ,10PPBC, 6,20,9999, 176, 179, 176, 176, 177, 188, 190, 178, 175, 176, 176, 176, 176, 176, 178, 177, 177, 177, 176, 177, 176, 174, 175
2010,14101010,101,CH4 ,10PPBC, 6,21, 176, 176, 175, 175, 176, 180, 179, 179, 178, 180, 181, 181, 179, 179, 177, 177, 178, 180, 181, 186, 187, 186, 184, 185
2010,14101010,101,CH4 ,10PPBC, 6,22, 187, 181, 182, 186, 185, 183, 186, 194, 192, 192, 184,9999,9999, 178, 176, 177, 177, 180, 181, 178, 180, 182, 184, 182
2010,14101010,101,CH4 ,10PPBC, 6,23, 182, 180, 184, 183, 182, 183, 183, 184, 184, 180, 181, 179, 178, 175, 182, 190, 187, 187, 186, 190, 181, 185, 190, 194
2010,14101010,101,CH4 ,10PPBC, 6,24, 194, 199, 193, 195, 197, 192, 192, 197, 204, 200, 204, 208, 200, 199, 198, 196, 195, 200, 200, 201, 200, 197, 200, 200
2010,14101010,101,CH4 ,10PPBC, 6,25,9999, 200, 200, 202, 201, 201, 203, 206, 201, 197, 208, 215, 209, 202, 195, 195, 188, 185, 190, 190, 189, 189, 190, 187
2010,14101010,101,CH4 ,10PPBC, 6,26, 188, 185, 185, 186, 185, 187, 183, 184, 179, 178, 183, 186, 180, 182, 182, 180, 181, 179, 181, 184, 183, 182, 180, 179
2010,14101010,101,CH4 ,10PPBC, 6,27, 178, 177, 178, 177, 178, 176, 176, 176, 176, 176, 176, 179, 178, 175, 175, 175, 175, 175, 175, 176, 179, 178, 179, 179
2010,14101010,101,CH4 ,10PPBC, 6,28,9999, 180, 180, 183, 188, 190, 198, 190, 191, 194, 195, 198, 201, 193, 188, 188, 189, 194, 200, 193, 191, 191, 195, 206
2010,14101010,101,CH4 ,10PPBC, 6,29, 200, 194, 195, 198, 201, 216, 214, 239, 259, 251, 220, 211, 191, 193, 183, 180, 180, 183, 191, 187, 179, 180, 196, 203
2010,14101010,101,CH4 ,10PPBC, 6,30, 206, 194, 190, 188, 185, 181, 181, 182, 182, 183, 183, 183, 185, 184, 189, 186, 186, 186, 190, 186, 186, 186, 187, 187
2010,14101010,101,CH4 ,10PPBC, 6,31,9998,9998,9998,9998,9998,9998,9998,9998,9998,9998,9998,9998,9998,9998,9998,9998,9998,9998,9998,9998,9998,9998,9998,9998
2010,14101010,101,CH4 ,10PPBC, 7, 1,9999, 186, 188, 182, 183, 181, 185, 181, 181, 181,9999, 178, 177, 176, 176, 176, 178, 182, 183, 185, 182, 181, 181, 186
2010,14101010,101,CH4 ,10PPBC, 7, 2, 189, 188, 189, 189, 188, 189, 192, 199, 220, 198, 192, 184, 179, 177, 177, 180, 180, 177, 181, 177, 178, 181, 180, 180
2010,14101010,101,CH4 ,10PPBC, 7, 3, 178, 179, 187, 194, 193, 180, 187, 197, 205, 192, 183, 184, 183, 185, 183, 182, 181, 183, 183, 183, 181, 178, 176, 177
2010,14101010,101,CH4 ,10PPBC, 7, 4,9999, 178, 182, 182, 189, 189, 188, 193, 191, 193, 199, 200, 200, 195, 193, 192, 189, 185, 186, 190, 197, 201, 198, 203
2010,14101010,101,CH4 ,10PPBC, 7, 5, 207, 200, 201, 192, 190, 189, 191, 191, 199, 199, 193, 190, 187, 186, 184, 186, 188, 188, 187, 187, 191, 191, 190, 188
2010,14101010,101,CH4 ,10PPBC, 7, 6, 190, 194, 195, 194, 195, 200, 196, 196, 199, 194,9999,9999, 185, 184, 185, 186, 192, 199, 200, 196, 200, 201, 205, 200
2010,14101010,101,CH4 ,10PPBC, 7, 7, 196, 194, 194, 194, 197, 199, 201, 198, 205, 197, 195, 197, 195, 193, 195, 200, 190, 191, 187, 189, 187, 189, 190, 191
2010,14101010,101,CH4 ,10PPBC, 7, 8, 189, 192, 192, 191, 193, 195, 199, 198, 194, 192, 188, 186, 187, 189, 193, 193, 197, 192, 188, 183, 188, 190, 185, 183
2010,14101010,101,CH4 ,10PPBC, 7, 9,9999, 178, 177, 178, 181, 183, 184, 187, 189, 191, 192, 190, 187, 183, 186, 180, 186, 183, 182, 178, 178, 177, 177, 177
2010,14101010,101,CH4 ,10PPBC, 7,10, 176, 181, 179, 179, 184, 187, 181, 181, 182, 189, 181, 181, 182, 182, 181, 182, 184, 185, 183, 184, 190, 186, 189, 192
2010,14101010,101,CH4 ,10PPBC, 7,11, 195, 200, 196, 201, 199, 202, 202, 204, 201, 213, 208, 195, 182, 181, 177, 176, 175, 174, 173, 172, 173, 172, 172, 172
2010,14101010,101,CH4 ,10PPBC, 7,12,9999, 172, 172, 173, 173, 172, 173, 175, 177, 176, 178, 180, 180, 178, 176, 178, 178, 179, 175, 175, 179, 180, 184, 179
2010,14101010,101,CH4 ,10PPBC, 7,13, 180, 181, 179, 178, 177, 183, 190, 203, 207, 207,9999,9999, 199, 195, 189, 192, 191, 191, 192, 194, 195, 195, 198, 200
2010,14101010,101,CH4 ,10PPBC, 7,14, 217, 234, 208, 198, 203, 204, 186, 182, 181, 182, 182, 182, 182, 181, 180, 181, 181, 183, 182, 180, 179, 179, 181, 180
2010,14101010,101,CH4 ,10PPBC, 7,15, 184, 183,9999,9999,9999,9999,9999,9999,9999,9999,9999,9999, 177, 176, 177, 178, 179, 178, 179, 180, 181, 181, 183, 180
2010,14101010,101,CH4 ,10PPBC, 7,16, 181, 180, 181, 181, 178, 178, 179, 178, 177, 178, 180, 181, 179, 179, 176, 180, 178, 176, 176, 176, 178, 185, 181, 182
2010,14101010,101,CH4 ,10PPBC, 7,17, 186, 180, 184, 182, 183, 180, 179, 181, 179, 179, 178, 177, 177, 179, 181, 183, 184, 184, 183, 181, 179, 178, 178, 179
2010,14101010,101,CH4 ,10PPBC, 7,18,9999, 175, 175, 175, 176, 176, 175, 175, 175, 175, 174, 173, 173, 175, 177, 178, 177, 173, 173, 173, 174, 176, 175, 174
2010,14101010,101,CH4 ,10PPBC, 7,19, 174, 175, 175, 176, 180, 177, 178, 177, 176, 176, 176, 176, 176, 175, 174, 177, 176, 175, 177, 177, 177, 176, 177, 177
2010,14101010,101,CH4 ,10PPBC, 7,20, 177, 178, 177, 180, 182, 182, 191, 191, 189, 186, 177, 180, 177, 177, 177, 179, 179, 179, 179, 177, 175, 176, 180, 180
2010,14101010,101,CH4 ,10PPBC, 7,21,9999, 182, 181, 183, 185, 185, 188, 194, 195, 191, 195, 189,9999,9999, 191, 182, 180, 180, 180, 181, 183, 182, 180, 182
2010,14101010,101,CH4 ,10PPBC, 7,22, 186, 177, 178, 179, 180, 180, 182, 186, 189, 190, 186, 178, 177, 178, 177, 182, 180, 181, 184, 181, 184, 178, 182, 181
2010,14101010,101,CH4 ,10PPBC, 7,23, 183, 183, 183, 185, 184, 190, 192, 197, 196, 190, 203, 205, 203, 198, 188, 185, 181, 183, 179, 178, 174, 174, 181, 178
2010,14101010,101,CH4 ,10PPBC, 7,24,9999, 177, 181, 187, 191, 190, 190, 190, 193, 198, 197, 193, 192, 188, 184, 185, 186, 179, 182, 189, 183, 181, 184, 181
2010,14101010,101,CH4 ,10PPBC, 7,25, 183, 183, 184, 184, 184, 188, 184, 183, 180, 179, 175, 175, 174, 174, 175, 177, 178, 181, 180, 180, 182, 188, 183, 183
2010,14101010,101,CH4 ,10PPBC, 7,26, 191, 187, 186, 187, 187, 186, 186, 190, 192, 191, 185, 177, 175, 176, 176, 179, 179, 181, 178, 178, 182, 182, 181, 183
2010,14101010,101,CH4 ,10PPBC, 7,27,9999, 187, 180, 178, 180, 184, 185, 180, 175, 177, 177, 175, 174, 174, 173, 173, 175, 174, 176, 176, 180, 181, 178, 180
2010,14101010,101,CH4 ,10PPBC, 7,28, 180, 175, 179, 178, 177, 176, 176, 175, 176, 176, 178, 180, 181,9999, 180, 178, 182, 180, 181, 181, 179, 183, 176, 182
2010,14101010,101,CH4 ,10PPBC, 7,29, 185, 181, 180, 180, 177, 180, 179, 181, 178, 178, 182, 176, 175, 175, 174, 175, 175, 178, 175, 177, 176, 176, 177, 176
2010,14101010,101,CH4 ,10PPBC, 7,30, 177, 177, 175, 172, 173, 176, 176, 179, 174, 175, 180, 179, 177, 177, 173, 173, 175, 180, 183, 176, 178, 177, 183, 181
2010,14101010,101,CH4 ,10PPBC, 7,31,9999, 182, 192, 193, 187, 186, 191, 190, 192, 193, 187, 176, 174, 174, 175, 176, 178, 176, 176, 177, 183, 181, 178, 190
2010,14101010,101,CH4 ,10PPBC, 8, 1, 182, 183, 186, 183, 186, 187, 186, 184, 179, 180, 178, 177, 178, 179, 180, 180, 180, 185, 186, 186, 183,9999,9999,9999
2010,14101010,101,CH4 ,10PPBC, 8, 2,9999,9999,9999,9999,9999,9999,9999,9999,9999,9999,9999,9999,9999,9999,9999,9999,9999, 181, 182, 180, 175, 175, 177, 178
2010,14101010,101,CH4 ,10PPBC, 8, 3, 175, 175, 177, 177, 177, 175, 177, 174, 177, 179, 176, 177, 177, 175, 175, 179, 180, 181, 175, 176, 176, 176, 178, 182
2010,14101010,101,CH4 ,10PPBC, 8, 4, 179, 179, 180, 180, 183, 181, 180, 179, 180, 179, 176, 176, 177, 179,9999, 172, 173, 172, 172, 173, 178, 181, 181, 181
2010,14101010,101,CH4 ,10PPBC, 8, 5, 177, 181, 182, 181, 185, 189, 184, 179, 178, 177, 177, 174, 174, 176, 176, 178, 176, 175, 174, 174, 174, 173, 177, 175
2010,14101010,101,CH4 ,10PPBC, 8, 6, 181, 178, 176, 177, 180, 182, 187, 184, 177, 177, 175, 174, 176, 175, 179, 179, 181, 184, 179, 179, 179, 179, 178, 179
2010,14101010,101,CH4 ,10PPBC, 8, 7,9999, 182, 177, 180, 180, 182, 181, 181, 182, 180, 180, 178, 178, 177, 177, 176, 176, 180, 180, 174, 173, 174, 175, 175
2010,14101010,101,CH4 ,10PPBC, 8, 8, 174, 174, 174, 175, 176, 178, 177, 176, 177, 175, 174, 175, 174, 173, 173, 176, 175, 174, 175, 174, 176, 177, 173, 173
2010,14101010,101,CH4 ,10PPBC, 8, 9, 174, 180, 182, 175, 180, 178, 178, 178, 177, 178, 184, 178, 175, 174, 173, 174, 172, 173, 173, 174, 173, 174, 173, 173
2010,14101010,101,CH4 ,10PPBC, 8,10,9999, 174, 179, 174, 184, 177, 175, 174, 174, 176,9999,9999, 172, 173, 176, 176, 174, 174, 177, 178, 178, 176, 181, 180
2010,14101010,101,CH4 ,10PPBC, 8,11, 176, 185, 175, 177, 175, 174, 174, 174, 174, 174, 174, 175, 176, 174, 174, 173, 173, 173, 173, 173, 173, 173, 173, 173
2010,14101010,101,CH4 ,10PPBC, 8,12, 172, 172, 172, 172, 172, 172, 173, 173, 173, 175, 174, 174, 175, 177, 177, 177, 175, 175, 176, 176, 177, 178, 177, 178
2010,14101010,101,CH4 ,10PPBC, 8,13,9999, 177, 180, 185, 182, 182, 183, 185, 187, 188, 192, 195, 186, 182, 182, 181, 180, 182, 181, 183, 186, 188, 182, 183
2010,14101010,101,CH4 ,10PPBC, 8,14, 188, 203, 202, 196, 183, 174, 175, 174, 174, 174, 175, 175, 175, 175, 174, 175, 176, 175, 176, 175, 175, 177, 177, 176
2010,14101010,101,CH4 ,10PPBC, 8,15, 177, 184, 179, 176, 176, 176, 175, 176, 176, 175, 175, 175, 177, 176, 176, 177, 177, 177, 176, 176, 184, 179, 176, 177
2010,14101010,101,CH4 ,10PPBC, 8,16,9999, 179, 181, 189, 193, 195, 198, 194, 190, 189,9999, 172, 174, 182, 185, 186, 187, 180, 182, 182, 187, 186, 185, 186
2010,14101010,101,CH4 ,10PPBC, 8,17, 186, 190, 189, 185, 188, 217, 285, 236, 215, 194, 193, 186, 184, 180, 180, 178, 180, 180, 176, 175, 176, 177, 179, 180
2010,14101010,101,CH4 ,10PPBC, 8,18, 180, 183, 194, 194, 189, 191, 189, 192, 192, 192, 190, 187, 182, 180, 179, 177, 177, 178, 179, 181, 182, 181, 181, 183
2010,14101010,101,CH4 ,10PPBC, 8,19,9999, 201, 186, 205, 198, 191, 185, 188, 186, 186, 184, 188, 188, 186, 182, 182, 183, 182, 181, 182, 184, 185, 189, 187
2010,14101010,101,CH4 ,10PPBC, 8,20, 190, 195, 201, 208, 195, 205, 203, 207, 194, 195, 196, 198, 198, 194, 185, 185, 187, 187, 187, 187, 187, 186, 185, 186
2010,14101010,101,CH4 ,10PPBC, 8,21, 187, 186, 187, 188, 188, 193, 190, 190, 189, 189, 190, 187, 189, 186, 183, 184, 185, 181, 182, 182, 181, 181, 181, 181
2010,14101010,101,CH4 ,10PPBC, 8,22,9999, 182, 182, 183, 182, 182, 182, 182, 181, 184, 181, 180, 179, 178, 179, 179, 182, 181, 180, 179, 180, 179, 181, 181
2010,14101010,101,CH4 ,10PPBC, 8,23, 180, 180, 180, 180, 181, 181, 183, 185, 185, 180, 180, 179, 178, 179, 180, 183, 179, 183, 180, 181, 181, 183, 185, 179
2010,14101010,101,CH4 ,10PPBC, 8,24, 179, 178, 183, 184, 178, 184, 184, 181, 179, 181, 183, 180, 178,9999, 179, 178, 178, 185, 189, 187, 185, 183, 180, 184
2010,14101010,101,CH4 ,10PPBC, 8,25, 185, 183, 180, 181, 181, 184, 185, 185, 183, 179, 179,9999, 178, 178, 178, 180, 179, 183, 179, 182, 183, 179, 181, 181
2010,14101010,101,CH4 ,10PPBC, 8,26, 182, 187, 192, 191, 190, 190, 190, 183, 179, 178, 178, 178, 179, 182, 181, 180, 184, 182, 184, 188, 186, 183, 184, 183
2010,14101010,101,CH4 ,10PPBC, 8,27, 186, 183, 183, 184, 187, 192, 196, 198, 196, 195, 192, 185, 181, 180, 178, 177, 178, 177, 178, 181, 185, 178, 181, 181
2010,14101010,101,CH4 ,10PPBC, 8,28,9999, 177, 174, 177, 178, 176, 174, 175, 177, 174, 173, 172, 174, 175, 173, 174, 176, 179, 177, 174, 177, 175, 176, 178
2010,14101010,101,CH4 ,10PPBC, 8,29, 183, 185, 177, 177, 178, 180, 180, 181, 179, 180, 176, 173, 173, 173, 174, 176, 176, 174, 175, 180, 176, 176, 176, 177
2010,14101010,101,CH4 ,10PPBC, 8,30, 184, 211, 189, 187, 192, 198, 200, 202, 201, 184, 188, 185, 184, 179, 179, 182, 176, 178, 173, 176, 175, 181, 180, 174
2010,14101010,101,CH4 ,10PPBC, 8,31,9999, 175, 175, 181, 188, 197, 197, 201, 201, 194, 187,9999,9999, 178, 176, 173, 175, 176, 177, 180, 182, 176, 181, 178
2010,14101010,101,CH4 ,10PPBC, 9, 1, 180, 180, 177, 180, 175, 175, 177, 177, 178, 174, 173, 174, 175, 174, 174, 175, 177, 183, 181, 185, 188, 188, 184, 184
2010,14101010,101,CH4 ,10PPBC, 9, 2, 184, 182, 188, 187, 183, 186, 183, 181, 182, 180, 180, 180, 180, 180, 181, 182, 186, 186, 182, 181, 182, 181, 181, 182
2010,14101010,101,CH4 ,10PPBC, 9, 3,9999, 183, 181, 181, 182, 184, 190, 184, 180, 181, 178, 180, 180, 179, 179, 177, 177, 178, 180, 183, 180, 179, 182, 181
2010,14101010,101,CH4 ,10PPBC, 9, 4, 181, 183, 183, 190, 187, 190, 197, 190, 184, 190, 186, 183, 182, 181, 181, 181, 179, 181, 183, 178, 183, 180, 180, 181
2010,14101010,101,CH4 ,10PPBC, 9, 5, 177, 179, 183, 182, 183, 183, 188, 185, 182, 177, 176, 176, 176, 176, 180, 183, 186, 188, 183, 180, 178, 177, 182, 179
2010,14101010,101,CH4 ,10PPBC, 9, 6,9999, 176, 175, 174, 176, 175, 176, 176, 179, 184, 184, 176, 174, 175, 174, 176, 174, 174, 175, 175, 181, 182, 179, 181
2010,14101010,101,CH4 ,10PPBC, 9, 7, 179, 177, 175, 174, 175, 173, 172, 172, 174, 173, 175, 175, 174, 173, 173, 173, 173, 173, 173, 174, 172, 173, 175, 177
2010,14101010,101,CH4 ,10PPBC, 9, 8, 177, 176, 181, 183, 184, 185, 188, 189, 197, 193, 188, 176, 176, 181,9999,9999, 194, 191, 186, 184, 184, 184, 183, 184
2010,14101010,101,CH4 ,10PPBC, 9, 9, 185, 185, 186, 187, 186, 187, 188, 187, 187, 189,9999,9999, 187, 186, 187, 185, 184, 186, 186, 187, 202, 202, 198, 191
2010,14101010,101,CH4 ,10PPBC, 9,10, 195, 194, 195, 209, 212, 202, 199, 196, 190, 191, 192, 188, 188, 188, 187, 186, 185, 186, 187, 184, 186, 186, 187, 186
2010,14101010,101,CH4 ,10PPBC, 9,11, 195, 189, 187, 187, 188, 188, 189, 191, 193, 183, 183, 188, 183, 181, 180, 181, 187, 191, 184, 186, 186, 186, 185, 188
2010,14101010,101,CH4 ,10PPBC, 9,12,9999, 202, 192, 196, 220, 193, 193, 198, 201, 192, 208, 199, 191, 187, 186, 185, 185, 183, 186, 186, 190, 191, 188, 186
2010,14101010,101,CH4 ,10PPBC, 9,13, 186, 187, 180, 179, 191, 191, 189, 190, 191, 191, 192, 191, 191, 188, 181, 180, 179, 179, 181, 182, 184, 194, 190, 198
2010,14101010,101,CH4 ,10PPBC, 9,14, 186, 192, 187, 189, 185, 184, 184, 184, 184, 184,9999,9999, 184, 183, 182, 183, 183, 185, 184, 187, 185, 184, 184, 187
2010,14101010,101,CH4 ,10PPBC, 9,15, 189, 201, 200, 190, 189, 188, 190, 190, 191, 192, 190, 190, 191, 192, 193, 192, 193, 190, 197, 192, 188, 191, 188, 191
2010,14101010,101,CH4 ,10PPBC, 9,16, 193, 195, 196, 193, 196, 194, 190, 190, 190, 190, 189, 188, 188, 187, 189, 189, 189, 189, 190, 189, 190, 190, 192, 194
2010,14101010,101,CH4 ,10PPBC, 9,17,9999, 196, 196, 195, 194, 205, 202, 197, 192, 202, 203, 196, 188, 184, 185, 189, 185, 187, 189, 188, 191, 196, 200, 226
2010,14101010,101,CH4 ,10PPBC, 9,18, 228, 199, 198, 192, 203, 206, 205, 201, 191, 191, 190, 190, 189, 189, 184, 184, 184, 184, 186, 186, 186, 185, 186, 186
2010,14101010,101,CH4 ,10PPBC, 9,19, 184, 193, 187, 188, 188, 188, 197, 198, 197, 195, 191, 185, 182, 182, 183, 182, 184, 183, 185, 185, 190, 191, 188, 186
2010,14101010,101,CH4 ,10PPBC, 9,20,9999, 188, 191, 194, 188, 189, 190, 202, 204, 197, 185, 185, 193, 183, 181, 181, 181, 185, 187, 186, 188, 188, 188, 189
2010,14101010,101,CH4 ,10PPBC, 9,21, 198, 200, 200, 198, 196, 196, 199, 199, 195, 200, 202, 199, 197, 195, 191, 188, 186, 184, 189, 191, 190, 190, 194, 195
2010,14101010,101,CH4 ,10PPBC, 9,22, 199, 198, 201, 201, 199, 198, 191, 192, 191, 190, 185, 184, 180,9999,9999, 181, 179, 177, 177, 179, 189, 191, 192, 190
2010,14101010,101,CH4 ,10PPBC, 9,23, 200, 227, 219, 200, 204, 197, 198, 194, 200, 212, 195, 195, 191, 191, 190, 190, 189, 190, 192, 191, 197, 197, 201, 196
2010,14101010,101,CH4 ,10PPBC, 9,24, 194, 191, 190, 191, 192, 191, 191, 195, 192, 192, 194, 190, 191, 191, 190, 191, 190, 190, 191, 192, 193, 193, 198, 201
2010,14101010,101,CH4 ,10PPBC, 9,25,9999, 187, 187, 186, 187, 187, 186, 187, 188, 188, 189, 191, 187, 186, 186, 187, 188, 191, 191, 192, 194, 201, 213, 223
2010,14101010,101,CH4 ,10PPBC, 9,26, 208, 214, 194, 196, 196, 198, 203, 200, 195, 192, 190, 192, 198, 192, 190, 189, 188, 188, 188, 188, 192, 228, 212, 188
2010,14101010,101,CH4 ,10PPBC, 9,27, 202, 216, 214, 217, 218, 192, 189, 188, 188, 188, 190, 189, 188, 187, 187, 186, 187, 186, 187, 188, 188, 190, 194, 191
2010,14101010,101,CH4 ,10PPBC, 9,28,9999, 196, 188, 186, 186, 186, 187, 190, 194, 196, 209, 200, 196, 191, 189, 190, 192, 214, 210, 207, 213, 230, 261, 218
2010,14101010,101,CH4 ,10PPBC, 9,29, 200, 222, 207, 195, 187, 187, 188, 188, 188, 188,9999, 193, 190, 189, 189, 187, 187, 188, 188, 189, 190, 191, 194, 231
2010,14101010,101,CH4 ,10PPBC, 9,30, 219, 206, 204, 196, 195, 194, 193, 193, 194, 196, 197, 200, 198, 201, 202, 200, 195, 194, 196, 209, 200, 200, 200, 194
2010,14101010,101,CH4 ,10PPBC, 9,31,9998,9998,9998,9998,9998,9998,9998,9998,9998,9998,9998,9998,9998,9998,9998,9998,9998,9998,9998,9998,9998,9998,9998,9998
2010,14101010,101,CH4 ,10PPBC,10, 1, 195, 192, 197, 196, 195, 193, 191, 192, 191, 193, 190, 191, 189, 189, 189, 188, 188, 189, 187, 187, 190, 197, 201, 200
2010,14101010,101,CH4 ,10PPBC,10, 2,9999, 211, 194, 193, 192, 190, 195, 191, 195, 187, 188, 191, 195, 187, 185, 186, 187, 187, 188, 188, 189, 190, 203, 238
2010,14101010,101,CH4 ,10PPBC,10, 3, 202, 196, 196, 199, 203, 204, 202, 198, 195, 191, 189, 188, 187, 188, 194, 190, 188, 187, 189, 190, 225, 211, 232, 214
2010,14101010,101,CH4 ,10PPBC,10, 4, 188, 233, 236, 211, 202, 226, 207, 196, 199, 199, 197, 197, 207, 225, 206, 197, 197, 203, 198, 198, 196, 198, 194, 194
2010,14101010,101,CH4 ,10PPBC,10, 5,9999, 197, 198, 193, 194, 196, 198, 205, 204, 191, 190, 190, 190, 189, 188, 188, 189, 193, 191, 190, 194, 188, 197, 213
2010,14101010,101,CH4 ,10PPBC,10, 6, 204, 205, 198, 194, 192, 191, 195, 198, 200, 201, 193, 191,9999,9999, 190, 188, 189, 189, 201, 193, 199, 197, 195, 193
2010,14101010,101,CH4 ,10PPBC,10, 7, 191, 192, 194, 196, 196, 198, 200, 201, 200, 203, 200, 192, 192, 190, 190, 195, 194, 203, 199, 195, 198, 196, 209, 202
2010,14101010,101,CH4 ,10PPBC,10, 8, 194, 193, 191, 191, 192, 191, 192, 191, 192, 192, 194, 193, 193, 190, 189, 189, 189, 190, 191, 190, 191, 191, 198, 221
2010,14101010,101,CH4 ,10PPBC,10, 9,9999, 190, 191, 191, 188, 187, 191, 190, 190, 192, 192, 193, 191, 189, 190, 190, 188, 188, 187, 187, 191, 195, 195, 194
2010,14101010,101,CH4 ,10PPBC,10,10, 197, 192, 190, 189, 187, 187, 187, 188, 191, 191, 192, 193, 190, 201, 216, 199, 194, 203, 222, 216, 216, 214, 235, 238
2010,14101010,101,CH4 ,10PPBC,10,11, 242, 272, 239, 202, 196, 190, 191, 189, 187, 191, 196, 195, 185, 187, 185, 185, 185, 190, 189, 185, 188, 192, 211, 214
2010,14101010,101,CH4 ,10PPBC,10,12,9999, 357, 282, 293, 308, 285, 219, 208, 184, 186, 187, 190, 207, 187, 196, 193, 187, 189, 194, 199, 207, 207, 222, 247
2010,14101010,101,CH4 ,10PPBC,10,13, 263, 270, 220, 207, 204, 203, 205, 205, 204, 201, 197, 199, 200,9999, 186, 186, 186, 188, 188, 189, 195, 193, 196, 195
2010,14101010,101,CH4 ,10PPBC,10,14, 194, 194, 212, 248, 203, 192, 191, 192, 191, 194, 204, 192, 190, 198, 189, 189, 187, 189, 189, 196, 210, 203, 191, 190
2010,14101010,101,CH4 ,10PPBC,10,15, 195, 195, 195, 198, 192, 194, 196, 193, 194, 199, 200, 195, 189, 188, 189, 187, 186, 186, 193, 190, 190, 200, 200, 212
2010,14101010,101,CH4 ,10PPBC,10,16,9999, 204, 194, 195, 191, 196, 195, 200, 191, 191, 194, 197, 197, 188, 188, 188, 189, 188, 189, 190, 191, 196, 198, 207
2010,14101010,101,CH4 ,10PPBC,10,17, 216, 211, 200, 194, 195, 196, 195, 195, 194, 195, 193, 191, 191, 192, 190, 192, 200, 199, 197, 202, 203, 209, 243, 196
2010,14101010,101,CH4 ,10PPBC,10,18, 198, 196, 195, 196, 199, 205, 201, 198, 197, 197, 196, 190, 192, 188, 188, 188, 189, 188, 190, 190, 192, 204, 196, 191
2010,14101010,101,CH4 ,10PPBC,10,19,9999, 188, 188, 188, 190, 191, 194, 199, 201, 194, 190, 189, 188, 188, 188, 189, 190, 188, 190, 200, 201, 202, 196, 194
2010,14101010,101,CH4 ,10PPBC,10,20, 191, 189, 190, 191, 191, 191, 194, 195, 194, 195,9999,9999, 194, 195, 196, 197, 197, 196, 200, 200, 208, 206, 205, 200
2010,14101010,101,CH4 ,10PPBC,10,21, 196, 195, 196, 194, 195, 198, 203, 204, 205, 206, 200, 200, 199, 195, 190, 191, 192, 191, 194, 198, 200, 204, 207, 195
2010,14101010,101,CH4 ,10PPBC,10,22, 196, 189, 188, 188, 187, 188, 190, 194, 190, 190, 190, 189, 189, 193, 191, 194, 193, 192, 196, 191, 191, 190, 193, 196
2010,14101010,101,CH4 ,10PPBC,10,23,9999, 189, 189, 189, 189, 190, 193, 193, 193, 189, 189, 188, 188, 189, 190, 188, 190, 188, 188, 191, 192, 208, 268, 244
2010,14101010,101,CH4 ,10PPBC,10,24, 209, 201, 198, 197, 199, 198, 196, 197, 196, 198, 197, 198, 200, 199, 197, 197, 203, 201, 200, 196, 192, 194, 199, 206
2010,14101010,101,CH4 ,10PPBC,10,25, 206, 196, 194, 192, 190, 189, 188, 189, 191, 190, 195, 195, 192, 192, 225, 223, 233, 229, 204, 204, 204, 202, 220, 245
2010,14101010,101,CH4 ,10PPBC,10,26,9999, 202, 198, 196, 240, 212, 198, 209, 189, 191, 191, 214, 206, 189, 189, 191, 191, 194, 193, 196, 193, 192, 194, 196
2010,14101010,101,CH4 ,10PPBC,10,27, 196, 194, 191, 190, 190, 190, 190, 191, 192, 193, 192, 192, 192, 194, 193, 193, 192, 191, 192, 192, 192, 192, 198, 201
2010,14101010,101,CH4 ,10PPBC,10,28, 200, 197, 194, 193, 191, 193, 193, 192, 192, 192,9999,9999,9999,9999,9999,9999, 189, 189, 189, 190, 190, 190, 190, 190
2010,14101010,101,CH4 ,10PPBC,10,29, 191, 206, 201, 195, 190, 189, 193, 193, 190, 190, 194, 199, 191, 188, 189, 188, 193, 195, 194, 191, 196, 193, 194, 193
2010,14101010,101,CH4 ,10PPBC,10,30, 195, 192, 194, 193, 192, 191, 191, 191, 192, 193, 192, 192, 191, 191, 190, 189, 188, 190, 189, 189, 189, 189, 188, 187
2010,14101010,101,CH4 ,10PPBC,10,31,9999, 188, 187, 189, 193, 187, 187, 188, 190, 189, 189, 189, 188, 187, 187, 188, 189, 189, 190, 191, 188, 189, 192, 192
2010,14101010,101,CH4 ,10PPBC,11, 1, 220, 205, 192, 187, 184, 184, 184, 185, 186, 187, 186, 185, 185, 185, 184, 184, 187, 183, 183, 185, 195, 212, 210, 206
2010,14101010,101,CH4 ,10PPBC,11, 2, 207, 217, 208, 205, 199, 191, 191, 192, 192, 189, 187, 187, 186,9999,9999, 186, 188, 187, 190, 191, 192, 199, 194, 194
2010,14101010,101,CH4 ,10PPBC,11, 3, 191, 190, 190, 191, 192, 192, 194, 200, 195, 193, 192, 191, 193, 193, 194, 193, 192, 192, 193, 195, 204, 200, 198, 195
2010,14101010,101,CH4 ,10PPBC,11, 4, 193, 193, 192, 192, 193, 193, 194, 193, 198, 201, 203, 203, 202, 223, 204, 215, 211, 247, 252, 248, 332, 291, 217, 205
2010,14101010,101,CH4 ,10PPBC,11, 5,9999, 198, 196, 198, 200, 197, 200, 200, 199, 195, 191, 193, 198, 189, 189, 188, 189, 196, 219, 235, 240, 232, 244, 209
2010,14101010,101,CH4 ,10PPBC,11, 6, 202, 202, 199, 198, 197, 198, 202, 204, 201, 197, 199, 196, 201, 192, 190, 190, 190, 193, 197, 206, 201, 239, 222, 214
2010,14101010,101,CH4 ,10PPBC,11, 7, 200, 199, 197, 195, 194, 193, 193, 194, 197, 197, 197, 196, 195, 198, 194, 191, 194, 200, 213, 218, 256, 254, 213, 213
2010,14101010,101,CH4 ,10PPBC,11, 8,9999, 204, 200, 196, 194, 195, 197, 198, 198, 198, 200, 201, 197, 200, 198, 198, 196, 201, 203, 194, 194, 203, 204, 204
2010,14101010,101,CH4 ,10PPBC,11, 9, 213, 207, 207, 208, 209, 216, 198, 196, 194, 186, 185, 184, 184, 184, 186, 188, 187, 194, 191, 190, 192, 193, 193, 198
2010,14101010,101,CH4 ,10PPBC,11,10, 202, 195, 196, 202, 210, 221, 233, 217, 217, 215, 205, 197,9999,9999, 191, 190, 189, 191, 193, 192, 194, 195, 197, 197
2010,14101010,101,CH4 ,10PPBC,11,11, 197, 198, 198, 198, 196, 196, 197, 197, 198, 199, 194, 192, 193, 195, 195, 195, 194, 194, 198, 199, 200, 204, 222, 225
2010,14101010,101,CH4 ,10PPBC,11,12, 214, 206, 207, 206, 205, 203, 204, 212, 213, 207, 205, 204, 192, 190, 191, 196, 196, 193, 192, 194, 198, 208, 211, 216
2010,14101010,101,CH4 ,10PPBC,11,13,9999, 204, 203, 200, 201, 200, 198, 195, 196, 198, 198, 195, 195, 201, 195, 192, 193, 194, 196, 206, 200, 206, 209, 207
2010,14101010,101,CH4 ,10PPBC,11,14, 204, 203, 199, 199, 198, 199, 195, 200, 197, 196, 204, 202, 206, 203, 195, 191, 196, 211, 227, 238, 234, 217, 214, 214
2010,14101010,101,CH4 ,10PPBC,11,15, 221, 223, 210, 206, 206, 205, 201, 198, 193, 193, 193, 192, 193, 194, 208, 188, 190, 190, 191, 193, 193, 199, 192, 192
2010,14101010,101,CH4 ,10PPBC,11,16,9999, 194, 192, 191, 209, 236, 202, 198, 195, 192, 191, 194, 194, 194, 191, 190, 190, 191, 189, 192, 201, 210, 195, 193
2010,14101010,101,CH4 ,10PPBC,11,17, 200, 201, 195, 195, 196, 195, 193, 193, 196, 193, 191, 190,9999,9999, 189, 188, 188, 190, 191, 193, 194, 194, 192, 192
2010,14101010,101,CH4 ,10PPBC,11,18, 192, 193, 195, 194, 192, 191, 192, 195, 198, 193, 191, 190, 191, 189, 188, 187, 188, 190, 192, 195, 195, 195, 192, 194
2010,14101010,101,CH4 ,10PPBC,11,19, 195, 194, 193, 192, 193, 192, 192, 193, 195, 194, 191, 191, 190, 192, 201, 196, 188, 190, 192, 195, 244, 254, 214, 207
2010,14101010,101,CH4 ,10PPBC,11,20,9999, 202, 197, 194, 193, 193, 193, 195, 194, 194, 192, 192, 192, 192, 205, 210, 212, 222, 230, 255, 227, 221, 210, 205
2010,14101010,101,CH4 ,10PPBC,11,21, 200, 199, 194, 194, 194, 194, 194, 195, 195, 193, 193, 191, 193, 191, 191, 192, 193, 197, 207, 213, 215, 233, 204, 211
2010,14101010,101,CH4 ,10PPBC,11,22, 201, 198, 195, 196, 197, 196, 197, 201, 202, 204, 201, 197, 195, 192, 193, 194, 192, 191, 190, 194, 194, 198, 200, 200
2010,14101010,101,CH4 ,10PPBC,11,23,9999, 190, 189, 188, 186, 185, 185, 184, 185, 186, 187, 189, 188, 189, 189, 191, 196, 200, 195, 191, 196, 197, 196, 197
2010,14101010,101,CH4 ,10PPBC,11,24, 196, 190, 189, 189, 191, 191, 193, 193, 193, 193, 191, 192, 195, 195, 193, 191, 191, 192, 192, 193, 208, 263, 250, 251
2010,14101010,101,CH4 ,10PPBC,11,25, 220, 217, 212, 204, 202, 201, 201, 202, 203, 199, 199, 201, 201,9999,9999, 219, 213, 203, 199, 201, 201, 197, 198, 198
2010,14101010,101,CH4 ,10PPBC,11,26, 201, 201, 200, 194, 193, 194, 197, 200, 201, 202, 200, 195, 193, 194, 228, 206, 194, 198, 210, 215, 200, 194, 192, 191
2010,14101010,101,CH4 ,10PPBC,11,27, 192, 199, 195, 190, 189, 188, 191, 192, 192, 191, 189, 190, 193, 195, 188, 188, 188, 188, 188, 190, 194, 201, 225, 224
2010,14101010,101,CH4 ,10PPBC,11,28,9999, 211, 209, 210, 212, 202, 202, 199, 202, 199, 189, 188, 188, 187, 186, 187, 188, 189, 195, 190, 190, 194, 192, 196
2010,14101010,101,CH4 ,10PPBC,11,29, 194, 195, 196, 194, 193, 194, 196, 204, 199, 199, 193, 193, 197, 189, 191, 189, 191, 193, 194, 194, 201, 202, 196, 197
2010,14101010,101,CH4 ,10PPBC,11,30, 197, 196, 195, 194, 195, 194, 194, 196, 193, 196, 199, 204, 198,9999, 190, 192, 195, 195, 194, 191, 194, 197, 199, 200
2010,14101010,101,CH4 ,10PPBC,11,31,9998,9998,9998,9998,9998,9998,9998,9998,9998,9998,9998,9998,9998,9998,9998,9998,9998,9998,9998,9998,9998,9998,9998,9998
2010,14101010,101,CH4 ,10PPBC,12, 1, 198, 200, 197, 199, 203, 204, 208, 208, 211, 227, 214, 197, 194, 214, 194, 193, 197, 193, 192, 202, 216, 228, 219, 207
2010,14101010,101,CH4 ,10PPBC,12, 2, 204, 204, 202, 200, 196, 196, 197, 199, 200, 202, 197, 196, 198, 200, 198, 197, 201, 204, 213, 219, 218, 220, 214, 206
2010,14101010,101,CH4 ,10PPBC,12, 3,9999, 204, 199, 199, 196, 195, 185, 182, 187, 184, 182, 182, 183, 185, 185, 183, 183, 183, 184, 186, 196, 194, 198, 193
2010,14101010,101,CH4 ,10PPBC,12, 4, 192, 187, 189, 197, 196, 192, 200, 194, 196, 191, 190, 191, 190, 190, 191, 195, 194, 192, 193, 194, 203, 198, 197, 194
2010,14101010,101,CH4 ,10PPBC,12, 5, 193, 196, 199, 202, 200, 202, 197, 197, 202, 198, 220, 218, 210, 205, 196, 195, 197, 201, 212, 230, 259, 308, 219, 207
2010,14101010,101,CH4 ,10PPBC,12, 6,9999, 201, 199, 197, 196, 195, 197, 197, 196, 195, 196, 207, 215, 198, 196, 196, 201, 196, 192, 203, 208, 214, 216, 210
2010,14101010,101,CH4 ,10PPBC,12, 7, 207, 206, 203, 203, 205, 207, 214, 210, 207, 204, 198, 195, 191, 190, 191, 191, 191, 189, 190, 193, 193, 191, 189, 190
2010,14101010,101,CH4 ,10PPBC,12, 8, 189, 188, 188, 188, 187, 187, 187, 189, 191, 190, 188, 187, 187, 186, 186, 188, 188, 189, 191, 190, 192, 192, 199, 197
2010,14101010,101,CH4 ,10PPBC,12, 9,9999, 198, 196, 195, 193, 193, 193, 194, 195, 195, 191, 192, 194,9999, 197, 192, 195, 200, 198, 196, 199, 202, 202, 199
2010,14101010,101,CH4 ,10PPBC,12,10, 200, 195, 193, 194, 196, 200, 196, 199, 201, 200, 195, 200, 196, 194, 194, 192, 194, 194, 194, 195, 196, 193, 194, 205
2010,14101010,101,CH4 ,10PPBC,12,11, 215, 221, 219, 209, 203, 202, 202, 207, 203, 194, 191, 189, 188, 187, 189, 189, 188, 188, 190, 188, 189, 189, 190, 197
2010,14101010,101,CH4 ,10PPBC,12,12,9999, 201, 200, 196, 194, 192, 191, 190, 190, 191, 191, 191, 192, 191, 195, 196, 201, 214, 194, 191, 194, 200, 193, 192
2010,14101010,101,CH4 ,10PPBC,12,13, 194, 195, 194, 193, 192, 192, 193, 194, 194, 195, 195, 194, 194, 192, 193, 193, 193, 195, 194, 194, 196, 196, 195, 196
2010,14101010,101,CH4 ,10PPBC,12,14, 198, 200, 196, 190, 190, 190, 190, 193, 198, 200, 199, 193, 191, 191, 205, 189, 189, 188, 188, 189, 195, 198, 188, 196
2010,14101010,101,CH4 ,10PPBC,12,15,9999, 209, 203, 201, 193, 209, 211, 201, 196, 193,9999, 193, 195, 196, 193, 202, 194, 192, 191, 196, 195, 197, 194, 208
2010,14101010,101,CH4 ,10PPBC,12,16, 207, 202, 208, 198, 196, 196, 198, 197, 196, 212, 211, 211, 202, 228, 201, 209, 194, 196, 198, 199, 198, 199, 200, 200
2010,14101010,101,CH4 ,10PPBC,12,17, 198, 199, 200, 200, 198, 196, 199, 201, 200, 196, 193, 192, 192, 193, 194, 193, 192, 195, 198, 225, 237, 255, 239, 213
2010,14101010,101,CH4 ,10PPBC,12,18,9999, 207, 204, 200, 200, 200, 204, 208, 210, 203, 197, 195, 194, 209, 206, 193, 192, 191, 193, 193, 197, 195, 194, 194
2010,14101010,101,CH4 ,10PPBC,12,19, 194, 194, 194, 192, 193, 195, 197, 196, 199, 200, 199, 199, 195, 200, 203, 195, 195, 209, 205, 207, 207, 206, 204, 201
2010,14101010,101,CH4 ,10PPBC,12,20, 200, 197, 195, 196, 196, 197, 200, 210, 212, 206, 199, 193, 187, 188, 203, 213, 219, 239, 229, 205, 211, 207, 222, 215
2010,14101010,101,CH4 ,10PPBC,12,21,9999, 328, 250, 207, 206, 205, 205, 203, 204, 204, 203, 200, 198, 198, 198, 198, 196, 198, 199, 197, 196, 193, 192, 193
2010,14101010,101,CH4 ,10PPBC,12,22, 193, 193, 203, 264, 228, 189, 187, 188, 189, 189, 196, 189, 190, 185,9999,9999, 237, 210, 206, 192, 193, 195, 196, 199
2010,14101010,101,CH4 ,10PPBC,12,23, 207, 196, 193, 192, 190, 193, 192, 192, 192, 191, 190, 190, 189, 191, 191, 193, 192, 192, 194, 197, 199, 203, 205, 207
2010,14101010,101,CH4 ,10PPBC,12,24, 205, 211, 217, 220, 217, 195, 201, 200, 204, 196, 194, 192, 192, 193, 192, 192, 193, 194, 196, 197, 197, 197, 199, 196
2010,14101010,101,CH4 ,10PPBC,12,25,9999, 195, 195, 196, 199, 193, 193, 190, 189, 189, 189, 188, 188, 187, 187, 187, 188, 188, 188, 188, 189, 189, 189, 189
2010,14101010,101,CH4 ,10PPBC,12,26, 188, 188, 188, 188, 195, 192, 195, 189, 188, 188, 188, 187, 188, 187, 186, 185, 189, 191, 187, 191, 189, 191, 193, 192
2010,14101010,101,CH4 ,10PPBC,12,27, 192, 193, 193, 195, 191, 193, 191, 191, 193, 192, 189, 189, 189, 188, 188, 189, 190, 190, 194, 200, 207, 208, 206, 206
2010,14101010,101,CH4 ,10PPBC,12,28,9999, 210, 212, 208, 208, 201, 200, 199, 209, 210, 198, 199, 193, 189, 190, 189, 187, 186, 187, 191, 190, 190, 193, 197
2010,14101010,101,CH4 ,10PPBC,12,29, 196, 203, 200, 194, 196, 197, 197, 196, 197, 195, 192, 192, 188, 188, 190, 193, 192, 195, 191, 191, 192, 192, 193, 195
2010,14101010,101,CH4 ,10PPBC,12,30, 196, 198, 200, 197, 194, 197, 201, 206, 193, 191, 193, 194, 193, 192, 199, 201, 196, 196, 193, 193, 194, 196, 197, 200
2010,14101010,101,CH4 ,10PPBC,12,31,9999, 213, 201, 199, 198, 198, 197, 199, 198, 197, 193, 190, 190, 189, 188, 189, 192, 195, 192, 196, 198, 199, 201, 205
2010,14101010,101,CH4 ,10PPBC, 1, 1, 208, 202, 209, 211, 208, 209, 216, 218, 207, 201, 201, 196, 195, 192, 193, 191, 193, 194, 193, 199, 201, 203, 204, 197
2010,14101010,101,CH4 ,10PPBC, 1, 2, 200, 201, 217, 204, 196, 196, 200, 202, 204, 202, 195, 192, 191, 191, 191, 195, 190, 194, 196, 195, 195, 197, 196, 196
2010,14101010,101,CH4 ,10PPBC, 1, 3,9999, 192, 190, 190, 190, 190, 191, 192, 193, 192, 192, 191, 190, 191, 193, 215, 204, 206, 195, 198, 204, 225, 223, 212
2010,14101010,101,CH4 ,10PPBC, 1, 4, 199, 192, 190, 189, 189, 188, 190, 191, 193, 191, 189, 189, 188, 188, 187, 188, 188, 191, 190, 191, 192, 192, 192, 193
2010,14101010,101,CH4 ,10PPBC, 1, 5, 195, 196, 196, 194, 190, 191, 192, 194, 197, 196, 193, 191,9999,9999,9999, 188, 189, 188, 189, 191, 193, 194, 197, 203
2010,14101010,101,CH4 ,10PPBC, 1, 6, 194, 190, 189, 189, 189, 190, 190, 191, 192, 191, 191, 191, 191, 191, 192, 191, 191, 192, 192, 193, 194, 194, 193, 194
2010,14101010,101,CH4 ,10PPBC, 1, 7, 195, 192, 191, 191, 191, 192, 193, 193, 194, 193, 193, 192, 192, 191, 190, 191, 191, 192, 193, 195, 195, 195, 194, 196
2010,14101010,101,CH4 ,10PPBC, 1, 8,9999, 192, 192, 191, 191, 190, 194, 196, 198, 196, 197, 196, 193, 191, 188, 189, 188, 188, 190, 194, 190, 192, 205, 206
2010,14101010,101,CH4 ,10PPBC, 1, 9, 204, 207, 208, 208, 207, 199, 199, 203, 200, 188, 187, 185, 185, 186, 190, 206, 227, 273, 209, 190, 190, 190, 191, 192
2010,14101010,101,CH4 ,10PPBC, 1,10, 189, 191, 190, 190, 190, 190, 190, 191, 191, 190, 190, 190, 189, 190, 190, 191, 190, 191, 192, 194, 200, 194, 193, 193
2010,14101010,101,CH4 ,10PPBC, 1,11,9999, 192, 192, 192, 191, 191, 192, 194, 194, 196, 192, 194, 195, 195, 192, 196, 196, 194, 200, 198, 193, 193, 193, 193
2010,14101010,101,CH4 ,10PPBC, 1,12, 203, 198, 197, 198, 199, 197, 196, 197, 199, 197, 198, 198, 204,9999,9999, 207, 204, 214, 203, 191, 191, 191, 193, 193
2010,14101010,101,CH4 ,10PPBC, 1,13, 194, 194, 194, 193, 193, 193, 194, 194, 195, 195, 194, 193, 193, 193, 193, 194, 194, 196, 197, 198, 198, 198, 197, 197
2010,14101010,101,CH4 ,10PPBC, 1,14, 197, 196, 196, 196, 198, 201, 206, 208, 214, 209, 201, 210, 218, 201, 197, 196, 196, 197, 218, 267, 258, 245, 226, 215
2010,14101010,101,CH4 ,10PPBC, 1,15,9999, 203, 199, 199, 200, 201, 203, 208, 207, 215, 206, 199, 199, 242, 283, 218, 239, 205, 242, 235, 205, 203, 200, 198
2010,14101010,101,CH4 ,10PPBC, 1,16, 193, 194, 195, 195, 195, 190, 190, 190, 190, 190, 190, 189, 188, 187, 188, 188, 189, 191, 192, 192, 200, 197, 202, 191
2010,14101010,101,CH4 ,10PPBC, 1,17, 190, 190, 191, 193, 197, 203, 213, 198, 208, 205, 196, 189, 189, 189, 189, 189, 189, 189, 190, 192, 194, 197, 198, 200
2010,14101010,101,CH4 ,10PPBC, 1,18,9999, 209, 206, 205, 210, 210, 221, 216, 211, 201, 198, 192, 190,9999,9999, 188, 189, 192, 197, 209, 253, 229, 204, 196
2010,14101010,101,CH4 ,10PPBC, 1,19, 192, 193, 193, 195, 196, 198, 207, 215, 212, 207, 199, 194, 200,9999,9999,9999, 188, 196, 212, 205, 196, 200, 208, 212
2010,14101010,101,CH4 ,10PPBC, 1,20, 207, 203, 196, 196, 195, 193, 195, 197, 195, 196, 192, 191, 191, 191, 190, 189, 191, 189, 190, 190, 190, 191, 192, 194
2010,14101010,101,CH4 ,10PPBC, 1,21, 191, 188, 188, 188, 188, 187, 188, 189, 190, 190, 188, 188, 188, 188, 189, 192, 191, 192, 193, 196, 199, 198, 196, 194
2010,14101010,101,CH4 ,10PPBC, 1,22,9999, 189, 188, 187, 187, 188, 189, 192, 196, 196, 192, 192, 192, 189, 185, 186, 187, 189, 204, 204, 202, 196, 199, 198
2010,14101010,101,CH4 ,10PPBC, 1,23, 208, 209, 206, 207, 202, 200, 200, 199, 201, 199, 198, 196, 194, 191, 192, 194, 192, 191, 194, 194, 192, 193, 194, 198
2010,14101010,101,CH4 ,10PPBC, 1,24, 199, 196, 197, 195, 193, 195, 195, 194, 195, 196, 194, 193, 193, 195, 201, 201, 197, 200, 197, 197, 192, 194, 193, 195
2010,14101010,101,CH4 ,10PPBC, 1,25,9999, 194, 195, 194, 193, 194, 193, 195, 195, 194, 192, 192, 191, 190, 192, 193, 192, 193, 192, 196, 193, 196, 195, 195
2010,14101010,101,CH4 ,10PPBC, 1,26, 194, 193, 194, 198, 202, 207, 209, 211, 209, 202,9999, 202, 195, 192, 190, 189, 192, 190, 191, 194, 193, 193, 193, 193
2010,14101010,101,CH4 ,10PPBC, 1,27, 193, 193, 195, 197, 201, 207, 217, 227, 222, 205, 195, 193, 192, 192, 191, 190, 192, 191, 192, 192, 191, 193, 193, 192
2010,14101010,101,CH4 ,10PPBC, 1,28, 192, 191, 192, 191, 194, 196, 198, 198, 196, 194, 192, 190, 190, 191, 190, 191, 193, 191, 191, 191, 191, 191, 191, 191
2010,14101010,101,CH4 ,10PPBC, 1,29,9999, 189, 188, 188, 189, 189, 189, 190, 192, 199, 203, 190, 189, 188, 189, 188, 190, 189, 193, 191, 197, 206, 202, 199
2010,14101010,101,CH4 ,10PPBC, 1,30, 198, 197, 199, 200, 195, 194, 190, 189, 190, 189, 189, 189, 187, 187, 186, 186, 191, 191, 192, 193, 193, 193, 194, 194
2010,14101010,101,CH4 ,10PPBC, 1,31, 192, 192, 190, 191, 193, 196, 197, 199, 196, 195, 189, 188, 188, 188, 187, 188, 187, 188, 189, 191, 197, 218, 202, 199
2010,14101010,101,CH4 ,10PPBC, 2, 1,9999, 201, 209, 210, 205, 207, 201, 207, 210, 198, 193, 196, 190, 188,9999, 189, 188, 193, 191, 193, 192, 192, 193, 192
2010,14101010,101,CH4 ,10PPBC, 2, 2, 193, 192, 192, 191, 195, 191, 194, 194, 197, 199, 199, 202, 202, 194, 193, 192, 190, 192, 193, 196, 194, 210, 207, 207
2010,14101010,101,CH4 ,10PPBC, 2, 3, 208, 211, 203, 200, 200, 201, 204, 205, 211, 209, 206, 200, 202, 198, 193, 196, 196, 198, 194, 190, 190, 195, 200, 198
2010,14101010,101,CH4 ,10PPBC, 2, 4,9999, 195, 194, 203, 201, 199, 200, 204, 207, 204, 201, 209, 204, 197, 192, 191, 197, 201, 208, 230, 230, 192, 192, 193
2010,14101010,101,CH4 ,10PPBC, 2, 5, 216, 222, 208, 208, 205, 200, 197, 198, 200, 199, 197, 194, 198, 195, 192, 197, 206, 210, 211, 217, 226, 231, 226, 210
2010,14101010,101,CH4 ,10PPBC, 2, 6, 200, 212, 204, 202, 208, 206, 204, 205, 207, 203, 204, 210, 203, 207, 212, 214, 208, 204, 211, 206, 204, 205, 202, 199
2010,14101010,101,CH4 ,10PPBC, 2, 7,9999, 207, 204, 205, 205, 209, 205, 200, 198, 193, 191, 191, 192, 192, 192, 192, 191, 192, 192, 192, 193, 192, 193, 192
2010,14101010,101,CH4 ,10PPBC, 2, 8, 192, 192, 191, 190, 190, 191, 207, 201, 193, 194, 194, 198, 199, 195, 198, 190, 189, 190, 191, 191, 201, 195, 192, 191
2010,14101010,101,CH4 ,10PPBC, 2, 9, 191, 190, 192, 192, 189, 189, 190, 191, 192, 193,9999,9999, 192, 193, 197, 204, 194, 194, 194, 205, 210, 216, 201, 194
2010,14101010,101,CH4 ,10PPBC, 2,10, 193, 192, 192, 191, 191, 191, 192, 193, 194, 194, 193, 194, 193, 193, 200, 199, 199, 197, 202, 205, 195, 194, 196, 196
2010,14101010,101,CH4 ,10PPBC, 2,11, 194, 194, 194, 194, 195, 195, 195, 194, 196, 198, 198, 198, 197, 197, 197, 198, 196, 196, 197, 197, 196, 195, 193, 193
2010,14101010,101,CH4 ,10PPBC, 2,12,9999, 190, 189, 189, 188, 189, 189, 190, 191, 191, 191, 191, 191, 191, 191, 190, 191, 191, 193, 193, 196, 202, 204, 203
2010,14101010,101,CH4 ,10PPBC, 2,13, 203, 198, 196, 198, 199, 196, 192, 196, 198, 196, 192, 192, 191, 192, 191, 191, 193, 194, 201, 202, 198, 199, 201, 200
2010,14101010,101,CH4 ,10PPBC, 2,14, 196, 196, 195, 197, 196, 195, 194, 195, 199, 200,9999, 193, 197, 192, 193, 192, 187, 192, 194, 200, 197, 194, 192, 191
2010,14101010,101,CH4 ,10PPBC, 2,15,9999, 193, 193, 192, 192, 192, 194, 198, 201, 199, 195, 193, 193, 191, 192, 192, 193, 198, 199, 200, 208, 203, 195, 192
2010,14101010,101,CH4 ,10PPBC, 2,16, 197, 196, 196, 196, 197, 198, 200, 202, 201, 200, 194, 213,9999,9999, 188, 193, 190, 192, 191, 199, 197, 201, 205, 203
2010,14101010,101,CH4 ,10PPBC, 2,17, 203, 205, 205, 207, 207, 210, 209, 210, 205, 209, 212, 206, 200, 201, 194, 194, 190, 189, 186, 193, 191, 193, 205, 200
2010,14101010,101,CH4 ,10PPBC, 2,18, 184, 182, 184, 186, 183, 182, 183, 191, 187, 189, 188, 185, 185, 186, 186, 186, 187, 188, 188, 189, 188, 188, 188, 189
2010,14101010,101,CH4 ,10PPBC, 2,19,9999, 189, 189, 189, 188, 188, 188, 188, 190, 190, 192, 193, 193, 191, 195, 191, 189, 189, 190, 192, 195, 198, 210, 197
2010,14101010,101,CH4 ,10PPBC, 2,20, 197, 197, 197, 194, 192, 191, 191, 191, 193, 195, 195, 194, 195, 196, 195, 194, 193, 198, 196, 194, 191, 192, 191, 190
2010,14101010,101,CH4 ,10PPBC, 2,21, 190, 189, 189, 189, 188, 189, 190, 191, 191, 191, 191, 190, 190, 193, 189, 189, 189, 189, 191, 191, 196, 194, 192, 191
2010,14101010,101,CH4 ,10PPBC, 2,22,9999, 189, 190, 190, 191, 191, 194, 201, 199, 189, 190, 192, 191, 191, 193, 193, 190, 191, 191, 191, 192, 191, 191, 196
2010,14101010,101,CH4 ,10PPBC, 2,23, 196, 192, 193, 192, 192, 194, 196, 196, 198, 195, 194, 195, 199, 194,9999,9999, 193, 193, 194, 199, 199, 195, 196, 209
2010,14101010,101,CH4 ,10PPBC, 2,24, 265, 214, 209, 198, 197, 197, 200, 203, 210, 211,9999,9999, 205, 196, 197, 189, 190, 191, 188, 189, 194, 191, 191, 189
2010,14101010,101,CH4 ,10PPBC, 2,25, 189, 185, 186, 188, 186, 187, 185, 187, 186, 187, 185, 185, 185, 185, 186, 185, 185, 186, 186, 192, 192, 193, 193, 192
2010,14101010,101,CH4 ,10PPBC, 2,26, 192, 192, 191, 191, 191, 192, 192, 193, 194, 195, 197, 195, 195, 195, 195, 196, 194, 196, 197, 195, 197, 199, 197, 197
2010,14101010,101,CH4 ,10PPBC, 2,27,9999, 194, 205, 205, 199, 197, 197, 198, 199, 202, 201, 186, 185, 185, 185, 185, 185, 187, 188, 189, 196, 197, 197, 204
2010,14101010,101,CH4 ,10PPBC, 2,28, 204, 199, 200, 192, 191, 190, 191, 190, 192,9999,9999,9999, 192, 193, 193, 193, 193, 193, 196, 198, 198, 196, 196, 195
2010,14101010,101,CH4 ,10PPBC, 2,29,9998,9998,9998,9998,9998,9998,9998,9998,9998,9998,9998,9998,9998,9998,9998,9998,9998,9998,9998,9998,9998,9998,9998,9998
2010,14101010,101,CH4 ,10PPBC, 2,30,9998,9998,9998,9998,9998,9998,9998,9998,9998,9998,9998,9998,9998,9998,9998,9998,9998,9998,9998,9998,9998,9998,9998,9998
2010,14101010,101,CH4 ,10PPBC, 2,31,9998,9998,9998,9998,9998,9998,9998,9998,9998,9998,9998,9998,9998,9998,9998,9998,9998,9998,9998,9998,9998,9998,9998,9998
2010,14101010,101,CH4 ,10PPBC, 3, 1, 193, 193, 194, 194, 194, 195, 195, 195, 197, 197, 198,9999,9999, 211, 204, 195, 213, 201, 196, 195, 196, 199, 197, 197
2010,14101010,101,CH4 ,10PPBC, 3, 2, 197, 197, 193, 194, 208, 192, 193, 193, 193, 191, 191, 189, 189, 189, 190, 192, 188, 188, 188, 190, 193, 193, 193, 194
2010,14101010,101,CH4 ,10PPBC, 3, 3, 192, 191, 190, 190, 190, 190, 191, 191, 190, 190, 190, 190, 189, 189, 189, 189, 190, 189, 190, 191, 191, 191, 192, 192
2010,14101010,101,CH4 ,10PPBC, 3, 4,9999, 192, 191, 191, 192, 193, 193, 194, 193, 191, 189, 189, 190, 190, 190, 190, 190, 191, 193, 194, 195, 195, 197, 199
2010,14101010,101,CH4 ,10PPBC, 3, 5, 200, 201, 196, 197, 200, 198, 196, 194, 194, 193, 193, 192, 192, 191, 190, 189, 191, 193, 191, 192, 191, 192, 195, 195
2010,14101010,101,CH4 ,10PPBC, 3, 6, 196, 196, 197, 197, 197, 196, 198, 201, 202, 201, 202, 209, 210, 224, 197, 190, 187, 188, 205, 210, 211, 204, 205, 211
2010,14101010,101,CH4 ,10PPBC, 3, 7,9999, 196, 192, 191, 191, 195, 196, 191, 190, 193, 196, 196, 193, 192, 192, 191, 191, 193, 196, 197, 198, 199, 201, 193
2010,14101010,101,CH4 ,10PPBC, 3, 8, 194, 195, 192, 195, 196, 198, 200, 203, 209, 200, 199, 197, 197,9999,9999, 194, 192, 191, 191, 191, 192, 197, 205, 204
2010,14101010,101,CH4 ,10PPBC, 3, 9, 199, 197, 198, 196, 196, 197, 197, 196, 200, 195, 192, 191, 190, 189, 188, 191, 188, 189, 189, 190, 193, 192, 190, 191
2010,14101010,101,CH4 ,10PPBC, 3,10, 192, 191, 192, 191, 191, 192, 193, 194, 193, 192, 192, 191, 192, 194, 192, 192, 190, 192, 193, 193, 192, 193, 194, 194
2010,14101010,101,CH4 ,10PPBC, 3,11,9999, 199, 196, 194, 194, 194, 194, 194, 193, 192, 191, 188, 188, 186,9999,9999,9999,9999,9999,9999,9999,9999, 194, 194
2010,14101010,101,CH4 ,10PPBC, 3,12, 195, 197, 199, 202, 204, 207, 204, 203, 200, 198, 195, 195, 195, 196, 194, 194, 199, 201, 199, 197, 197, 200, 203, 200
2010,14101010,101,CH4 ,10PPBC, 3,13, 213, 204, 203, 202, 203, 202, 205, 205, 206, 202, 208, 204, 201, 199, 198, 195, 194, 196, 196, 195, 196, 198, 200, 201
2010,14101010,101,CH4 ,10PPBC, 3,14,9999, 199, 198, 199, 207, 215, 217, 207, 189, 188, 186, 186, 186, 185, 185, 185, 185, 187, 188, 187, 188, 188, 188, 187
2010,14101010,101,CH4 ,10PPBC, 3,15, 192, 197, 196, 195, 192, 195, 192, 190, 194, 193, 197, 198, 205, 207, 198, 192, 191, 190, 192, 193, 195, 195, 197, 199
2010,14101010,101,CH4 ,10PPBC, 3,16, 202, 223, 189, 188, 189, 189, 203, 196, 191, 188, 188, 192, 190, 187, 187, 187, 188, 189, 189, 190, 191, 192, 192, 191
2010,14101010,101,CH4 ,10PPBC, 3,17,9999, 192, 191, 191, 191, 191, 192, 191, 191, 191,9999,9999, 189, 189, 189, 189, 190, 191, 192, 192, 192, 193, 193, 192
2010,14101010,101,CH4 ,10PPBC, 3,18, 192, 191, 191, 191, 192, 192, 192, 194, 193, 193, 192, 192, 192, 193, 192, 191, 191, 191, 190, 190, 190, 191, 192, 191
2010,14101010,101,CH4 ,10PPBC, 3,19, 190, 189, 189, 189, 189, 189, 191, 190, 192, 191, 189, 189, 188, 187, 187, 188, 187, 189, 193, 191, 194, 211, 200, 199
2010,14101010,101,CH4 ,10PPBC, 3,20,9999, 191, 191, 190, 192, 193, 195, 197, 197, 197, 194, 199, 195, 191, 190, 191, 186, 186, 186, 186, 186, 186, 184, 184
2010,14101010,101,CH4 ,10PPBC, 3,21, 184, 184, 183, 183, 183, 184, 192, 194, 195, 196, 195, 199, 193, 197, 192, 189, 189, 189, 189, 190, 191, 191, 197, 196
2010,14101010,101,CH4 ,10PPBC, 3,22, 199, 196, 192, 189, 190, 190, 191, 191, 192, 192, 190, 192, 196, 194, 192, 192, 193, 193, 196, 197, 195, 200, 195, 197
2010,14101010,101,CH4 ,10PPBC, 3,23,9999, 193, 193, 191, 191, 190, 192, 192, 192, 192, 192, 193, 193, 194, 192, 192, 193, 192, 195, 197, 195, 196, 193, 195
2010,14101010,101,CH4 ,10PPBC, 3,24, 193, 198, 191, 196, 197, 197, 197, 195, 193, 195, 197, 193, 191,9999,9999, 189, 188, 190, 192, 197, 196, 193, 195, 194
2010,14101010,101,CH4 ,10PPBC, 3,25, 197, 199, 199, 200, 202, 200, 204, 228, 210, 197, 196, 190, 190, 190, 190, 191, 191, 188, 191, 190, 190, 190, 190, 194
2010,14101010,101,CH4 ,10PPBC, 3,26, 195, 193, 193, 192, 193, 192, 192, 192, 191, 190, 189, 189, 190, 190, 190, 190, 190, 190, 190, 190, 191, 191, 192, 192
2010,14101010,101,CH4 ,10PPBC, 3,27,9999, 190, 189, 190, 190, 191, 191, 190, 189, 189, 189, 188, 189, 190, 189, 189, 190, 191, 192, 194, 194, 193, 193, 192
2010,14101010,101,CH4 ,10PPBC, 3,28, 191, 189, 195, 190, 192, 190, 191, 192, 191, 192, 193, 191, 190, 189, 188, 190, 188, 189, 189, 192, 189, 189, 191, 190
2010,14101010,101,CH4 ,10PPBC, 3,29, 192, 191, 195, 195, 195, 195, 196, 198, 198, 194, 201, 195, 192,9999,9999, 188, 187, 188, 190, 194, 193, 194, 198, 194
2010,14101010,101,CH4 ,10PPBC, 3,30, 195, 197, 201, 196, 196, 196, 196, 196, 197, 196, 194, 193, 190, 188, 188,9999, 189, 190, 191, 189, 192, 199, 192, 191
2010,14101010,101,CH4 ,10PPBC, 3,31, 191, 192, 191, 192, 192, 196, 198, 195, 195, 197, 199, 201, 192, 191, 190, 189, 190, 190, 190, 192, 193, 194, 192, 194
2010,14101020,101,CH4 ,10PPBC, 4, 1, 213, 211, 207, 208, 205, 204, 207, 218, 215, 188, 190, 189, 191, 189, 188, 190, 190, 189, 194, 192, 194, 190, 193, 188
2010,14101020,101,CH4 ,10PPBC, 4, 2,9999, 186, 190, 185, 184, 186, 185, 186, 185, 185, 186, 191, 189, 189, 190, 193, 189, 190, 192, 192, 191, 191, 191, 194
2010,14101020,101,CH4 ,10PPBC, 4, 3, 193, 192, 190, 189, 190, 190, 191, 192, 192, 191, 193, 194, 193, 191, 190, 190, 189, 190, 192, 194, 196, 194, 199, 196
2010,14101020,101,CH4 ,10PPBC, 4, 4, 197, 194, 193, 195, 204, 199, 197, 198, 201, 194, 204, 199, 200, 201, 206, 216, 204, 196, 196, 196, 197, 197, 195, 196
2010,14101020,101,CH4 ,10PPBC, 4, 5,9999, 193, 192, 192, 194, 193, 194, 195, 196, 197, 197, 196, 195, 195, 196, 197, 198, 199, 199, 201, 206, 205, 205, 204
2010,14101020,101,CH4 ,10PPBC, 4, 6, 202, 202, 200, 202, 201, 201, 196, 190, 190, 192, 192, 209, 190, 192, 188, 197, 196, 188, 198, 191, 200, 192, 190, 190
2010,14101020,101,CH4 ,10PPBC, 4, 7, 191, 190, 201, 196, 192, 195, 198, 195, 193, 195, 201, 194, 195, 199, 189, 188, 189, 190, 189, 190, 190, 191, 192, 191
2010,14101020,101,CH4 ,10PPBC, 4, 8,9999, 191, 191, 191, 192, 191, 192, 193, 192, 191,9999,9999,9999, 190, 191, 191, 192, 191, 190, 190, 191, 192, 192, 207
2010,14101020,101,CH4 ,10PPBC, 4, 9, 203, 196, 196, 196, 193, 195, 196, 195, 197, 203, 195, 192, 191, 190, 190, 189, 189, 189, 189, 191, 192, 194, 198, 197
2010,14101020,101,CH4 ,10PPBC, 4,10, 198, 196, 196, 198, 193, 191, 190, 192, 193, 193, 195, 194, 196, 194, 192, 189, 188, 188, 188, 188, 187, 188, 196, 195
2010,14101020,101,CH4 ,10PPBC, 4,11,9999, 189, 189, 197, 193, 189, 190, 191, 189, 191, 191, 195, 213, 196, 204, 198, 198, 194, 190, 190, 191, 190, 198, 192
2010,14101020,101,CH4 ,10PPBC, 4,12, 193, 191, 190, 190, 189, 189, 188, 189, 189, 190, 190, 191, 191, 191, 191, 190, 190, 190, 191, 191, 191, 190, 191, 189
2010,14101020,101,CH4 ,10PPBC, 4,13, 188, 187, 187, 187, 187, 187, 189, 190, 196, 198, 206, 193, 191, 185, 185, 186, 189, 191, 195, 189, 190, 189, 200, 195
2010,14101020,101,CH4 ,10PPBC, 4,14,9999, 195, 190, 189, 189, 189, 189, 190, 190, 190, 190, 192, 196,9999,9999, 191, 190, 189, 190, 192, 191, 192, 191, 190
2010,14101020,101,CH4 ,10PPBC, 4,15, 190, 189, 188, 188, 188, 188, 188, 189, 190, 197, 200, 201, 211, 196, 201, 190, 189, 189, 190, 190, 198, 201, 193, 194
2010,14101020,101,CH4 ,10PPBC, 4,16, 192, 190, 189, 189, 189, 189, 190, 191, 192, 191, 190, 192, 190, 190, 190, 191, 190, 190, 190, 191, 191, 190, 190, 190
2010,14101020,101,CH4 ,10PPBC, 4,17,9999, 190, 189, 189, 189, 189, 189, 190, 191, 190, 190, 188, 188, 188, 190, 189, 188, 188, 189, 190, 190, 193, 196, 194
2010,14101020,101,CH4 ,10PPBC, 4,18, 192, 193, 194, 193, 244, 234, 200, 199, 196, 193, 192, 196, 199, 197, 190, 190, 191, 198, 196, 191, 192, 191, 193, 204
2010,14101020,101,CH4 ,10PPBC, 4,19, 219, 220, 199, 197, 197, 195, 195, 196, 199, 205, 206, 194, 193, 195, 193, 191, 190, 190, 189, 190, 191, 190, 192, 190
2010,14101020,101,CH4 ,10PPBC, 4,20,9999, 202, 199, 203, 198, 200, 202, 192, 189, 192,9999, 193, 190, 187, 186, 185, 201, 197, 188, 190, 191, 195, 194, 196
2010,14101020,101,CH4 ,10PPBC, 4,21, 201, 196, 193, 191, 194, 197, 199, 196, 195, 192, 197, 212, 201, 194, 192, 193, 189, 187, 192, 187, 186, 191, 188, 188
2010,14101020,101,CH4 ,10PPBC, 4,22, 189, 190, 189, 189, 193, 193, 197, 196, 191, 191, 191, 190, 192, 191, 190, 190, 189, 190, 190, 190, 190, 190, 190, 189
2010,14101020,101,CH4 ,10PPBC, 4,23,9999, 190, 190, 190, 190, 190, 190, 192, 193, 194, 193, 193, 194, 192, 194, 203, 217, 196, 202, 192, 192, 202, 209, 214
2010,14101020,101,CH4 ,10PPBC, 4,24, 215, 223, 208, 226, 230, 223, 217, 212, 192, 192, 193, 193, 193, 194, 192, 192, 191, 191, 192, 194, 193, 195, 195, 194
2010,14101020,101,CH4 ,10PPBC, 4,25, 194, 191, 191, 193, 194, 196, 198, 197, 194, 197, 191, 192, 192, 191, 191, 192, 191, 192, 191, 196, 196, 195, 200, 196
2010,14101020,101,CH4 ,10PPBC, 4,26,9999, 195, 196, 197, 195, 194, 194, 193, 193, 204, 194, 201, 195, 192, 190, 192, 191, 190, 191, 192, 191, 192, 193, 192
2010,14101020,101,CH4 ,10PPBC, 4,27, 191, 194, 197, 191, 191, 191, 192, 192, 193, 194, 197, 201, 195, 188, 190, 193, 189, 189, 190, 192, 190, 190, 188, 189
2010,14101020,101,CH4 ,10PPBC, 4,28, 188, 187, 187, 187, 187, 186, 186, 187, 192, 188, 187, 187, 187, 187, 187, 187, 187, 187, 188, 189, 190, 189, 189, 191
2010,14101020,101,CH4 ,10PPBC, 4,29,9999, 192, 219, 203, 190, 186, 186, 186, 187, 185, 187, 189, 190, 190, 188, 192, 192, 189, 190, 199, 203, 197, 194, 196
2010,14101020,101,CH4 ,10PPBC, 4,30, 193, 192, 191, 191, 189, 190, 190, 190, 191, 198, 193, 193, 197, 192,9999, 188, 189, 197, 199, 202, 199, 193, 191, 192
2010,14101020,101,CH4 ,10PPBC, 4,31,9998,9998,9998,9998,9998,9998,9998,9998,9998,9998,9998,9998,9998,9998,9998,9998,9998,9998,9998,9998,9998,9998,9998,9998
2010,14101020,101,CH4 ,10PPBC, 5, 1, 193, 192, 192, 195, 198, 198, 197, 196, 194, 192, 192, 191, 191, 190, 190, 189, 189, 190, 190, 191, 193, 202, 198, 192
2010,14101020,101,CH4 ,10PPBC, 5, 2, 194, 196, 194, 194, 195, 194, 195, 194, 195, 201, 198, 199, 197, 193, 192, 191, 190, 190, 191, 191, 191, 190, 191, 190
2010,14101020,101,CH4 ,10PPBC, 5, 3,9999, 193, 201, 199, 200, 201, 200, 199, 204, 210, 207, 197, 190, 189, 188, 188, 188, 188, 188, 188, 189, 192, 192, 197
2010,14101020,101,CH4 ,10PPBC, 5, 4, 199, 197, 202, 200, 191, 187, 188, 190, 188, 187, 187, 187, 187, 188, 187, 189, 189, 189, 188, 188, 188, 188, 188, 189
2010,14101020,101,CH4 ,10PPBC, 5, 5, 193, 198, 186, 189, 191, 195, 193, 196, 196, 198, 200, 202, 200, 190, 188, 186, 185, 187, 188, 187, 188, 187, 187, 186
2010,14101020,101,CH4 ,10PPBC, 5, 6,9999, 186, 185, 186, 187, 186, 191, 187, 183, 183, 183, 183, 182, 182, 181, 180, 181, 183, 183, 182, 182, 182, 182, 181
2010,14101020,101,CH4 ,10PPBC, 5, 7, 182, 182, 182, 181, 181, 181, 181, 181, 182, 181, 181, 181,9999, 183, 184, 181, 181, 183, 183, 184, 182, 181, 182, 187
2010,14101020,101,CH4 ,10PPBC, 5, 8, 188, 188, 186, 186, 186, 186, 192, 199, 190, 190, 189, 190, 190, 188, 188, 191, 188, 187, 187, 187, 187, 188, 187, 186
2010,14101020,101,CH4 ,10PPBC, 5, 9, 187, 190, 189, 191, 195, 196, 193, 190, 189, 190, 191, 193, 192, 192, 190, 190, 191, 192, 191, 192, 196, 192, 189, 189
2010,14101020,101,CH4 ,10PPBC, 5,10,9999, 196, 194, 194, 190, 191, 193, 192, 192, 192, 192, 194, 195, 193, 193, 191, 188, 192, 199, 189, 192, 190, 189, 189
2010,14101020,101,CH4 ,10PPBC, 5,11, 188, 187, 186, 186, 187, 187, 188, 188, 199, 205, 191, 191, 197, 190, 188, 201, 191, 189, 187, 187, 191, 199, 190, 190
2010,14101020,101,CH4 ,10PPBC, 5,12, 190, 188, 187, 187, 186, 186, 189, 188, 190, 189, 187, 186, 187, 188,9999,9999, 188, 188, 188, 189, 189, 190, 190, 190
2010,14101020,101,CH4 ,10PPBC, 5,13, 190, 189, 189, 188, 189, 189, 189, 190, 189, 188, 189, 189, 189, 189, 190, 190, 191, 190, 190, 189, 191, 191, 192, 191
2010,14101020,101,CH4 ,10PPBC, 5,14, 191, 190, 190, 189, 189, 190, 190, 190, 190, 189, 190, 196, 192, 191, 192, 191, 191, 191, 191, 192, 191, 191, 190, 190
2010,14101020,101,CH4 ,10PPBC, 5,15,9999, 187, 187, 186, 187, 188, 199, 199, 192, 190, 190, 194, 189, 187, 187, 188, 187, 188, 190, 190, 192, 188, 188, 189
2010,14101020,101,CH4 ,10PPBC, 5,16, 190, 193, 195, 194, 197, 195, 191, 187, 189, 188, 186, 186, 185, 185, 185, 187, 186, 185, 186, 187, 186, 188, 189, 189
2010,14101020,101,CH4 ,10PPBC, 5,17, 194, 195, 201, 203, 197, 194, 194, 192, 192, 196, 203, 197, 193, 198, 189, 186, 188, 187, 187, 187, 187, 188, 188, 188
2010,14101020,101,CH4 ,10PPBC, 5,18,9999, 189, 190, 193, 193, 194, 193, 186, 185, 186, 185, 184, 183,9999,9999, 184, 184, 185, 185, 185, 188, 192, 188, 193
2010,14101020,101,CH4 ,10PPBC, 5,19, 197, 195, 191, 189, 184, 185, 186, 188, 188, 188, 191, 190, 185, 188, 188, 187, 186, 186, 185, 184, 187, 184, 184, 184
2010,14101020,101,CH4 ,10PPBC, 5,20, 184, 183, 183, 182, 182, 183, 183, 184, 183, 186, 184, 183, 184, 182, 188, 190, 190, 191, 196, 190, 190, 192, 191, 191
2010,14101020,101,CH4 ,10PPBC, 5,21,9999, 192, 191, 191, 196, 196, 194, 193, 192, 192, 199, 202, 195, 193, 190, 191, 192, 192, 190, 198, 204, 200, 197, 198
2010,14101020,101,CH4 ,10PPBC, 5,22, 198, 197, 200, 201, 203, 202, 198, 198, 203, 198, 194, 194, 195, 197, 196, 195, 194, 196, 199, 193, 192, 191, 190, 191
2010,14101020,101,CH4 ,10PPBC, 5,23, 192, 194, 200, 193, 195, 196, 207, 199, 199, 205, 206, 194, 192, 196, 198, 194, 188, 187, 188, 189, 189, 186, 186, 187
2010,14101020,101,CH4 ,10PPBC, 5,24,9999, 187, 187, 188, 189, 193, 189, 189, 189, 188, 188, 188, 188, 188, 189, 189, 189, 196, 204, 197, 187, 200, 198, 197
2010,14101020,101,CH4 ,10PPBC, 5,25, 193, 193, 197, 202, 206, 203, 191, 191, 190, 192,9999, 188, 192, 189, 191, 192, 191, 191, 192, 193, 192, 193, 194, 190
2010,14101020,101,CH4 ,10PPBC, 5,26, 191, 190, 194, 190, 196, 192, 194, 193, 192, 192, 194, 194, 190, 188, 192, 193, 189, 187, 187, 194, 201, 207, 196, 188
2010,14101020,101,CH4 ,10PPBC, 5,27, 187, 186, 188, 187, 194, 187, 189, 192, 191, 193, 206, 195, 189, 188, 190, 191, 193, 197, 192, 190, 191, 189, 188, 188
2010,14101020,101,CH4 ,10PPBC, 5,28,9999, 186, 186, 185, 185, 185, 186, 186, 186, 186, 187, 190, 189, 188, 189, 190, 190, 189, 192, 190, 190, 187, 188, 188
2010,14101020,101,CH4 ,10PPBC, 5,29, 188, 188, 189, 186, 187, 186, 187, 188, 201, 203, 193, 193, 192, 189, 200, 198, 200, 189, 187, 188, 202, 193, 202, 193
2010,14101020,101,CH4 ,10PPBC, 5,30, 189, 187, 187, 187, 185, 186, 186, 186, 186, 187, 187, 188, 190, 190, 186, 185, 186, 185, 186, 187, 186, 186, 186, 188
2010,14101020,101,CH4 ,10PPBC, 5,31,9999, 202, 195, 191, 216, 235, 218, 195, 191, 192, 190, 190, 188, 188, 188, 189, 188, 192, 190, 189, 194, 192, 190, 192
2010,14101020,101,CH4 ,10PPBC, 6, 1, 188, 186, 188, 208, 204, 195, 198, 201, 210, 198, 195, 191, 188, 187, 186, 187, 187, 188, 193, 192, 197, 191, 187, 187
2010,14101020,101,CH4 ,10PPBC, 6, 2, 189, 190, 189, 187, 212, 233, 190, 190, 192, 193, 192, 191, 189, 188, 189, 190, 190, 190, 190, 191, 192, 193, 199, 194
2010,14101020,101,CH4 ,10PPBC, 6, 3,9999, 193, 198, 195, 200, 201, 198, 198, 199,9999,9999, 185, 186, 186, 185, 186, 185, 195, 186, 183, 184, 185, 184, 184
2010,14101020,101,CH4 ,10PPBC, 6, 4, 185, 185, 199, 191, 192, 192, 191, 192, 187, 184, 184, 185, 184, 183, 184, 183, 183, 183, 184, 183, 183, 184, 184, 189
2010,14101020,101,CH4 ,10PPBC, 6, 5, 189, 188, 188, 188, 189, 190, 190, 192, 192, 191, 190, 191, 192, 189, 186, 187, 187, 186, 186, 186, 186, 188, 187, 196
2010,14101020,101,CH4 ,10PPBC, 6, 6,9999, 192, 190, 192, 196, 192, 191, 191, 191, 191, 193, 192, 194, 194, 190, 187, 192, 189, 187, 187, 187, 188, 188, 188
2010,14101020,101,CH4 ,10PPBC, 6, 7, 188, 188, 189, 190, 194, 194, 192, 192, 191, 198, 200, 196, 188, 188, 186, 187, 187, 188, 188, 187, 186, 186, 186, 187
2010,14101020,101,CH4 ,10PPBC, 6, 8, 187, 185, 193, 192, 188, 188, 192, 191, 189,9999,9999, 188, 189, 192, 197, 197, 192, 185, 192, 194, 205, 198, 210, 198
2010,14101020,101,CH4 ,10PPBC, 6, 9, 192, 193, 190, 192, 189, 188, 193, 195, 196, 197, 193, 191, 195, 202, 213, 200, 199, 188, 190, 190, 196, 192, 192, 192
2010,14101020,101,CH4 ,10PPBC, 6,10, 191, 190, 189, 187, 187, 191, 192, 188, 188, 187, 189, 189, 187, 186, 185, 185, 187, 194, 191, 189, 191, 188, 193, 194
2010,14101020,101,CH4 ,10PPBC, 6,11,9999, 188, 188, 187, 187, 186, 190, 189, 195, 195, 201, 189, 189, 188, 187, 186, 188, 187, 191, 185, 188, 185, 186, 186
2010,14101020,101,CH4 ,10PPBC, 6,12, 185, 185, 186, 185, 187, 188, 190, 188, 190, 189, 211, 198, 186, 183, 182, 182, 182, 183, 183, 183, 184, 183, 184, 183
2010,14101020,101,CH4 ,10PPBC, 6,13, 184, 183, 183, 183, 183, 184, 183, 184, 183, 183, 183, 183, 183, 183, 183, 183, 184, 184, 184, 184, 184, 184, 184, 184
2010,14101020,101,CH4 ,10PPBC, 6,14,9999, 185, 193, 190, 186, 188, 185, 186, 194, 192, 188, 188, 190, 190, 188, 186, 185, 185, 185, 184, 185, 186, 186, 186
2010,14101020,101,CH4 ,10PPBC, 6,15, 187, 189, 192, 194, 194, 195, 195, 196, 189, 188, 186, 187,9999,9999, 187, 188, 189, 189, 187, 185, 184, 184, 188, 188
2010,14101020,101,CH4 ,10PPBC, 6,16, 192, 190, 198, 185, 174, 174, 173, 174, 174, 181, 177, 178, 179, 180, 183, 187, 186, 186, 194, 200, 190, 193, 193, 201
2010,14101020,101,CH4 ,10PPBC, 6,17, 190, 188, 191, 195, 197, 193, 199, 204, 197, 196, 191, 190, 191, 193, 193, 188, 191, 188, 187, 187, 187, 188, 185, 185
2010,14101020,101,CH4 ,10PPBC, 6,18,9999, 190, 198, 185, 186, 190, 197, 196, 195, 194, 192, 185, 184, 184, 179, 179, 197, 182, 187, 185, 184, 187, 188, 188
2010,14101020,101,CH4 ,10PPBC, 6,19, 189, 191, 176, 173, 172, 181, 187, 189, 190, 191, 205, 195, 182, 182, 183, 191, 188, 188, 189, 191, 194, 187, 175, 180
2010,14101020,101,CH4 ,10PPBC, 6,20, 179, 174, 175, 177, 175, 176, 187, 190, 181, 178, 183, 181, 184, 181, 181, 185, 186, 185, 181, 177, 178, 177, 176, 183
2010,14101020,101,CH4 ,10PPBC, 6,21,9999, 187, 183, 175, 177, 177, 178, 182, 181, 178, 180, 177, 179, 176, 178, 176, 178, 180, 180, 181, 184, 187, 186, 194
2010,14101020,101,CH4 ,10PPBC, 6,22, 185, 180, 184, 184, 184, 182, 185, 193, 191, 189, 182, 180, 180, 181, 179,9999,9999, 181, 178, 179, 179, 179, 179, 180
2010,14101020,101,CH4 ,10PPBC, 6,23, 179, 184, 179, 185, 182, 182, 180, 178, 181, 183, 177, 182, 181, 189, 188, 189, 186, 185, 187, 187, 182, 181, 186, 190
2010,14101020,101,CH4 ,10PPBC, 6,24, 193, 193, 191, 193, 193, 190, 189, 194, 195, 193, 195, 198, 202, 200, 198, 195, 196, 198, 204, 198, 197, 206, 197, 196
2010,14101020,101,CH4 ,10PPBC, 6,25,9999, 196, 201, 204, 199, 200, 200, 203, 194, 192, 236, 218, 209, 198, 196, 194, 186, 184, 184, 187, 191, 198, 186, 193
2010,14101020,101,CH4 ,10PPBC, 6,26, 189, 186, 190, 186, 185, 184, 181, 182, 179, 180, 179, 178, 179, 178, 178, 180, 178, 178, 178, 178, 180, 182, 179, 177
2010,14101020,101,CH4 ,10PPBC, 6,27, 177, 177, 176, 177, 177, 176, 176, 176, 176, 179, 189, 185, 183, 182, 180, 179, 175, 175, 175, 176, 177, 178, 185, 180
2010,14101020,101,CH4 ,10PPBC, 6,28,9999, 191, 181, 183, 183, 195, 195, 189, 187, 186, 201, 212, 208, 199, 192, 192, 193, 194, 200, 193, 196, 193, 189, 201
2010,14101020,101,CH4 ,10PPBC, 6,29, 201, 194, 194, 195, 197, 212, 213, 236, 257, 269, 229, 218, 195, 193, 184, 181, 181, 187, 193, 187, 181, 180, 197, 208
2010,14101020,101,CH4 ,10PPBC, 6,30, 208, 192, 187, 185, 184, 181, 180, 181, 181, 182, 182, 181, 180, 180, 189, 190, 189, 184, 190, 196, 187, 187, 186, 185
2010,14101020,101,CH4 ,10PPBC, 6,31,9998,9998,9998,9998,9998,9998,9998,9998,9998,9998,9998,9998,9998,9998,9998,9998,9998,9998,9998,9998,9998,9998,9998,9998
2010,14101020,101,CH4 ,10PPBC, 7, 1,9999, 185, 183, 181, 181, 181, 181, 181, 183, 183, 183, 180, 180, 179,9999,9999, 179, 180, 179, 181, 184, 183, 183, 184
2010,14101020,101,CH4 ,10PPBC, 7, 2, 189, 189, 188, 188, 188, 191, 192, 197, 211, 206, 193, 186, 182, 182, 182, 184, 180, 180, 180, 181, 181, 181, 182, 184
2010,14101020,101,CH4 ,10PPBC, 7, 3, 187, 185, 189, 195, 196, 188, 214, 211, 205, 195, 185, 184, 184, 183, 182, 185, 187, 184, 184, 182, 179, 179, 191, 195
2010,14101020,101,CH4 ,10PPBC, 7, 4,9999, 177, 188, 181, 187, 186, 186, 192, 189, 191, 198, 198, 197, 195, 196, 191, 187, 187, 187, 188, 201, 197, 196, 204
2010,14101020,101,CH4 ,10PPBC, 7, 5, 207, 200, 200, 196, 191, 190, 190, 189, 196, 198, 194, 196, 191, 186, 184, 184, 193, 191, 189, 188, 189, 190, 192, 189
2010,14101020,101,CH4 ,10PPBC, 7, 6, 189, 193, 191, 191, 193, 194, 192, 192, 197, 195, 187, 193, 188,9999,9999, 188, 190, 194, 196, 196, 197, 199, 197, 196
2010,14101020,101,CH4 ,10PPBC, 7, 7, 207, 212, 206, 201, 198, 195, 200, 197, 202,9999,9999,9999, 197, 195, 193, 193, 192, 193, 188, 187, 187, 195, 191, 188
2010,14101020,101,CH4 ,10PPBC, 7, 8, 189, 191, 192, 190, 190, 191, 196, 196, 194, 192, 188, 186, 188, 191, 191, 191, 191, 190, 186, 183, 187, 185, 184, 185
2010,14101020,101,CH4 ,10PPBC, 7, 9,9999, 183, 180, 180, 179, 181, 182, 184, 186, 189, 192, 188, 186, 181, 180, 179, 181, 187, 180, 179, 177, 175, 174, 181
2010,14101020,101,CH4 ,10PPBC, 7,10, 193, 186, 185, 194, 191, 181, 185, 181, 181, 182, 192, 182, 181, 181, 181, 182, 184, 182, 183, 185, 186, 186, 194, 192
2010,14101020,101,CH4 ,10PPBC, 7,11, 195, 199, 196, 201, 199, 198, 199, 199, 198, 207, 214, 203, 182, 181, 178, 178, 176, 175, 174, 174, 174, 174, 174, 175
2010,14101020,101,CH4 ,10PPBC, 7,12,9999, 176, 174, 174, 175, 174, 176, 178, 177, 181,9999, 176, 175, 175, 175, 176, 176, 177, 185, 183, 176, 177, 175, 183
2010,14101020,101,CH4 ,10PPBC, 7,13, 182, 176, 182, 179, 177, 180, 187, 201, 203, 198, 194, 211, 201, 194, 191, 192, 191, 191, 191, 192, 194, 195, 198, 200
2010,14101020,101,CH4 ,10PPBC, 7,14, 203, 228, 205, 197, 197, 198, 185, 176, 175, 175, 175, 175, 176, 176, 176, 175, 176, 178, 184, 182, 177, 176, 176, 176
2010,14101020,101,CH4 ,10PPBC, 7,15,9999, 175, 175, 175, 175, 176, 176, 177, 176, 176, 175, 174, 177, 179, 177, 175, 177, 176, 178, 181, 177, 178, 185, 184
2010,14101020,101,CH4 ,10PPBC, 7,16, 176, 175, 175, 176, 175, 180, 176, 176, 175, 175, 174, 174, 174, 174, 174, 175, 174, 175, 175, 175, 176, 177, 176, 176
2010,14101020,101,CH4 ,10PPBC, 7,17, 176, 176, 176, 177, 176, 176, 176, 176, 176, 175, 175, 177, 177, 182, 176, 176, 176, 176, 176, 180, 177, 177, 177, 177
2010,14101020,101,CH4 ,10PPBC, 7,18,9999, 178, 177, 183, 186, 176, 177, 176, 177, 177, 175, 175, 175, 175, 174, 175, 175, 175, 175, 175, 175, 176, 177, 180
2010,14101020,101,CH4 ,10PPBC, 7,19, 177, 178, 183, 177, 176, 178, 176, 177, 179, 178, 176, 176, 176, 175, 175, 175, 175, 176, 176, 176, 177, 176, 177, 177
2010,14101020,101,CH4 ,10PPBC, 7,20, 177, 187, 195, 181, 181, 182, 190, 190, 186, 188, 181, 186, 182, 179, 178, 177, 177, 176, 177, 178, 178, 177, 181, 180
2010,14101020,101,CH4 ,10PPBC, 7,21,9999, 191, 184, 184, 182, 182, 185, 194, 193, 193,9999,9999, 188, 192, 192, 182, 179, 179, 180, 179, 180, 181, 180, 182
2010,14101020,101,CH4 ,10PPBC, 7,22, 191, 183, 186, 180, 202, 192, 214, 205, 206, 204, 186, 180, 180, 179, 179, 178, 178, 181, 179, 177, 177, 178, 177, 178
2010,14101020,101,CH4 ,10PPBC, 7,23, 180, 181, 184, 183, 190, 187, 188, 193, 193, 206, 209, 207, 202, 197, 190, 185, 186, 181, 178, 178, 176, 177, 177, 178
2010,14101020,101,CH4 ,10PPBC, 7,24,9999, 182, 182, 184, 189, 188, 189, 189, 192, 203, 199, 194, 192, 188, 184, 182, 180, 179, 180, 181, 178, 180, 182, 181
2010,14101020,101,CH4 ,10PPBC, 7,25, 182, 182, 183, 182, 184, 187, 187, 185, 182, 181, 187, 181, 175, 175, 175, 177, 178, 180, 188, 180, 182, 182, 182, 183
2010,14101020,101,CH4 ,10PPBC, 7,26, 191, 187, 185, 185, 185, 184, 184, 187, 193, 197, 194, 187, 178, 176, 179, 180, 177, 177, 177, 177, 184, 182, 181, 183
2010,14101020,101,CH4 ,10PPBC, 7,27,9999, 184, 183, 179, 187, 186, 186, 181, 179, 177, 177, 174, 174, 174, 174, 175, 174, 175, 175, 175, 176, 181, 178, 176
2010,14101020,101,CH4 ,10PPBC, 7,28, 181, 186, 183, 189, 187, 181, 176, 179, 177, 177,9999, 175, 175, 175, 176, 177, 176, 177, 178, 177, 177, 179, 177, 178
2010,14101020,101,CH4 ,10PPBC, 7,29, 180, 178, 178, 178, 177, 182, 183, 179, 178, 177, 179, 176, 175, 175, 175, 175, 176, 176, 179, 176, 177, 176, 176, 175
2010,14101020,101,CH4 ,10PPBC, 7,30, 175, 176, 177, 173, 173, 173, 174, 175, 175, 175, 177, 175, 174, 174, 174, 177, 176, 177, 176, 179, 177, 190, 184, 181
2010,14101020,101,CH4 ,10PPBC, 7,31,9999, 213, 193, 188, 185, 186, 189, 187, 194, 197, 188, 178, 180, 180, 177, 177, 178, 181, 178, 181, 184, 180, 179, 182
2010,14101020,101,CH4 ,10PPBC, 8, 1, 181, 183, 185, 182, 186, 190, 186, 188, 183, 181, 179, 179, 179, 181, 182, 182, 182, 182, 181, 179, 177, 177, 182, 184
2010,14101020,101,CH4 ,10PPBC, 8, 2, 178, 179, 186, 177, 177, 185, 178, 178, 176, 173, 174, 174, 178, 177, 176, 174, 175, 176, 176, 175, 178, 177, 176, 175
2010,14101020,101,CH4 ,10PPBC, 8, 3,9999, 174, 175, 175, 178, 174, 174, 175, 178, 177, 177, 175, 174, 177, 176, 175, 174, 174, 174, 174, 175, 175, 174, 175
2010,14101020,101,CH4 ,10PPBC, 8, 4, 174, 174, 174, 174, 175, 176, 176, 175, 175, 175, 183, 175, 175, 175, 174, 176, 175, 175, 174, 175, 177, 176, 175, 175
2010,14101020,101,CH4 ,10PPBC, 8, 5, 175, 175, 175, 175, 178, 178, 178, 175, 176, 175,9999,9999, 174, 174, 174, 174, 174, 174, 174, 175, 176, 176, 176, 175
2010,14101020,101,CH4 ,10PPBC, 8, 6, 175, 175, 178, 178, 175, 175, 177, 177, 176, 176, 177, 176, 175, 179, 176, 179, 179, 178, 179, 178, 178, 178, 178, 179
2010,14101020,101,CH4 ,10PPBC, 8, 7, 181, 178, 179, 186, 191, 181, 180, 179, 182, 182, 180, 180, 180, 179, 178, 177, 176, 176, 175, 175, 175, 176, 176, 177
2010,14101020,101,CH4 ,10PPBC, 8, 8,9999, 180, 189, 186, 184, 182, 179, 179, 178, 181, 183, 175, 176, 177, 176, 175, 175, 175, 175, 176, 175, 175, 176, 186
2010,14101020,101,CH4 ,10PPBC, 8, 9, 176, 189, 180, 177, 178, 181, 185, 183, 183, 177, 180, 181, 176, 178, 177, 175, 177, 176, 176, 175, 177, 178, 178, 179
2010,14101020,101,CH4 ,10PPBC, 8,10, 178, 174, 175, 175, 174, 174, 175, 175, 175, 174, 174, 175, 175,9999,9999, 174, 177, 178, 175, 174, 175, 175, 174, 174
2010,14101020,101,CH4 ,10PPBC, 8,11, 174, 174, 174, 174, 174, 174, 175, 174, 173, 173, 172, 173, 173, 173, 172, 173, 173, 172, 173, 173, 173, 173, 173, 172
2010,14101020,101,CH4 ,10PPBC, 8,12, 172, 174, 173, 174, 173, 172, 173, 173, 172, 172, 173, 172, 175, 176, 177, 182, 176, 176, 183, 184, 182, 178, 178, 178
2010,14101020,101,CH4 ,10PPBC, 8,13,9999, 181, 185, 184, 183, 182, 184, 182, 184, 186, 190, 196, 188, 184, 183, 182, 182, 183, 183, 184, 188, 193, 185, 187
2010,14101020,101,CH4 ,10PPBC, 8,14, 193, 200, 202, 198, 190, 179, 183, 183, 183, 177, 181, 177, 176, 176, 178, 185, 189, 192, 184, 181, 181, 190, 190, 188
2010,14101020,101,CH4 ,10PPBC, 8,15, 187, 181, 184, 187, 187, 192, 185, 186, 182, 180, 181, 178, 176, 176, 176, 178, 177, 177, 178, 178, 178, 183, 182, 191
2010,14101020,101,CH4 ,10PPBC, 8,16,9999, 180, 181, 189, 194, 195, 199, 195, 192, 191, 183, 177, 179, 192, 190, 186, 183, 182, 181, 184, 184, 188, 181, 184
2010,14101020,101,CH4 ,10PPBC, 8,17, 182, 183, 185, 191, 250, 221, 269, 204, 212, 193, 191, 184, 182, 180, 179, 177, 180, 177, 179, 182, 178, 185, 180, 185
2010,14101020,101,CH4 ,10PPBC, 8,18, 181, 184, 191, 190, 187, 188, 189, 190, 190, 189, 190, 187, 182, 179, 180, 179, 178, 180, 179, 180, 180, 179, 181, 183
2010,14101020,101,CH4 ,10PPBC, 8,19,9999, 200, 188, 205, 201, 194, 188, 188, 186, 184, 185, 188, 187, 187, 183,9999,9999, 185, 182, 184, 183, 184, 186, 187
2010,14101020,101,CH4 ,10PPBC, 8,20, 190, 198, 203, 212, 198, 200, 203, 205, 195, 196, 197, 197, 198, 194, 186, 186, 189, 188, 188, 189, 197, 191, 190, 192
2010,14101020,101,CH4 ,10PPBC, 8,21, 195, 196, 194, 197, 196, 194, 203, 203, 197, 204, 192, 189, 189, 189, 186, 184, 184, 185, 189, 188, 186, 188, 182, 183
2010,14101020,101,CH4 ,10PPBC, 8,22,9999, 183, 183, 184, 183, 184, 182, 186, 183, 182, 183, 182, 181, 181, 180, 181, 181, 185, 187, 182, 182, 181, 181, 181
2010,14101020,101,CH4 ,10PPBC, 8,23, 181, 182, 185, 186, 191, 185, 183, 184, 185, 191, 204, 185, 181, 182, 180, 181, 183, 181, 183, 181, 180, 180, 180, 180
2010,14101020,101,CH4 ,10PPBC, 8,24, 179, 182, 182, 181, 180, 180, 180, 180, 181, 180, 180, 180, 180, 180, 180, 179, 179, 179, 180, 180, 180, 180, 181, 184
2010,14101020,101,CH4 ,10PPBC, 8,25,9999, 187, 194, 189, 183, 185, 185, 183, 181, 180, 182, 185, 179, 180, 179, 178, 178, 179, 180, 180, 180, 179, 180, 181
2010,14101020,101,CH4 ,10PPBC, 8,26, 190, 186, 189, 189, 189, 189, 188, 182, 181, 179,9999,9999, 179, 178, 177, 178, 179, 180, 181, 181, 181, 181, 181, 181
2010,14101020,101,CH4 ,10PPBC, 8,27, 187, 185, 191, 185, 185, 192, 194, 193, 190, 190, 195, 190, 187, 181, 180, 181, 178, 177, 177, 175, 174, 176, 175, 177
2010,14101020,101,CH4 ,10PPBC, 8,28, 176, 185, 177, 179, 176, 180, 177, 178, 177, 176, 175, 176, 175, 175, 175, 175, 176, 176, 175, 175, 178, 177, 176, 179
2010,14101020,101,CH4 ,10PPBC, 8,29,9999, 176, 178, 179, 180, 182, 182, 180, 179, 180, 178, 175, 175, 176, 175, 176, 175, 176, 175, 175, 176, 176, 178, 179
2010,14101020,101,CH4 ,10PPBC, 8,30, 179, 181, 184, 185, 188, 195, 197, 200, 202, 191, 191, 188, 187, 180, 180, 182, 178, 176, 177, 177, 175, 175, 175, 183
2010,14101020,101,CH4 ,10PPBC, 8,31, 199, 217, 221, 200, 186, 190, 195, 197, 200, 195,9999, 183, 181, 178, 177, 174, 174, 176, 177, 179, 179, 178, 176, 176
2010,14101020,101,CH4 ,10PPBC, 9, 1, 177, 175, 175, 177, 176, 177, 176, 178, 177, 176, 176, 178, 179, 176, 175, 176, 177, 180, 185, 184, 181, 181, 181, 181
2010,14101020,101,CH4 ,10PPBC, 9, 2, 181, 181, 182, 184, 187, 185, 184, 183, 184, 183, 183, 182, 183, 182, 182, 182, 183, 184, 183, 182, 181, 181, 182, 182
2010,14101020,101,CH4 ,10PPBC, 9, 3,9999, 180, 185, 186, 186, 185, 189, 184, 184, 180, 179, 179, 179, 179, 178, 180, 181, 179, 180, 180, 180, 180, 181, 191
2010,14101020,101,CH4 ,10PPBC, 9, 4, 188, 184, 184, 185, 183, 182, 185, 185, 184, 189, 187, 184, 184, 184, 182, 183, 183, 179, 179, 180, 180, 181, 181, 181
2010,14101020,101,CH4 ,10PPBC, 9, 5, 179, 181, 180, 195, 196, 184, 182, 182, 182, 181, 178, 177, 178, 178, 179, 180, 180, 180, 178, 177, 177, 178, 178, 177
2010,14101020,101,CH4 ,10PPBC, 9, 6,9999, 177, 177, 177, 177, 180, 175, 175, 176, 176, 176, 175, 175, 174, 173, 173, 173, 175, 176, 176, 176, 177, 176, 177
2010,14101020,101,CH4 ,10PPBC, 9, 7, 177, 177, 176, 182, 181, 182, 187, 182, 176, 177, 178, 182, 178, 179, 176, 178, 181, 181, 184, 182, 186, 183, 184, 176
2010,14101020,101,CH4 ,10PPBC, 9, 8, 180, 177, 180, 182, 183, 184, 185, 187, 196, 198, 190,9999, 177, 175, 185, 190, 189, 187, 184, 183, 182, 182, 182, 183
2010,14101020,101,CH4 ,10PPBC, 9, 9, 184, 185, 185, 185, 185, 185, 186, 186, 186, 187, 188, 188, 187,9999,9999, 186, 186, 186, 187, 186, 198, 204, 198, 191
2010,14101020,101,CH4 ,10PPBC, 9,10, 194, 194, 193, 207, 212, 201, 202, 202, 190, 191, 190, 189, 190, 189, 188, 185, 186, 189, 185, 186, 185, 184, 186, 187
2010,14101020,101,CH4 ,10PPBC, 9,11, 187, 187, 187, 186, 188, 187, 190, 191, 186, 186, 185, 187, 183, 183, 183, 182, 182, 182, 183, 184, 184, 184, 185, 186
2010,14101020,101,CH4 ,10PPBC, 9,12,9999, 189, 192, 194, 190, 194, 192, 197, 198, 192, 206, 198, 190, 187, 186, 185, 185, 184, 187, 189, 193, 193, 191, 189
2010,14101020,101,CH4 ,10PPBC, 9,13, 187, 188, 187, 183, 187, 188, 188, 188, 188, 189, 192, 193, 191, 189, 182, 182, 182, 182, 186, 187, 193, 188, 191, 196
2010,14101020,101,CH4 ,10PPBC, 9,14, 187, 193, 190, 190, 186, 185, 185, 185, 185, 186, 186, 185, 186, 186,9999, 184, 186, 187, 189, 190, 185, 185, 184, 187
2010,14101020,101,CH4 ,10PPBC, 9,15, 193, 199, 201, 190, 189, 189, 190, 188, 189, 190, 190, 189, 190, 191, 192, 193, 194, 189, 194, 191, 187, 188, 189, 190
2010,14101020,101,CH4 ,10PPBC, 9,16, 192, 191, 190, 190, 191, 191, 189, 188, 189, 187, 186, 186, 186, 186, 187, 187, 188, 187, 188, 188, 187, 188, 190, 191
2010,14101020,101,CH4 ,10PPBC, 9,17,9999, 192, 192, 193, 193, 193, 196, 193, 190, 198, 209, 198, 191, 189, 187, 191, 189, 186, 188, 188, 190, 194, 199, 216
2010,14101020,101,CH4 ,10PPBC, 9,18, 223, 196, 196, 198, 194, 194, 194, 191, 191, 191, 188, 188, 189, 187, 185, 184, 184, 185, 192, 195, 189, 186, 186, 192
2010,14101020,101,CH4 ,10PPBC, 9,19, 190, 196, 199, 193, 190, 191, 200, 211, 214, 205, 198, 187, 183, 183, 184, 185, 185, 187, 185, 184, 183, 185, 184, 187
2010,14101020,101,CH4 ,10PPBC, 9,20,9999, 189, 192, 194, 199, 190, 203, 205, 202, 202, 190, 185, 192, 187, 184, 183, 184, 187, 187, 193, 189, 192, 188, 189
2010,14101020,101,CH4 ,10PPBC, 9,21, 195, 196, 195, 195, 194, 194, 193, 194, 198, 202, 214, 205, 198, 198, 191, 191, 194, 201, 188, 190, 189, 189, 193, 194
2010,14101020,101,CH4 ,10PPBC, 9,22, 198, 199, 201, 203, 200, 198, 194, 192, 189, 191,9999,9999, 182, 181, 183, 183, 183, 184, 189, 187, 188, 190, 194, 192
2010,14101020,101,CH4 ,10PPBC, 9,23, 203, 224, 203, 197, 202, 195, 196, 194, 203, 202, 190, 192, 190, 190, 188, 189, 188, 189, 188, 189, 189, 191, 190, 190
2010,14101020,101,CH4 ,10PPBC, 9,24, 190, 190, 189, 190, 190, 189, 189, 192, 189, 190, 190, 190, 189, 189, 189, 190, 188, 189, 189, 190, 190, 190, 189, 189
2010,14101020,101,CH4 ,10PPBC, 9,25,9999, 187, 187, 186, 186, 186, 186, 186, 186, 186, 186, 186, 186, 186, 187, 188, 189, 191, 196, 205, 193, 196, 197, 199
2010,14101020,101,CH4 ,10PPBC, 9,26, 207, 205, 198, 199, 199, 200, 197, 198, 194, 192, 190, 192, 199, 194, 193, 191, 190, 189, 189, 190, 194, 212, 205, 204
2010,14101020,101,CH4 ,10PPBC, 9,27, 212, 213, 212, 217, 209, 190, 189, 189, 188, 187, 187, 187, 186, 186, 185, 186, 186, 186, 186, 187, 188, 188, 189, 188
2010,14101020,101,CH4 ,10PPBC, 9,28,9999, 188, 186, 186, 186, 186, 187, 189, 190, 195, 203, 196, 195, 190, 189, 189, 189, 196, 196, 202, 207, 217, 233, 198
2010,14101020,101,CH4 ,10PPBC, 9,29, 197, 194, 192, 192, 187, 188, 188, 188, 188, 188, 189, 192, 193, 192, 194, 192, 199, 195, 191, 191, 192, 194, 201, 210
2010,14101020,101,CH4 ,10PPBC, 9,30, 203, 198, 197, 196, 195, 194, 194, 194, 194, 196, 195, 196, 196, 197, 199, 198, 196, 196, 195, 204, 198, 195, 198, 198
2010,14101020,101,CH4 ,10PPBC, 9,31,9998,9998,9998,9998,9998,9998,9998,9998,9998,9998,9998,9998,9998,9998,9998,9998,9998,9998,9998,9998,9998,9998,9998,9998
2010,14101020,101,CH4 ,10PPBC,10, 1,9999, 197, 192, 189, 188, 190, 191, 189, 190, 191,9999,9999, 188, 187, 189, 188, 187, 187, 187, 187, 189, 195, 201, 202
2010,14101020,101,CH4 ,10PPBC,10, 2, 202, 196, 194, 194, 194, 192, 192, 190, 196, 187, 189, 191, 192, 188, 186, 186, 186, 187, 188, 188, 190, 191, 206, 228
2010,14101020,101,CH4 ,10PPBC,10, 3, 196, 192, 194, 194, 194, 195, 195, 195, 194, 191, 188, 187, 187, 187, 192, 190, 187, 186, 188, 190, 230, 206, 221, 216
2010,14101020,101,CH4 ,10PPBC,10, 4,9999, 224, 225, 206, 197, 220, 202, 193, 195, 195, 195, 195, 209, 240, 208, 196, 197, 198, 196, 195, 196, 194, 193, 194
2010,14101020,101,CH4 ,10PPBC,10, 5, 194, 195, 195, 191, 191, 191, 195, 198, 212, 195, 190, 191, 191, 190, 190, 189, 188, 188, 190, 190, 192, 191, 199, 204
2010,14101020,101,CH4 ,10PPBC,10, 6, 201, 202, 196, 192, 190, 189, 190, 190, 190, 190,9999,9999, 189, 189, 191, 189, 190, 190, 203, 196, 201, 194, 192, 192
2010,14101020,101,CH4 ,10PPBC,10, 7, 192, 191, 194, 194, 194, 195, 197, 196, 194, 192, 192, 191, 190, 190, 190, 194, 192, 201, 198, 193, 192, 193, 194, 193
2010,14101020,101,CH4 ,10PPBC,10, 8, 192, 192, 191, 190, 191, 191, 192, 190, 190, 191, 194, 192, 192, 189, 189, 189, 188, 189, 190, 189, 191, 194, 213, 232
2010,14101020,101,CH4 ,10PPBC,10, 9,9999, 191, 192, 190, 188, 188, 189, 189, 189, 189, 190, 189, 188, 188, 187, 188, 188, 187, 186, 187, 187, 188, 189, 189
2010,14101020,101,CH4 ,10PPBC,10,10, 188, 189, 189, 187, 187, 186, 186, 189, 193, 189, 188, 186, 196, 217, 220, 199, 197, 197, 199, 208, 225, 217, 225, 245
2010,14101020,101,CH4 ,10PPBC,10,11, 254, 224, 217, 207, 201, 192, 191, 186, 187, 197, 199, 195, 183, 185, 186, 185, 186, 193, 190, 189, 203, 196, 205, 218
2010,14101020,101,CH4 ,10PPBC,10,12,9999, 218, 238, 272, 270, 236, 217, 209, 185, 186, 195, 195, 202, 190, 200, 192, 209, 188, 192, 198, 216, 244, 217, 218
2010,14101020,101,CH4 ,10PPBC,10,13, 225, 221, 211, 202, 202, 202, 203, 203, 201, 197,9999, 197, 201, 191, 188, 188, 186, 189, 189, 196, 196, 203, 193, 197
2010,14101020,101,CH4 ,10PPBC,10,14, 197, 198, 224, 251, 203, 190, 191, 192, 190, 192, 202, 195, 191, 200, 190, 188, 188, 189, 189, 195, 206, 197, 192, 192
2010,14101020,101,CH4 ,10PPBC,10,15, 192, 188, 190, 189, 190, 191, 193, 193, 193, 195, 195, 198, 190, 190, 191, 188, 189, 188, 188, 189, 197, 203, 208, 212
2010,14101020,101,CH4 ,10PPBC,10,16,9999, 201, 192, 192, 190, 188, 190, 191, 191, 190, 192, 197, 197, 191, 189, 191, 191, 193, 193, 194, 191, 196, 199, 201
2010,14101020,101,CH4 ,10PPBC,10,17, 205, 206, 199, 191, 190, 192, 192, 192, 192, 193, 192, 190, 190, 189, 189, 198, 199, 193, 194, 195, 198, 198, 234, 193
2010,14101020,101,CH4 ,10PPBC,10,18, 192, 193, 192, 193, 194, 193, 192, 194, 193, 193, 196, 190, 193, 189, 188, 188, 189, 189, 191, 190, 194, 205, 196, 191
2010,14101020,101,CH4 ,10PPBC,10,19,9999, 189, 187, 189, 189, 189, 191, 191, 190, 189, 189, 189, 188,9999,9999, 189, 190, 189, 190, 191, 192, 192, 192, 192
2010,14101020,101,CH4 ,10PPBC,10,20, 191, 190, 190, 191, 190, 191, 193, 193, 192, 193, 193, 192, 192, 192, 193, 195, 194, 194, 194, 196, 197, 197, 197, 197
2010,14101020,101,CH4 ,10PPBC,10,21, 195, 194, 194, 193, 192, 194, 199, 200, 199, 198, 196, 195, 196, 193, 189, 191, 192, 191, 191, 194, 194, 193, 194, 192
2010,14101020,101,CH4 ,10PPBC,10,22,9999, 190, 190, 189, 187, 187, 189, 190, 190, 189, 188, 188, 189, 189, 191, 192, 192, 193, 194, 191, 193, 196, 202, 193
2010,14101020,101,CH4 ,10PPBC,10,23, 193, 191, 190, 190, 190, 191, 192, 192, 192, 189, 189, 189, 189, 190, 192, 193, 191, 189, 189, 190, 193, 218, 261, 211
2010,14101020,101,CH4 ,10PPBC,10,24, 203, 200, 197, 197, 197, 197, 196, 197, 195, 194, 195, 196, 198, 197, 196, 197, 198, 200, 199, 195, 193, 194, 192, 195
2010,14101020,101,CH4 ,10PPBC,10,25,9999, 195, 194, 193, 191, 190, 189, 190, 189, 191, 194, 196, 193, 201, 235, 238, 237, 246, 216, 202, 211, 214, 224, 226
2010,14101020,101,CH4 ,10PPBC,10,26, 204, 198, 196, 198, 230, 209, 205, 213, 188, 189, 190, 214, 205, 188, 189, 191, 190, 192, 192, 193, 191, 191, 191, 190
2010,14101020,101,CH4 ,10PPBC,10,27, 189, 189, 189, 189, 189, 189, 189, 190, 191, 191,9999, 188, 188, 190, 189, 190, 191, 190, 190, 189, 190, 190, 196, 194
2010,14101020,101,CH4 ,10PPBC,10,28, 194, 192, 191, 190, 189, 191, 190, 191, 190, 189, 187, 187, 187, 187, 187, 187, 187, 188, 187, 188, 188, 187, 188, 187
2010,14101020,101,CH4 ,10PPBC,10,29, 187, 189, 189, 189, 189, 187, 189, 190, 188, 190, 191, 197, 192, 187, 187, 186, 193, 195, 192, 190, 192, 191, 190, 191
2010,14101020,101,CH4 ,10PPBC,10,30,9999, 190, 190, 189, 189, 188, 188, 188, 188, 188, 189, 188, 188, 187, 187, 187, 186, 186, 186, 186, 186, 185, 185, 185
2010,14101020,101,CH4 ,10PPBC,10,31, 185, 185, 185, 185, 185, 185, 186, 187, 187, 187, 187, 187, 187, 187, 187, 187, 187, 188, 190, 190, 189, 189, 188, 189
2010,14101020,101,CH4 ,10PPBC,11, 1, 207, 195, 188, 186, 183, 183, 183, 183, 184, 184, 183, 183, 184, 185, 185, 185, 192, 197, 195, 187, 198, 211, 214, 209
2010,14101020,101,CH4 ,10PPBC,11, 2,9999, 214, 211, 210, 205, 190, 189, 190, 189, 187,9999, 189, 189, 187, 185, 185, 193, 191, 192, 194, 197, 196, 195, 193
2010,14101020,101,CH4 ,10PPBC,11, 3, 191, 190, 190, 190, 191, 190, 191, 192, 191, 190, 190, 190, 191, 194, 194, 193, 192, 191, 191, 192, 193, 194, 194, 194
2010,14101020,101,CH4 ,10PPBC,11, 4, 192, 190, 191, 191, 191, 192, 192, 191, 194, 197, 199, 201, 195, 222, 206, 204, 209, 236, 256, 265, 268, 249, 226, 215
2010,14101020,101,CH4 ,10PPBC,11, 5,9999, 198, 200, 202, 202, 201, 201, 202, 196, 194, 193, 194, 203, 193, 193, 193, 191, 199, 208, 219, 229, 227, 217, 211
2010,14101020,101,CH4 ,10PPBC,11, 6, 202, 201, 199, 198, 197, 197, 199, 201, 196, 194, 195, 195, 201, 196, 194, 199, 200, 202, 203, 217, 212, 231, 227, 211
2010,14101020,101,CH4 ,10PPBC,11, 7, 200, 198, 197, 195, 194, 194, 195, 195, 194, 193, 194, 195, 193, 196, 195, 195, 195, 197, 211, 226, 242, 232, 218, 207
2010,14101020,101,CH4 ,10PPBC,11, 8,9999, 202, 199, 194, 194, 194, 195, 195, 197, 195, 204, 211, 197, 201, 195, 194, 194, 195, 199, 210, 198, 203, 203, 203
2010,14101020,101,CH4 ,10PPBC,11, 9, 204, 204, 206, 204, 206, 211, 218, 199, 196, 194, 190, 190, 190, 192, 190, 190, 189, 191, 191, 191, 193, 193, 194, 202
2010,14101020,101,CH4 ,10PPBC,11,10, 202, 195, 196, 203, 203, 209, 221, 215, 213, 212, 209, 197, 190,9999,9999, 189, 188, 190, 190, 190, 192, 193, 194, 193
2010,14101020,101,CH4 ,10PPBC,11,11, 195, 195, 197, 198, 195, 193, 193, 194, 192, 195, 192, 191, 198, 196, 196, 196, 193, 193, 198, 199, 197, 213, 221, 224
2010,14101020,101,CH4 ,10PPBC,11,12, 217, 203, 203, 202, 201, 199, 202, 204, 207, 203, 213, 199, 193, 193, 191, 192, 190, 197, 207, 212, 199, 207, 208, 209
2010,14101020,101,CH4 ,10PPBC,11,13,9999, 197, 199, 198, 197, 198, 194, 192, 197, 198, 194, 193, 193, 199, 196, 192, 194, 195, 194, 205, 202, 209, 210, 206
2010,14101020,101,CH4 ,10PPBC,11,14, 201, 201, 200, 198, 198, 197, 195, 194, 196, 197, 199, 200, 207, 204, 193, 199, 202, 203, 210, 222, 223, 217, 211, 209
2010,14101020,101,CH4 ,10PPBC,11,15, 215, 216, 206, 203, 204, 201, 199, 197, 192, 191, 192, 192, 192, 194, 206, 189, 190, 190, 190, 191, 191, 199, 193, 191
2010,14101020,101,CH4 ,10PPBC,11,16,9999, 193, 192, 193, 207, 234, 199, 198, 193, 191, 191, 194, 196, 196, 195, 191, 192, 193, 191, 193, 204, 210, 197, 195
2010,14101020,101,CH4 ,10PPBC,11,17, 202, 200, 195, 196, 196, 194, 192, 193, 195, 192,9999, 190, 189, 188, 188, 188, 188, 189, 190, 190, 192, 192, 192, 191
2010,14101020,101,CH4 ,10PPBC,11,18, 192, 192, 194, 193, 191, 191, 192, 194, 196, 194, 191, 189, 189, 190, 189, 188, 189, 191, 191, 192, 192, 192, 193, 194
2010,14101020,101,CH4 ,10PPBC,11,19, 195, 194, 192, 191, 193, 192, 192, 193, 192, 192, 191, 192, 191, 192, 200, 198, 189, 191, 195, 198, 257, 227, 214, 208
2010,14101020,101,CH4 ,10PPBC,11,20,9999, 200, 196, 194, 192, 191, 193, 196, 193, 192, 190, 190, 191, 192, 201, 206, 208, 204, 210, 214, 214, 212, 204, 201
2010,14101020,101,CH4 ,10PPBC,11,21, 198, 195, 193, 193, 192, 193, 191, 191, 191, 190, 189, 189, 190, 191, 191, 192, 193, 197, 201, 206, 215, 220, 219, 217
2010,14101020,101,CH4 ,10PPBC,11,22, 200, 198, 194, 193, 195, 196, 196, 196, 197, 199, 198, 195, 193, 191, 191, 191, 190, 190, 189, 191, 192, 193, 193, 193
2010,14101020,101,CH4 ,10PPBC,11,23,9999, 190, 188, 188, 186, 185, 185, 185, 185, 185, 187, 189, 188, 189, 190, 191, 195, 199, 194, 192, 193, 193, 194, 195
2010,14101020,101,CH4 ,10PPBC,11,24, 192, 190, 189, 190, 191, 190, 192, 193, 191, 191, 192, 192, 194, 195, 193, 192, 192, 193, 192, 192, 211, 257, 248, 228
2010,14101020,101,CH4 ,10PPBC,11,25, 210, 217, 210, 203, 199, 199, 200, 201, 200, 198, 197, 198,9999, 206, 218, 216, 208, 201, 199, 200, 200, 197, 196, 197
2010,14101020,101,CH4 ,10PPBC,11,26, 197, 206, 198, 193, 193, 193, 196, 201, 199, 200, 198, 192, 191, 198, 238, 208, 193, 197, 205, 212, 198, 194, 192, 191
2010,14101020,101,CH4 ,10PPBC,11,27, 191, 190, 191, 189, 189, 188, 190, 191, 191, 190, 188, 190, 191, 195, 189, 188, 188, 190, 190, 189, 192, 205, 219, 219
2010,14101020,101,CH4 ,10PPBC,11,28,9999, 213, 213, 214, 212, 201, 200, 199, 198, 195, 193, 190, 189, 190, 192, 196, 193, 191, 194, 190, 190, 192, 191, 192
2010,14101020,101,CH4 ,10PPBC,11,29, 193, 192, 188, 188, 189, 193, 198, 200, 200, 194, 192, 194, 196, 189, 190, 194, 193, 195, 195, 196, 199, 200, 196, 194
2010,14101020,101,CH4 ,10PPBC,11,30, 195, 195, 195, 193, 193, 191, 192, 196, 194, 192,9999, 203, 196, 194, 193, 192, 194, 194, 198, 201, 205, 203, 202, 198
2010,14101020,101,CH4 ,10PPBC,11,31,9998,9998,9998,9998,9998,9998,9998,9998,9998,9998,9998,9998,9998,9998,9998,9998,9998,9998,9998,9998,9998,9998,9998,9998
2010,14101020,101,CH4 ,10PPBC,12, 1, 197, 198, 199, 203, 202, 204, 204, 205, 209, 211, 201, 195, 192, 208, 193, 192, 198, 196, 193, 221, 218, 223, 216, 206
2010,14101020,101,CH4 ,10PPBC,12, 2, 205, 202, 200, 197, 195, 195, 196, 198, 198, 199, 196, 195, 197, 199, 196, 197, 199, 202, 206, 205, 209, 211, 209, 205
2010,14101020,101,CH4 ,10PPBC,12, 3,9999, 200, 197, 197, 198, 204, 192, 185, 190, 188, 188, 200, 199, 195, 197, 202, 197, 202, 201, 196, 194, 190, 192, 191
2010,14101020,101,CH4 ,10PPBC,12, 4, 202, 209, 208, 192, 195, 202, 192, 193, 196, 193, 190, 191, 189, 189, 193, 196, 195, 193, 192, 191, 192, 193, 193, 193
2010,14101020,101,CH4 ,10PPBC,12, 5, 194, 198, 202, 203, 197, 200, 200, 195, 195, 194, 202, 218, 214, 206, 196, 195, 194, 202, 224, 233, 250, 257, 215, 205
2010,14101020,101,CH4 ,10PPBC,12, 6,9999, 200, 198, 196, 195, 194, 195, 197, 195, 196, 195, 206, 217, 204, 199, 195, 194, 198, 202, 207, 207, 218, 221, 214
2010,14101020,101,CH4 ,10PPBC,12, 7, 210, 207, 205, 204, 204, 207, 208, 207, 204, 201, 196, 194, 190, 190, 192, 193, 192, 190, 191, 192, 193, 191, 189, 189
2010,14101020,101,CH4 ,10PPBC,12, 8, 189, 189, 188, 188, 187, 187, 188, 190, 191, 189, 188, 187, 187,9999,9999, 190, 190, 191, 192, 191, 191, 193, 196, 197
2010,14101020,101,CH4 ,10PPBC,12, 9, 196, 195, 194, 192, 192, 192, 191, 192, 192, 192, 190, 191, 192, 192, 194, 190, 191, 201, 201, 201, 201, 204, 202, 200
2010,14101020,101,CH4 ,10PPBC,12,10, 202, 201, 199, 200, 210, 208, 198, 204, 201, 195, 192, 194, 196, 193, 195, 193, 193, 192, 194, 200, 195, 193, 198, 210
2010,14101020,101,CH4 ,10PPBC,12,11,9999, 219, 214, 206, 204, 200, 201, 203, 201, 188, 188, 191, 186, 186, 187, 185, 189, 188, 189, 194, 195, 197, 202, 195
2010,14101020,101,CH4 ,10PPBC,12,12, 204, 201, 197, 195, 193, 191, 190, 190, 190, 190, 190, 190, 190, 191, 194, 195, 200, 211, 193, 191, 193, 198, 192, 191
2010,14101020,101,CH4 ,10PPBC,12,13, 191, 191, 192, 192, 191, 191, 192, 192, 192, 192, 191, 191, 192, 191, 191, 191, 191, 191, 192, 192, 192, 194, 193, 194
2010,14101020,101,CH4 ,10PPBC,12,14,9999, 198, 195, 190, 189, 189, 189, 192, 194, 197, 197, 194, 190, 191, 201, 190, 192, 191, 195, 194, 203, 207, 191, 200
2010,14101020,101,CH4 ,10PPBC,12,15, 226, 229, 207, 204, 193, 202, 208, 197, 192, 192, 191, 191,9999, 196, 196, 204, 196, 195, 192, 198, 197, 196, 193, 205
2010,14101020,101,CH4 ,10PPBC,12,16, 201, 199, 199, 196, 192, 193, 196, 194, 194, 205, 209, 208, 200, 225, 202, 209, 194, 196, 196, 195, 197, 196, 197, 199
2010,14101020,101,CH4 ,10PPBC,12,17, 197, 198, 199, 198, 198, 195, 198, 199, 197, 193, 191, 191, 191, 191, 194, 193, 194, 196, 199, 217, 243, 243, 223, 213
2010,14101020,101,CH4 ,10PPBC,12,18,9999, 204, 203, 199, 199, 203, 203, 215, 210, 199, 196, 194, 194, 214, 209, 194, 192, 192, 192, 193, 193, 194, 193, 194
2010,14101020,101,CH4 ,10PPBC,12,19, 194, 195, 193, 192, 192, 194, 196, 196, 197, 197, 196, 197, 195, 199, 205, 194, 194, 209, 203, 201, 206, 207, 201, 201
2010,14101020,101,CH4 ,10PPBC,12,20, 199, 197, 194, 195, 196, 197, 201, 212, 207, 203, 198, 196, 195, 189, 202, 212, 213, 221, 216, 203, 201, 204, 204, 203
2010,14101020,101,CH4 ,10PPBC,12,21,9999, 224, 228, 198, 217, 205, 203, 201, 200, 200,9999,9999,9999,9999,9999, 197, 196, 196, 197, 197, 197, 193, 192, 193
2010,14101020,101,CH4 ,10PPBC,12,22, 193, 193, 199, 247, 228, 190, 188, 189, 189, 192, 196, 198, 196, 190, 187, 197, 229, 197, 205, 191, 195, 196, 211, 217
2010,14101020,101,CH4 ,10PPBC,12,23, 213, 200, 190, 202, 191, 188, 189, 189, 188, 189, 188, 188, 188, 189, 189, 189, 190, 192, 193, 193, 199, 197, 199, 213
2010,14101020,101,CH4 ,10PPBC,12,24,9999, 219, 220, 231, 224, 195, 202, 198, 199, 194, 194, 194, 195, 195, 193, 191, 191, 193, 194, 194, 194, 194, 193, 193
2010,14101020,101,CH4 ,10PPBC,12,25, 193, 192, 194, 197, 202, 195, 197, 189, 188, 190, 191, 194, 191, 192, 193, 195, 192, 195, 196, 198, 193, 192, 192, 191
2010,14101020,101,CH4 ,10PPBC,12,26, 194, 194, 196, 194, 190, 190, 189, 190, 191, 189, 192, 190, 190, 188, 193, 191, 191, 189, 193, 192, 192, 192, 194, 195
2010,14101020,101,CH4 ,10PPBC,12,27,9999, 205, 198, 198, 193, 193, 193, 197, 195, 193, 193, 193, 192, 191, 193, 193, 197, 197, 201, 213, 222, 221, 215, 209
2010,14101020,101,CH4 ,10PPBC,12,28, 204, 222, 219, 210, 220, 204, 202, 209, 205, 203, 202, 202, 197, 193, 193, 198, 201, 201, 200, 193, 195, 195, 195, 198
2010,14101020,101,CH4 ,10PPBC,12,29, 199, 210, 205, 197, 199, 198, 197, 203, 198, 198, 193, 193, 191, 192, 193, 193, 194, 194, 193, 194, 194, 196, 196, 198
2010,14101020,101,CH4 ,10PPBC,12,30,9999, 201, 198, 196, 193, 195, 202, 208, 197, 191, 193, 194, 193, 192, 198, 200, 196, 194, 192, 193, 193, 195, 196, 200
2010,14101020,101,CH4 ,10PPBC,12,31, 205, 209, 199, 195, 196, 195, 196, 196, 196, 194, 191, 190, 190, 189, 190, 190, 190, 194, 193, 204, 200, 201, 206, 207
2010,14101020,101,CH4 ,10PPBC, 1, 1, 225, 224, 217, 215, 210, 212, 224, 229, 211, 199, 196, 194, 195, 192, 192, 192, 194, 195, 194, 196, 199, 201, 201, 218
2010,14101020,101,CH4 ,10PPBC, 1, 2,9999, 201, 217, 202, 197, 197, 202, 203, 202, 201, 194, 192, 191, 191, 192, 196, 192, 195, 196, 193, 193, 193, 194, 193
2010,14101020,101,CH4 ,10PPBC, 1, 3, 192, 193, 192, 191, 192, 192, 192, 194, 193, 194, 193, 192, 192, 192, 194, 214, 206, 203, 201, 203, 206, 212, 219, 211
2010,14101020,101,CH4 ,10PPBC, 1, 4, 201, 194, 193, 192, 190, 190, 192, 193, 194, 192, 190, 190, 190, 190, 190, 190, 190, 192, 191, 193, 193, 193, 194, 196
2010,14101020,101,CH4 ,10PPBC, 1, 5,9999, 196, 194, 196, 194, 193, 193, 197, 198, 194,9999,9999, 191, 189, 189, 192, 197, 199, 195, 194, 193, 196, 200, 203
2010,14101020,101,CH4 ,10PPBC, 1, 6, 194, 202, 192, 189, 188, 189, 189, 189, 189, 189, 189, 189, 189, 189, 189, 190, 190, 190, 191, 191, 191, 191, 190, 190
2010,14101020,101,CH4 ,10PPBC, 1, 7, 190, 189, 189, 189, 189, 189, 190, 191, 190, 190, 190,9999,9999,9999, 189, 189, 189, 190, 190, 190, 192, 191, 191, 191
2010,14101020,101,CH4 ,10PPBC, 1, 8, 193, 192, 191, 192, 192, 193, 194, 196, 196, 193, 193, 195, 195, 193, 193, 191, 194, 189, 191, 196, 193, 203, 214, 211
2010,14101020,101,CH4 ,10PPBC, 1, 9, 205, 216, 214, 214, 228, 231, 203, 200, 199, 190, 188, 189, 187, 187, 189, 207, 214, 225, 205, 191, 192, 191, 192, 190
2010,14101020,101,CH4 ,10PPBC, 1,10,9999, 191, 191, 191, 191, 191, 191, 192, 191, 191, 191, 191, 191, 192, 192, 192, 192, 192, 193, 194, 195, 194, 194, 193
2010,14101020,101,CH4 ,10PPBC, 1,11, 192, 192, 192, 192, 191, 192, 192, 194, 195, 195, 193, 193, 194, 193, 192, 196, 198, 196, 199, 201, 195, 194, 193, 197
2010,14101020,101,CH4 ,10PPBC, 1,12, 203, 199, 198, 199, 199, 199, 197, 198, 199, 198,9999,9999, 204, 207, 208, 210, 209, 214, 199, 191, 191, 191, 192, 192
2010,14101020,101,CH4 ,10PPBC, 1,13, 191, 192, 191, 191, 191, 191, 191, 192, 193, 192, 191, 191, 191, 192, 192, 192, 192, 193, 195, 195, 196, 195, 196, 195
2010,14101020,101,CH4 ,10PPBC, 1,14, 194, 194, 193, 193, 195, 199, 202, 203, 207, 203, 197, 204, 215, 199, 197, 195, 196, 199, 213, 224, 241, 241, 220, 211
2010,14101020,101,CH4 ,10PPBC, 1,15,9999, 202, 199, 202, 200, 203, 204, 207, 205, 204, 202, 198, 198, 226, 282, 214, 248, 205, 241, 224, 207, 208, 204, 200
2010,14101020,101,CH4 ,10PPBC, 1,16, 193, 194, 195, 195, 194, 190, 189, 189, 189, 189, 189, 189, 189, 189, 189, 189, 190, 191, 197, 194, 198, 219, 209, 193
2010,14101020,101,CH4 ,10PPBC, 1,17, 194, 199, 201, 193, 210, 217, 220, 217, 209, 206, 196, 191, 189, 190, 190, 190, 189, 190, 191, 193, 193, 192, 194, 196
2010,14101020,101,CH4 ,10PPBC, 1,18,9999, 215, 213, 208, 209, 213, 223, 220, 206, 198,9999, 191, 190, 191, 191, 191, 192, 196, 198, 218, 228, 216, 200, 194
2010,14101020,101,CH4 ,10PPBC, 1,19, 191, 191, 192, 197, 199, 200, 204, 213, 204, 198, 195, 191, 197, 199, 195, 191, 190, 200, 211, 213, 196, 202, 211, 208
2010,14101020,101,CH4 ,10PPBC, 1,20, 207, 203, 200, 199, 198, 194, 195, 196, 195, 196, 192, 190, 194, 195, 193, 192, 193, 191, 191, 191, 191, 191, 191, 191
2010,14101020,101,CH4 ,10PPBC, 1,21,9999, 189, 189, 189, 189, 189, 189, 190, 191, 190, 189, 189, 189, 189, 191, 198, 198, 198, 199, 201, 203, 198, 195, 194
2010,14101020,101,CH4 ,10PPBC, 1,22, 192, 191, 190, 189, 188, 189, 190, 193, 194, 193, 191, 193, 193, 191, 189, 191, 191, 193, 204, 217, 212, 196, 199, 204
2010,14101020,101,CH4 ,10PPBC, 1,23, 207, 209, 206, 207, 205, 199, 202, 201, 201, 201, 198, 198, 194, 192, 192, 196, 194, 194, 197, 207, 195, 196, 196, 197
2010,14101020,101,CH4 ,10PPBC, 1,24,9999, 195, 195, 195, 194, 195, 195, 194, 194, 195, 194, 193, 194, 194, 200, 204, 200, 201, 197, 196, 193, 193, 195, 196
2010,14101020,101,CH4 ,10PPBC, 1,25, 194, 193, 194, 194, 194, 194, 194, 195, 195, 193, 192, 192, 191, 192, 196, 198, 193, 193, 193, 194, 194, 195, 195, 194
2010,14101020,101,CH4 ,10PPBC, 1,26, 193, 192, 195, 198, 203, 206, 209, 215, 210, 199, 196, 202, 198, 194, 194, 194, 193, 192, 192, 193, 193, 194, 193, 193
2010,14101020,101,CH4 ,10PPBC, 1,27,9999, 193, 196, 201, 204, 211, 224, 230, 215, 202,9999, 192, 192, 193, 193, 193, 192, 191, 192, 191, 192, 192, 192, 192
2010,14101020,101,CH4 ,10PPBC, 1,28, 192, 191, 191, 192, 193, 195, 196, 196, 195, 192, 191, 191, 191, 190, 191, 192, 195, 190, 191, 192, 191, 191, 191, 191
2010,14101020,101,CH4 ,10PPBC, 1,29, 191, 190, 190, 189, 190, 190, 190, 191, 193, 195, 205, 196, 193, 191, 192, 191, 192, 194, 200, 194, 199, 209, 201, 201
2010,14101020,101,CH4 ,10PPBC, 1,30,9999, 200, 200, 202, 200, 198, 206, 194, 192, 190, 190, 190, 191, 193, 190, 190, 195, 195, 195, 194, 194, 193, 195, 196
2010,14101020,101,CH4 ,10PPBC, 1,31, 195, 194, 193, 194, 197, 198, 200, 204, 199, 194, 191, 191, 191, 192, 192, 192, 191, 191, 192, 194, 199, 212, 201, 203
2010,14101020,101,CH4 ,10PPBC, 2, 1, 203, 207, 211, 213, 210, 215, 211, 210, 211, 198, 196, 193,9999,9999, 190, 191, 190, 192, 193, 191, 191, 192, 191, 192
2010,14101020,101,CH4 ,10PPBC, 2, 2, 192, 193, 191, 191, 193, 191, 192, 194, 195, 195, 196, 200, 202, 195, 195, 194, 191, 192, 194, 195, 193, 207, 209, 201
2010,14101020,101,CH4 ,10PPBC, 2, 3, 208, 209, 202, 197, 197, 198, 203, 204, 205, 204, 202, 198, 202, 200, 196, 196, 195, 196, 196, 194, 191, 196, 207, 201
2010,14101020,101,CH4 ,10PPBC, 2, 4,9999, 202, 195, 202, 200, 198, 199, 202, 203, 202, 200, 205, 211, 197, 193, 196, 200, 202, 211, 219, 232, 200, 195, 195
2010,14101020,101,CH4 ,10PPBC, 2, 5, 206, 216, 205, 205, 203, 199, 196, 197, 197, 196, 195, 193, 199, 208, 194, 198, 208,9999, 207, 208, 213, 220, 221, 208
2010,14101020,101,CH4 ,10PPBC, 2, 6, 201, 210, 202, 204, 207, 203, 202, 202, 205, 200, 201, 209, 202, 204, 212, 209, 211, 208, 214, 206, 204, 204, 200, 198
2010,14101020,101,CH4 ,10PPBC, 2, 7,9999, 204, 206, 208, 209, 214, 210, 200, 197, 192, 192, 192, 192, 194, 194, 193, 193, 194, 192, 193, 192, 192, 192, 192
2010,14101020,101,CH4 ,10PPBC, 2, 8, 191, 191, 190, 190, 190, 192, 205, 204, 195, 194, 194, 197, 202, 196, 199, 194, 192, 192, 194, 193, 206, 199, 194, 194
2010,14101020,101,CH4 ,10PPBC, 2, 9, 192, 191, 192, 194, 191, 190, 191, 193, 193, 192,9999,9999, 192, 192, 195, 203, 199, 198, 197, 207, 212, 217, 197, 193
2010,14101020,101,CH4 ,10PPBC, 2,10, 192, 192, 191, 191, 191, 191, 191, 193, 193, 192, 192, 193, 193, 193, 204, 202, 199, 195, 197, 199, 195, 195, 195, 195
2010,14101020,101,CH4 ,10PPBC, 2,11, 193, 193, 193, 193, 194, 194, 194, 192, 193, 196, 195, 195, 195, 194, 194, 195, 194, 194, 197, 197, 196, 194, 193, 192
2010,14101020,101,CH4 ,10PPBC, 2,12,9999, 190, 190, 190, 189, 189, 190, 191, 191, 191, 191, 191, 191, 190, 191, 191, 191, 192, 193, 193, 198, 201, 209, 204
2010,14101020,101,CH4 ,10PPBC, 2,13, 203, 203, 199, 199, 201, 197, 195, 199, 197, 194, 191, 192, 192, 192, 193, 192, 194, 196, 200, 200, 199, 197, 199, 201
2010,14101020,101,CH4 ,10PPBC, 2,14, 197, 196, 195, 197, 197, 195, 194, 196, 197, 199, 199, 197, 201, 197,9999, 195, 193, 194, 195, 196, 198, 197, 195, 194
2010,14101020,101,CH4 ,10PPBC, 2,15, 192, 191, 190, 189, 190, 190, 189, 192, 193, 188, 189, 185, 185, 184, 185, 184, 180, 190, 188, 193, 207, 192, 189, 191
2010,14101020,101,CH4 ,10PPBC, 2,16, 190, 189, 189, 188, 188, 189, 192, 193, 192, 192, 192, 208, 201, 194, 194, 194, 194, 194, 191, 194, 208, 218, 205, 201
2010,14101020,101,CH4 ,10PPBC, 2,17,9999, 199, 200, 201, 201, 202, 203, 205, 203, 198, 205, 216, 200, 196, 187, 184, 182, 184, 188, 188, 186, 187, 186, 189
2010,14101020,101,CH4 ,10PPBC, 2,18, 189, 179, 181, 179, 179, 178, 179, 188, 184, 183, 182, 182, 182, 182, 182, 183, 183, 184, 184, 184, 184, 185, 184, 184
2010,14101020,101,CH4 ,10PPBC, 2,19, 184, 184, 184, 184, 184, 184, 184, 185, 185, 186, 187, 187, 188, 187, 190, 187, 186, 186, 186, 187, 189, 196, 202, 192
2010,14101020,101,CH4 ,10PPBC, 2,20,9999, 195, 193, 190, 188, 187, 188, 188, 189, 190, 189, 189, 190, 191, 190, 190, 189, 193, 189, 192, 187, 188, 187, 186
2010,14101020,101,CH4 ,10PPBC, 2,21, 186, 185, 185, 186, 185, 185, 186, 187, 187, 187, 187, 186, 186, 189, 185, 185, 185, 185, 189, 188, 195, 190, 188, 188
2010,14101020,101,CH4 ,10PPBC, 2,22, 187, 187, 187, 187, 188, 189, 193, 197, 196, 186, 187, 188, 188, 187, 189, 189, 189, 188, 188, 188, 187, 188, 187, 192
2010,14101020,101,CH4 ,10PPBC, 2,23,9999, 188, 188, 188, 188, 190, 192, 192, 190, 190, 190,9999,9999, 189, 189, 188, 189, 191, 193, 194, 204, 196, 194, 199
2010,14101020,101,CH4 ,10PPBC, 2,24, 253, 221, 205, 193, 193, 191, 194, 202, 206, 204,9999,9999, 204, 191, 192, 189, 187, 187, 188, 188, 186, 187, 186, 184
2010,14101020,101,CH4 ,10PPBC, 2,25, 188, 184, 182, 193, 191, 193, 194, 182, 190, 184, 188, 187, 183, 183, 184, 191, 189, 191, 192, 187, 188, 188, 187, 187
2010,14101020,101,CH4 ,10PPBC, 2,26,9999, 186, 185, 185, 185, 185, 186, 186, 187, 188, 190, 189, 189, 189, 189, 190, 188, 189, 189, 189, 194, 195, 194, 193
2010,14101020,101,CH4 ,10PPBC, 2,27, 195, 195, 202, 200, 195, 193, 192, 193, 194, 194, 200, 185, 184, 186, 188, 183, 184, 186, 189, 187, 194, 193, 194, 202
2010,14101020,101,CH4 ,10PPBC, 2,28, 196, 193, 193, 188, 187, 186, 186, 187, 188, 188, 187, 186, 185, 186, 186, 186, 186, 187, 187, 188, 188, 188, 188, 187
2010,14101020,101,CH4 ,10PPBC, 2,29,9998,9998,9998,9998,9998,9998,9998,9998,9998,9998,9998,9998,9998,9998,9998,9998,9998,9998,9998,9998,9998,9998,9998,9998
2010,14101020,101,CH4 ,10PPBC, 2,30,9998,9998,9998,9998,9998,9998,9998,9998,9998,9998,9998,9998,9998,9998,9998,9998,9998,9998,9998,9998,9998,9998,9998,9998
2010,14101020,101,CH4 ,10PPBC, 2,31,9998,9998,9998,9998,9998,9998,9998,9998,9998,9998,9998,9998,9998,9998,9998,9998,9998,9998,9998,9998,9998,9998,9998,9998
2010,14101020,101,CH4 ,10PPBC, 3, 1,9999, 188, 188, 189, 188, 189, 190, 191, 191, 191, 193, 192, 196, 198, 202,9999, 209, 196, 191, 191, 191, 193, 193, 193
2010,14101020,101,CH4 ,10PPBC, 3, 2, 191, 192, 192, 191, 212, 195, 191, 190, 190, 186, 188, 188, 186, 187, 187, 189, 186, 185, 186, 187, 187, 188, 190, 189
2010,14101020,101,CH4 ,10PPBC, 3, 3, 187, 186, 186, 186, 186, 186, 187, 187, 187, 186, 186, 186, 186, 186, 186, 186, 186, 187, 188, 188, 187, 188, 187, 188
2010,14101020,101,CH4 ,10PPBC, 3, 4,9999, 188, 187, 186, 188, 190, 190, 189, 188, 186, 186, 186, 187, 187, 188, 188, 187, 188, 190, 190, 190, 191, 192, 193
2010,14101020,101,CH4 ,10PPBC, 3, 5, 193, 193, 194, 193, 196, 195, 193, 191, 188, 188, 188, 188, 189, 189, 189, 188, 189, 188, 187, 188, 189, 193, 192, 192
2010,14101020,101,CH4 ,10PPBC, 3, 6, 193, 193, 194, 193, 193, 193, 195, 197, 195, 195, 196, 197, 203, 217, 195, 192, 194, 199, 203, 209, 208, 203, 203, 204
2010,14101020,101,CH4 ,10PPBC, 3, 7,9999, 194, 189, 187, 186, 191, 192, 188, 186, 189, 191, 190, 187, 187, 187, 189, 185, 188, 189, 189, 191, 193, 197, 188
2010,14101020,101,CH4 ,10PPBC, 3, 8, 191, 192, 187, 190, 191, 193, 195, 198, 201, 193, 194, 192, 191, 195, 193, 191, 191, 190, 190, 189, 191, 200, 206, 206
2010,14101020,101,CH4 ,10PPBC, 3, 9, 198, 193, 193, 194, 193, 194, 195, 193, 195, 192,9999,9999, 187, 187, 189, 186, 190, 188, 186, 186, 189, 188, 185, 186
2010,14101020,101,CH4 ,10PPBC, 3,10, 187, 186, 186, 186, 186, 187, 188, 188, 188, 187, 187, 187, 189,9999,9999, 188,9999, 193, 193, 193, 192, 192, 195, 197
2010,14101020,101,CH4 ,10PPBC, 3,11, 200, 199, 198, 196, 194, 193, 192, 193, 191, 190, 191, 193, 190, 189, 190, 195, 191, 189, 191, 191, 191, 192, 193, 193
2010,14101020,101,CH4 ,10PPBC, 3,12, 193, 195, 197, 200, 202, 205, 201, 198, 196, 193, 193, 192, 193, 194, 194, 193, 194, 197, 197, 196, 196, 198, 199, 209
2010,14101020,101,CH4 ,10PPBC, 3,13,9999, 201, 200, 199, 200, 200, 201, 201, 199, 197, 203, 201, 200, 198, 197, 195, 193, 193, 195, 197, 198, 193, 200, 205
2010,14101020,101,CH4 ,10PPBC, 3,14, 207, 203, 203, 201, 208, 217, 217, 212, 194, 194, 190, 190, 188, 191, 189, 189, 188, 188, 188, 189, 189, 189, 192, 192
2010,14101020,101,CH4 ,10PPBC, 3,15, 197, 199, 199, 196, 193, 194, 192, 192, 192, 193, 195, 195, 202, 205, 199, 192, 191, 192, 195, 196, 206, 198, 200, 203
2010,14101020,101,CH4 ,10PPBC, 3,16,9999, 224, 193, 191, 192, 193, 202, 205, 193, 192, 192, 199, 196, 192, 192,9999, 194, 192, 192, 193, 193, 194, 194, 193
2010,14101020,101,CH4 ,10PPBC, 3,17, 193, 193, 192, 192, 192, 192, 193, 193, 192, 191, 191, 191, 191, 192, 192, 192, 192, 192, 193, 193, 194, 193, 193, 193
2010,14101020,101,CH4 ,10PPBC, 3,18, 192, 191, 191, 191, 191, 191, 192, 193, 193, 193, 192, 193, 194, 195, 194, 194, 193, 193, 192, 192, 198, 199, 196, 203
2010,14101020,101,CH4 ,10PPBC, 3,19,9999, 200, 200, 198, 203, 203, 190, 190, 192, 192, 195, 191, 192, 195, 197, 195, 201, 200, 195, 201, 195, 206, 199, 197
2010,14101020,101,CH4 ,10PPBC, 3,20, 194, 193, 192, 192, 192, 194, 197, 198, 196, 196, 195, 203, 194, 191, 192, 191, 190, 192, 199, 195, 188, 188, 192, 196
2010,14101020,101,CH4 ,10PPBC, 3,21, 196, 192, 194, 194, 195, 186, 195, 196, 196, 196, 195, 195, 193, 195, 196, 191, 190, 190, 191, 191, 191, 191, 200, 195
2010,14101020,101,CH4 ,10PPBC, 3,22,9999, 196, 193, 190, 190, 191, 191, 192, 192, 192, 191, 192, 192, 193, 193, 193, 193, 193, 194, 196, 196, 211, 198, 198
2010,14101020,101,CH4 ,10PPBC, 3,23, 197, 192, 193, 192, 192, 191, 192, 194, 193, 193,9999,9999, 194, 195, 194, 193, 195, 195, 195, 198, 194, 196, 192, 194
2010,14101020,101,CH4 ,10PPBC, 3,24, 193, 195, 192, 194, 198, 197, 197, 194, 192, 193, 196, 194, 191, 193, 192, 192, 191, 192, 194, 197, 195, 195, 197, 195
2010,14101020,101,CH4 ,10PPBC, 3,25, 197, 198, 203, 201, 201, 200, 203, 222, 212, 201, 196, 194, 193, 192, 191, 193, 194, 200, 193, 191, 192, 195, 191, 196
2010,14101020,101,CH4 ,10PPBC, 3,26,9999, 194, 194, 193, 193, 193, 192, 193, 192, 190, 191, 191, 191, 192, 192, 192, 192, 191, 191, 192, 192, 192, 192, 192
2010,14101020,101,CH4 ,10PPBC, 3,27, 192, 192, 192, 191, 192, 193, 194, 192, 192, 191, 191, 191, 193, 195, 194, 193, 195, 196, 195, 197, 197, 195, 194, 195
2010,14101020,101,CH4 ,10PPBC, 3,28, 194, 191, 198, 193, 194, 195, 195, 194, 193, 194, 195, 195, 194, 194, 194, 195, 192, 192, 196, 192, 192, 193, 197, 201
2010,14101020,101,CH4 ,10PPBC, 3,29,9999, 192, 196, 195, 196, 196, 196, 197, 196, 193,9999,9999, 195, 193, 193, 191, 191, 191, 190, 191, 195, 195, 198, 194
2010,14101020,101,CH4 ,10PPBC, 3,30, 195, 196, 197, 195, 194, 195, 195, 194, 195, 195, 193, 194, 193, 190, 190, 192, 190, 191, 190, 193, 196, 195, 192, 191
2010,14101020,101,CH4 ,10PPBC, 3,31, 191, 191, 191, 190, 191, 192, 192, 192, 192, 195, 198, 197, 192, 192, 191, 190, 189, 190, 190, 191, 191, 192, 192, 193
2010,14103510,103,CH4 ,10PPBC, 4, 1, 212, 212, 212, 209, 203, 203, 207, 216, 193, 193, 190, 187, 188, 187, 186, 187, 188, 186, 186, 187, 187, 187, 187, 186
2010,14103510,103,CH4 ,10PPBC, 4, 2, 185, 185, 184, 184, 184, 184, 184, 184, 183, 183, 183, 184,9999,9999, 192, 192, 197, 193, 194, 192, 193, 194, 197, 194
2010,14103510,103,CH4 ,10PPBC, 4, 3, 194, 193, 190, 190, 190, 191, 192, 195, 193, 192, 198, 196, 201, 195, 193, 200, 191, 194, 194, 196, 198, 196, 198, 198
2010,14103510,103,CH4 ,10PPBC, 4, 4, 198, 197, 198, 198, 199, 202, 195, 195, 198, 197, 201, 200, 200, 203, 206, 207, 205, 197, 200, 198, 202, 200, 197, 196
2010,14103510,103,CH4 ,10PPBC, 4, 5, 194, 194, 194, 192, 192, 193, 196, 196, 198, 197, 198, 197, 200, 202, 198, 205, 197, 199, 199, 203, 203, 207, 205, 203
2010,14103510,103,CH4 ,10PPBC, 4, 6, 204, 204, 202, 200, 201, 200, 206, 201, 193, 196, 194, 199, 218, 192, 187, 188, 188, 190, 190, 192, 196, 201, 199, 198
2010,14103510,103,CH4 ,10PPBC, 4, 7, 195, 190, 187, 186, 186, 189, 200, 201, 197, 197, 199, 200, 194, 207, 195, 193, 196, 193, 194, 195, 193, 194, 195, 194
2010,14103510,103,CH4 ,10PPBC, 4, 8, 193, 192, 192, 191, 192, 193, 194, 195, 192, 194, 195, 197, 194, 194, 193, 194, 194, 194, 195, 195, 193, 195, 195, 200
2010,14103510,103,CH4 ,10PPBC, 4, 9, 201, 195, 197, 195, 195, 197, 197, 202, 199, 206, 196, 200, 192, 193,9999, 191, 192, 192, 191, 192, 193, 199, 203, 201
2010,14103510,103,CH4 ,10PPBC, 4,10, 201, 200, 197, 196, 193, 193, 195, 194, 194, 196, 197, 198, 195, 200, 193, 190, 189, 190, 188, 188, 188, 191, 191, 190
2010,14103510,103,CH4 ,10PPBC, 4,11, 188, 188, 189, 187, 188, 187, 191, 192, 192, 191, 193, 191, 209, 207, 202, 193, 194, 193, 191, 191, 193, 193, 196, 194
2010,14103510,103,CH4 ,10PPBC, 4,12, 193, 192, 191, 190, 190, 190, 192, 192, 192, 193, 191, 193, 191, 193, 191, 191, 194, 190, 192, 191, 193, 188, 187, 186
2010,14103510,103,CH4 ,10PPBC, 4,13, 185, 185, 187, 185, 185, 185, 191, 192, 190, 188, 187, 186, 185, 185, 185, 188, 185, 185, 186, 185, 185, 186, 191, 189
2010,14103510,103,CH4 ,10PPBC, 4,14, 191, 192, 188, 188, 188, 190, 189, 191, 191, 191, 191, 192, 192, 193, 193, 191, 190, 191, 193, 193, 193, 193, 194, 192
2010,14103510,103,CH4 ,10PPBC, 4,15, 191, 190, 189, 188, 188, 187, 188, 189, 191, 191, 201,9999, 205, 201, 202, 200, 196, 194, 196, 194, 198, 201, 198, 199
2010,14103510,103,CH4 ,10PPBC, 4,16, 197, 192, 190, 190, 190, 189, 190, 194, 192, 192, 194, 193, 191, 192, 191, 193, 192, 195, 202, 191, 190, 191, 189, 189
2010,14103510,103,CH4 ,10PPBC, 4,17, 188, 187, 187, 186, 188, 187, 187, 188, 191, 191, 189, 190, 190, 190, 191, 192, 191, 193, 191, 193, 194, 196, 198, 196
2010,14103510,103,CH4 ,10PPBC, 4,18, 197, 195, 197, 199, 198, 219, 207, 202, 197, 198, 196, 200, 203, 198, 195, 192, 192, 192, 194, 196, 194, 197, 202, 215
2010,14103510,103,CH4 ,10PPBC, 4,19, 217, 220, 201, 196, 196, 196, 196, 198, 199, 206, 206, 198, 194, 191, 191, 192, 190, 191, 191, 193, 193, 194, 194, 192
2010,14103510,103,CH4 ,10PPBC, 4,20, 191, 191, 190, 190, 189, 188, 189, 191, 188, 188, 188, 187, 186, 186, 186, 187, 189, 188, 188, 193, 195, 201, 197, 197
2010,14103510,103,CH4 ,10PPBC, 4,21, 201, 197, 195, 193, 196, 198, 201, 202, 198, 197, 194, 203, 202, 194, 192, 189, 185, 185, 186, 191, 192, 192, 192, 192
2010,14103510,103,CH4 ,10PPBC, 4,22, 193, 193, 193, 191, 196, 194, 197, 199, 196, 200, 197, 197, 192, 193, 192, 191, 192, 190, 201, 191, 191, 192, 190, 191
2010,14103510,103,CH4 ,10PPBC, 4,23, 190, 189, 189, 188, 188, 188, 191, 193, 193, 194, 194, 195, 195, 192, 193, 197,9999,9999, 202, 199, 194, 199, 198, 209
2010,14103510,103,CH4 ,10PPBC, 4,24, 212, 222, 214, 208, 214, 219, 210, 205, 193, 193, 193, 193, 194, 192, 192, 192, 193, 193, 193, 198, 200, 204, 201, 195
2010,14103510,103,CH4 ,10PPBC, 4,25, 194, 194, 191, 192, 194, 195, 198, 196, 193, 196, 198, 192, 193, 192, 191, 190, 191, 191, 192, 194, 194, 196, 196, 196
2010,14103510,103,CH4 ,10PPBC, 4,26, 200, 199, 199, 200, 200, 198, 197, 198, 197, 204, 206, 201, 199, 194, 195, 195, 193, 195, 196, 196, 198, 198, 200, 196
2010,14103510,103,CH4 ,10PPBC, 4,27, 196, 200, 201, 194, 193, 193, 194, 197, 196, 198, 198, 207, 201, 196, 198, 195, 193, 192, 193, 198, 193, 191, 192, 192
2010,14103510,103,CH4 ,10PPBC, 4,28, 191, 190, 190, 188, 190, 193, 194, 201, 195, 191, 190, 193, 190, 194, 193, 192, 191, 195, 199, 192, 194, 195, 193, 197
2010,14103510,103,CH4 ,10PPBC, 4,29, 197, 195, 197, 199, 190, 187, 187, 187, 186, 186, 186, 186, 185, 189, 186, 187, 188, 188, 189, 190, 191, 191, 192, 192
2010,14103510,103,CH4 ,10PPBC, 4,30, 193, 192, 191, 191, 191, 191, 193, 192, 192, 197, 198, 193, 190,9999, 186, 187, 188, 188, 190, 191, 193, 194, 193, 193
2010,14103510,103,CH4 ,10PPBC, 4,31,9998,9998,9998,9998,9998,9998,9998,9998,9998,9998,9998,9998,9998,9998,9998,9998,9998,9998,9998,9998,9998,9998,9998,9998
2010,14103510,103,CH4 ,10PPBC, 5, 1, 193, 193, 195, 196, 198, 198, 199, 197, 195, 196, 196, 195, 195, 190, 190, 191, 190, 191, 191, 194, 193, 193, 192, 193
2010,14103510,103,CH4 ,10PPBC, 5, 2, 195, 198, 197, 196, 198, 195, 195, 194, 195, 199, 199, 202, 198, 196, 192, 190, 191, 190, 191, 192, 193, 193, 192, 192
2010,14103510,103,CH4 ,10PPBC, 5, 3, 193, 197, 200, 201, 200, 200, 200, 200, 202, 207, 206, 196, 191, 189, 188, 190, 188, 188, 190, 189, 188, 188, 189, 189
2010,14103510,103,CH4 ,10PPBC, 5, 4, 188, 187, 187, 188, 188, 189, 190, 189, 188, 190, 189, 188, 188, 188, 188, 189, 189, 189, 189, 188, 190, 191, 191, 190
2010,14103510,103,CH4 ,10PPBC, 5, 5, 188, 188, 188, 190, 191, 195, 198, 196, 196, 196, 203, 205, 206, 201, 189, 186, 186, 187, 189, 188, 188, 189, 187, 187
2010,14103510,103,CH4 ,10PPBC, 5, 6, 187, 186, 185, 185, 185, 185, 187, 187, 184, 184, 183, 182, 182, 182, 182, 181, 180, 181, 181, 181, 181, 182, 182, 182
2010,14103510,103,CH4 ,10PPBC, 5, 7, 182, 182, 182, 181, 181, 181, 181, 181, 182, 181, 181, 180, 180, 179, 179,9999, 177, 179, 180, 179, 181, 180, 181, 188
2010,14103510,103,CH4 ,10PPBC, 5, 8, 187, 187, 186, 185, 187, 187, 189, 189, 193, 193, 190, 190, 193, 188, 187, 187, 186, 187, 187, 188, 187, 187, 187, 187
2010,14103510,103,CH4 ,10PPBC, 5, 9, 187, 186, 188, 192, 195, 197, 194, 191, 190, 190, 194, 194, 193, 192, 190, 190, 191, 192, 191, 191, 194, 196, 193, 190
2010,14103510,103,CH4 ,10PPBC, 5,10, 195, 193, 193, 191, 191, 192, 193, 194, 192, 192, 193, 196, 196, 192, 190, 188, 189, 189, 190, 190, 192, 191, 189, 189
2010,14103510,103,CH4 ,10PPBC, 5,11, 188, 189, 187, 186, 187, 188, 191, 191, 195, 195, 191, 192, 194, 193, 191, 201, 195, 191, 192, 191, 192, 195, 190, 191
2010,14103510,103,CH4 ,10PPBC, 5,12, 190, 189, 189, 188, 187, 187, 189, 193, 191, 189, 189, 192, 187, 188, 189, 199, 187, 189, 191, 191, 190, 191, 192, 191
2010,14103510,103,CH4 ,10PPBC, 5,13, 191, 190, 189, 188, 188, 190, 189, 193, 190, 189, 189, 189, 189, 189, 189, 189, 189, 191, 192, 190, 190, 189, 193, 190
2010,14103510,103,CH4 ,10PPBC, 5,14, 191, 190, 190, 190, 189, 190, 192, 191, 192, 190, 189, 194,9999, 190, 190, 190, 191, 193, 191, 192, 193, 191, 190, 191
2010,14103510,103,CH4 ,10PPBC, 5,15, 190, 190, 191, 189, 189, 193, 198, 196, 192, 191, 191, 189, 189, 189, 190, 190, 190, 189, 190, 193, 192, 191, 190, 190
2010,14103510,103,CH4 ,10PPBC, 5,16, 191, 193, 193, 196, 198, 199, 191, 190, 188, 191, 189, 187, 187, 186, 186, 186, 186, 186, 187, 188, 188, 191, 192, 193
2010,14103510,103,CH4 ,10PPBC, 5,17, 194, 198, 199, 194, 193, 195, 195, 196, 194, 193, 196, 195, 191, 191, 188, 187, 186, 187, 187, 188, 188, 190, 195, 189
2010,14103510,103,CH4 ,10PPBC, 5,18, 189, 189, 192, 196, 195, 198, 194, 189, 187, 187, 186, 186, 186, 185, 185, 185, 185, 185, 185, 186, 186, 186, 186, 186
2010,14103510,103,CH4 ,10PPBC, 5,19, 185, 185, 184, 185, 184, 184, 185, 185, 186, 185, 185, 186, 185, 185, 185, 184, 184, 185, 184, 185, 184, 184, 184, 184
2010,14103510,103,CH4 ,10PPBC, 5,20, 183, 183, 183, 183, 183, 183, 184, 187, 187, 190, 189, 190, 190, 186, 193, 192, 191, 192, 191, 192, 193, 195, 194, 193
2010,14103510,103,CH4 ,10PPBC, 5,21, 191, 192, 191, 190, 193, 194, 197, 195, 194, 192, 197, 197, 193,9999,9999,9999, 190, 190, 191, 192, 192, 193, 195, 196
2010,14103510,103,CH4 ,10PPBC, 5,22, 198, 200, 200, 202, 204, 200, 203, 199, 203, 204, 199, 197, 196, 198, 196, 196, 197, 193, 192, 191, 191, 193, 195, 193
2010,14103510,103,CH4 ,10PPBC, 5,23, 192, 192, 192, 195, 197, 200, 204, 209, 206, 202, 201, 200, 197, 199, 199, 196, 194, 191, 195, 193, 193, 190, 189, 190
2010,14103510,103,CH4 ,10PPBC, 5,24, 191, 190, 189, 191, 195, 189, 192, 191, 190, 191, 191, 192, 191, 194, 195, 191, 191, 195, 201, 188, 184, 186, 187, 187
2010,14103510,103,CH4 ,10PPBC, 5,25, 186, 187, 187, 187, 187, 187, 190, 192, 189, 188, 187, 187, 187, 187, 187, 188, 189, 190, 192, 192, 192, 193, 189, 189
2010,14103510,103,CH4 ,10PPBC, 5,26, 189, 189, 188, 188, 189, 191, 194, 195, 193, 191, 192, 190, 189, 189, 190, 192, 195, 190, 190, 195, 198, 197, 196, 193
2010,14103510,103,CH4 ,10PPBC, 5,27, 192, 189, 191, 187, 187, 188, 196, 190, 189, 189, 189, 188, 187, 186, 190, 187, 187, 188, 189, 188, 192, 190, 188, 188
2010,14103510,103,CH4 ,10PPBC, 5,28, 189, 188, 188, 187, 188, 188, 189, 192, 188, 191, 188, 190, 191,9999, 189, 191, 189, 187, 189, 189, 191, 190, 190, 190
2010,14103510,103,CH4 ,10PPBC, 5,29, 191, 189, 192, 189, 189, 190, 191, 190, 197, 203, 199, 194, 201, 193, 197, 199, 202, 197, 195, 191, 199, 197, 196, 194
2010,14103510,103,CH4 ,10PPBC, 5,30, 192, 191, 189, 189, 189, 189, 189, 189, 191, 190, 190, 190, 192, 194, 194, 193, 192, 192, 195, 191, 191, 189, 191, 191
2010,14103510,103,CH4 ,10PPBC, 5,31, 194, 193, 192, 194, 194, 196, 201, 202, 202, 200, 195, 198, 191, 192, 190, 189, 190, 195, 189, 189, 189, 193, 194, 190
2010,14103510,103,CH4 ,10PPBC, 6, 1, 190, 193, 193, 194, 205, 199, 199, 198, 200, 195, 195, 194, 191, 191, 189, 191, 197, 191, 192, 194, 193, 193, 192, 191
2010,14103510,103,CH4 ,10PPBC, 6, 2, 192, 197, 201, 193, 194, 203, 198, 193, 193, 194, 195, 194, 192, 192, 193, 194, 192, 193, 198, 189, 189, 189, 191, 191
2010,14103510,103,CH4 ,10PPBC, 6, 3, 193, 197, 200, 202, 204, 210, 199, 197, 200, 195, 192, 192, 189, 192, 187, 186, 187, 187, 187, 186, 187, 188, 189, 189
2010,14103510,103,CH4 ,10PPBC, 6, 4, 188, 188, 189, 192, 195, 197, 194, 192, 188, 187, 188, 186, 186, 186, 186,9999,9999, 183, 184, 184, 185, 186, 186, 192
2010,14103510,103,CH4 ,10PPBC, 6, 5, 189, 190, 188, 188, 189, 189, 191, 192, 194, 191, 193, 193, 192, 191, 191, 191, 192, 191, 190, 191, 192, 191, 192, 194
2010,14103510,103,CH4 ,10PPBC, 6, 6, 197, 194, 191, 191, 196, 193, 191, 194, 193, 194, 194, 202, 196, 194, 192, 187, 194, 187, 186, 188, 189, 189, 189, 188
2010,14103510,103,CH4 ,10PPBC, 6, 7, 191, 191, 189, 191, 191, 194, 194, 194, 194, 195, 199, 196, 191, 188, 186, 186, 187, 187, 186, 185, 187, 186, 187, 189
2010,14103510,103,CH4 ,10PPBC, 6, 8, 189, 188, 186, 188, 192, 189, 195, 193, 195, 193, 200, 204, 195, 197, 200, 199, 204, 193, 195, 200, 207, 196, 196, 194
2010,14103510,103,CH4 ,10PPBC, 6, 9, 197, 196, 192, 191, 191, 191, 192, 196, 198, 201, 198, 194, 206, 200, 203, 211, 203, 195, 196, 197, 201, 196, 195, 194
2010,14103510,103,CH4 ,10PPBC, 6,10, 193, 190, 191, 190, 191, 193, 194, 192, 193, 190, 191, 194,9999, 187, 186, 188, 189, 192, 191, 191, 188, 194, 191, 191
2010,14103510,103,CH4 ,10PPBC, 6,11, 193, 196, 191, 190, 189, 189, 193, 194, 195, 197, 203, 191, 190, 189, 186, 187, 186, 186, 185, 186, 187, 186, 187, 185
2010,14103510,103,CH4 ,10PPBC, 6,12, 185, 186, 186, 187, 188, 190, 192, 189, 187, 192, 193, 188, 185, 184, 184, 184, 183, 184, 183, 183, 183, 183, 184, 183
2010,14103510,103,CH4 ,10PPBC, 6,13, 183, 183, 183, 183, 182, 182, 183, 184, 183, 183, 183, 185, 183, 184, 184, 185, 184, 185, 185, 185, 186, 186, 186, 185
2010,14103510,103,CH4 ,10PPBC, 6,14, 186, 186, 186, 185, 185, 186, 187, 190, 192, 192, 192, 192, 193, 191, 192, 194, 188, 191, 186, 186, 187, 189, 189, 188
2010,14103510,103,CH4 ,10PPBC, 6,15, 189, 190, 191, 194, 200, 203, 206, 195, 188, 191, 187, 185, 187, 186, 187, 197, 188, 188, 187, 185, 184, 184, 188, 187
2010,14103510,103,CH4 ,10PPBC, 6,16, 189, 189, 189, 177, 172, 172, 172, 172, 173, 175, 176, 179, 178, 179, 182, 184, 186, 186, 186, 189, 188, 188, 190, 192
2010,14103510,103,CH4 ,10PPBC, 6,17, 189, 186, 189, 190, 192, 198, 196, 198, 194, 192, 192, 192, 190, 189, 190, 187, 186, 186, 186, 190, 185, 184, 183, 183
2010,14103510,103,CH4 ,10PPBC, 6,18, 183, 182, 183, 185, 185, 188, 197, 196, 195, 194,9999,9999, 183, 179, 175, 177, 181, 183, 184, 184, 187, 187, 188, 189
2010,14103510,103,CH4 ,10PPBC, 6,19, 188, 189, 173, 172, 172, 175, 185, 190, 190, 193, 192, 185, 179, 180, 183, 183, 183, 184, 184, 182, 183, 176, 174, 175
2010,14103510,103,CH4 ,10PPBC, 6,20, 174, 173, 173, 174, 174, 177, 185, 180, 176, 176, 176, 176, 177, 177, 176, 180, 178, 178, 180, 176, 176, 176, 175, 175
2010,14103510,103,CH4 ,10PPBC, 6,21, 176, 176, 175, 174, 174, 175, 176, 177, 176, 175, 176, 175, 175, 174, 175, 175, 176, 178, 179, 181, 182, 185, 184, 185
2010,14103510,103,CH4 ,10PPBC, 6,22, 181, 178, 180, 182, 181, 179, 183, 190, 187, 185, 180, 177, 178, 186, 180, 182, 177, 177, 176, 177, 180, 178, 179, 178
2010,14103510,103,CH4 ,10PPBC, 6,23, 178, 177, 177, 177, 177, 178, 177, 176, 179, 174, 174, 173, 172, 173, 177, 188, 184, 183, 185, 179, 178, 182, 187, 186
2010,14103510,103,CH4 ,10PPBC, 6,24, 188, 191, 190, 191, 191, 188, 188, 189, 191, 190, 190, 190, 197, 199,9999, 197, 198, 196, 197, 196, 193, 194, 194, 193
2010,14103510,103,CH4 ,10PPBC, 6,25, 196, 196, 199, 202, 200, 204, 198, 203, 201, 194, 193, 203, 204, 194, 193, 193, 184, 184, 186, 186, 186, 186, 186, 185
2010,14103510,103,CH4 ,10PPBC, 6,26, 187, 185, 183, 183, 184, 183, 181, 182, 178, 178, 178, 181, 178, 179, 179, 177, 177, 178, 178, 178, 178, 178, 178, 177
2010,14103510,103,CH4 ,10PPBC, 6,27, 177, 176, 176, 176, 176, 176, 176, 176, 176, 176, 176, 176, 176, 176, 175, 175, 176, 175, 176, 177, 177, 179, 179, 183
2010,14103510,103,CH4 ,10PPBC, 6,28, 178, 178, 186, 186, 190, 194, 197, 193, 190, 187, 186, 191, 206, 197, 191, 190, 190, 198, 193, 190, 188, 188, 191, 193
2010,14103510,103,CH4 ,10PPBC, 6,29, 192, 193, 194, 194, 196, 198, 206, 216, 229, 220, 212, 206, 215, 199, 193, 183, 183, 187, 187, 186, 182, 180, 185, 211
2010,14103510,103,CH4 ,10PPBC, 6,30, 214, 191, 187, 183, 185, 181, 181, 184, 183, 184, 183, 183, 181, 184, 187, 186, 185, 188, 190, 187, 184, 186, 185, 184
2010,14103510,103,CH4 ,10PPBC, 6,31,9998,9998,9998,9998,9998,9998,9998,9998,9998,9998,9998,9998,9998,9998,9998,9998,9998,9998,9998,9998,9998,9998,9998,9998
2010,14103510,103,CH4 ,10PPBC, 7, 1, 183, 184, 181, 180, 180, 180, 182, 181, 182, 182, 183, 181, 180, 179, 179, 177, 177, 178, 178, 180, 180, 180, 180, 183
2010,14103510,103,CH4 ,10PPBC, 7, 2, 186, 185, 185, 186, 187, 188, 192, 194, 197, 202, 193, 183,9999, 176, 176, 176, 179, 177, 178, 178, 179, 179, 179, 180
2010,14103510,103,CH4 ,10PPBC, 7, 3, 179, 179, 190, 192, 192, 193, 200, 200, 196, 190, 188, 186, 183, 182, 180, 180, 180, 180, 179, 179, 177, 180, 176, 177
2010,14103510,103,CH4 ,10PPBC, 7, 4,9999, 175, 177, 179, 179, 183, 187, 192, 190, 198, 197, 199, 197, 197, 200, 189, 185, 186, 186, 187, 190, 193, 198, 199
2010,14103510,103,CH4 ,10PPBC, 7, 5, 207, 208, 205, 203, 192, 192, 194, 193, 193, 203, 199, 194, 192, 187, 185, 200, 190, 186, 187, 188, 192, 190, 189, 188
2010,14103510,103,CH4 ,10PPBC, 7, 6, 188, 189, 191, 192, 193, 192, 193, 192, 194, 196, 196, 196, 190, 190, 188, 187, 190, 193, 196, 196, 196, 197, 196, 194
2010,14103510,103,CH4 ,10PPBC, 7, 7, 193, 193, 192, 192, 192, 195, 201, 200, 197, 200, 199, 196, 196, 192, 192, 191, 189, 188, 187, 186, 186, 187, 187, 187
2010,14103510,103,CH4 ,10PPBC, 7, 8, 189, 192, 188, 187, 188, 189, 196, 199, 193, 191, 188, 186, 186, 188, 192, 190, 191, 189, 184, 182, 184, 185, 182, 180
2010,14103510,103,CH4 ,10PPBC, 7, 9, 178, 179, 178, 179, 180, 183, 184, 187, 190, 193, 192, 188, 185, 182, 179,9999, 180, 181, 184, 181, 179, 178, 175, 178
2010,14103510,103,CH4 ,10PPBC, 7,10, 179, 179, 179, 181, 182, 182, 183, 182, 182, 183, 183, 183, 183, 183, 184, 185, 184, 185, 185, 186, 187, 189, 191, 193
2010,14103510,103,CH4 ,10PPBC, 7,11, 197, 200, 200, 201, 199, 198, 200, 199, 198, 194, 191, 189, 187, 184, 179, 179, 177, 177, 176, 175, 176, 175, 175, 174
2010,14103510,103,CH4 ,10PPBC, 7,12, 174, 174, 174, 174, 174, 174, 175, 175, 175, 179, 175, 175, 175, 175, 174, 174, 174, 175, 176, 176, 176, 176, 176, 176
2010,14103510,103,CH4 ,10PPBC, 7,13, 177, 176, 176, 177, 179, 183, 190, 204, 207, 204, 201, 207, 198, 197, 196, 197, 195, 196, 197, 201, 196, 201, 201, 201
2010,14103510,103,CH4 ,10PPBC, 7,14, 200, 203, 205, 197, 196, 197, 181, 176, 176, 176, 178, 176, 176, 176, 176, 176, 176, 177, 178, 177, 177, 177, 177, 176
2010,14103510,103,CH4 ,10PPBC, 7,15, 176, 176, 176, 176, 176, 176, 177, 177, 178, 177,9999,9999, 173, 174, 174, 174, 174, 175, 175, 176, 176, 176, 176, 177
2010,14103510,103,CH4 ,10PPBC, 7,16, 176, 175, 175, 175, 176, 175, 178, 176, 176, 176, 175, 175, 175, 177, 176, 175, 175, 175, 175, 176, 181, 176, 176, 176
2010,14103510,103,CH4 ,10PPBC, 7,17, 176, 176, 175, 175, 176, 176, 176, 176, 176, 176, 177, 177, 177, 177, 177, 176, 176, 178, 176, 176, 176, 177, 177, 177
2010,14103510,103,CH4 ,10PPBC, 7,18, 176, 176, 176, 176, 178, 177, 177, 177, 177, 177, 176, 175, 176, 176, 175, 176, 175, 175, 175, 176, 176, 176, 176, 176
2010,14103510,103,CH4 ,10PPBC, 7,19, 176, 176, 176, 176, 177, 176, 177, 177, 176, 177, 177, 177, 176, 176, 177, 178, 176, 177, 176, 177, 177, 178, 177, 177
2010,14103510,103,CH4 ,10PPBC, 7,20, 177, 178, 178, 178, 180, 181, 185, 191, 189, 186, 187, 181, 180, 178, 177, 177, 176, 177, 176, 178, 178, 179, 180, 178
2010,14103510,103,CH4 ,10PPBC, 7,21, 177, 177, 178, 178, 180, 181, 184, 196, 193, 191, 201, 197, 195, 195, 184, 182, 179, 176, 177, 177, 178, 177, 177, 178
2010,14103510,103,CH4 ,10PPBC, 7,22, 178, 181, 182, 178, 179, 180, 183, 182, 183, 185, 186, 183, 178, 178, 186, 176, 177, 175, 175, 173, 174, 174, 173, 173
2010,14103510,103,CH4 ,10PPBC, 7,23, 175, 178, 178, 179, 188, 184, 184, 189, 189, 189,9999,9999, 202, 191, 187, 184, 180, 178, 177, 176, 176, 179, 178, 177
2010,14103510,103,CH4 ,10PPBC, 7,24, 178, 178, 179, 183, 190, 188, 189, 188, 189, 187, 191, 197, 193, 188, 184, 183, 181, 180, 182, 180, 179, 180, 183, 183
2010,14103510,103,CH4 ,10PPBC, 7,25, 183, 183, 184, 184, 186, 189, 188, 186, 182, 183, 182, 181, 180, 177, 177, 179, 180, 181, 180, 180, 184, 185, 187, 187
2010,14103510,103,CH4 ,10PPBC, 7,26, 190, 190, 185, 186, 187, 187, 187, 185, 188, 196, 192, 184, 178, 178, 179, 177, 178, 177, 179, 180, 189, 182, 184, 184
2010,14103510,103,CH4 ,10PPBC, 7,27, 188, 184, 186, 187, 189, 189, 188, 181, 177, 177, 176, 176, 175, 175, 175, 175, 175, 175, 176, 176, 176, 177, 177, 177
2010,14103510,103,CH4 ,10PPBC, 7,28, 177, 177, 178, 178, 177, 176, 177, 177, 176, 177, 176, 178, 179, 177, 178, 177, 179, 177, 177, 177, 178, 178, 178, 178
2010,14103510,103,CH4 ,10PPBC, 7,29, 178, 178, 178, 177, 177, 178, 178, 178, 178, 179, 177, 176, 175,9999,9999, 174, 174, 174, 175, 175, 174, 174, 173, 174
2010,14103510,103,CH4 ,10PPBC, 7,30, 173, 173, 173, 172, 172, 172, 188, 175, 175, 173, 173, 173, 174, 174, 175, 174, 176, 175, 175, 175, 176, 178, 182, 182
2010,14103510,103,CH4 ,10PPBC, 7,31, 183, 180, 179, 182, 187, 190, 192, 187, 187, 188, 189, 180, 178, 178, 178, 177, 178, 178, 180, 181, 181, 181, 181, 180
2010,14103510,103,CH4 ,10PPBC, 8, 1, 181, 182, 181, 183, 185, 190, 183, 186, 187, 188, 183, 180, 179, 181, 182, 184, 183, 182, 183, 183, 181, 179, 178, 177
2010,14103510,103,CH4 ,10PPBC, 8, 2, 176, 175, 175, 175, 176, 176, 177, 176, 175, 174, 175, 174, 174, 174, 174, 173, 175, 174, 179, 176, 175, 176, 175, 175
2010,14103510,103,CH4 ,10PPBC, 8, 3, 174, 174, 174, 175, 175, 175, 175, 174, 174, 175, 176, 175, 175, 175, 175, 175, 175, 175, 175, 175, 175, 175, 175, 175
2010,14103510,103,CH4 ,10PPBC, 8, 4, 175, 176, 175, 178, 180, 177, 177, 175, 177, 175, 175, 177, 175, 175,9999,9999,9999,9999, 174, 177, 176, 177, 177, 177
2010,14103510,103,CH4 ,10PPBC, 8, 5, 177, 177, 176, 177, 178, 179, 183, 180, 178, 180,9999,9999,9999, 174, 173, 173, 174, 173, 174, 174, 173, 174, 174, 174
2010,14103510,103,CH4 ,10PPBC, 8, 6, 176, 174, 173, 173, 174, 174, 177, 178, 176, 174, 175, 175, 176, 177, 175, 176, 176, 177, 177, 178, 178, 179, 178, 179
2010,14103510,103,CH4 ,10PPBC, 8, 7, 179, 178, 179, 179, 180, 181, 181, 183, 184, 182, 181, 180, 180, 180, 179, 179, 177, 176, 176, 175, 176, 176, 176, 177
2010,14103510,103,CH4 ,10PPBC, 8, 8, 176, 176, 176, 176, 178, 183, 183, 179, 178, 177, 176, 175, 175, 176, 175, 175, 178, 175, 176, 176, 176, 177, 175, 175
2010,14103510,103,CH4 ,10PPBC, 8, 9, 177, 177, 176, 175, 176, 176, 178, 177, 181, 181, 183, 179, 177, 174, 174, 175, 174, 174, 175, 175, 176, 176, 175, 176
2010,14103510,103,CH4 ,10PPBC, 8,10, 175, 175, 176, 175, 177, 177, 176, 175, 175, 175, 178, 177, 176, 175, 173, 173, 173, 173, 174, 175, 175, 174, 175, 174
2010,14103510,103,CH4 ,10PPBC, 8,11, 174, 174, 173, 173, 173, 173, 175, 174, 174, 173, 172, 173, 173, 172, 172, 172, 172, 172, 171, 172, 172, 172, 172, 172
2010,14103510,103,CH4 ,10PPBC, 8,12, 171, 171, 171, 171, 171, 171, 172, 171, 171, 171, 171, 172, 172, 174, 176, 174, 174, 174, 175, 175, 177, 178, 179, 180
2010,14103510,103,CH4 ,10PPBC, 8,13, 177, 176, 181, 182, 181, 180, 183, 181, 191, 185,9999,9999, 190, 188, 187, 184, 186, 187, 185, 188, 190, 191, 191, 191
2010,14103510,103,CH4 ,10PPBC, 8,14, 196, 202, 200, 195, 187, 177, 176, 176, 176, 176, 176, 177, 176, 175, 176, 178, 178, 177, 177, 178, 178, 177, 177, 177
2010,14103510,103,CH4 ,10PPBC, 8,15, 177, 179, 177, 176, 176, 176, 176, 177, 177, 176, 178, 176, 176, 177, 177, 178, 177, 176, 177, 177, 177, 176, 176, 177
2010,14103510,103,CH4 ,10PPBC, 8,16, 178, 179, 183, 190, 195, 199, 196, 195, 189, 188, 190, 186, 185, 195, 190, 189, 181, 181, 182, 183, 180, 181, 179, 181
2010,14103510,103,CH4 ,10PPBC, 8,17, 182, 185, 186, 188, 191, 200, 206, 204, 210, 202, 196, 186, 186, 181, 184, 183, 183, 180, 178, 178, 179, 179, 180, 180
2010,14103510,103,CH4 ,10PPBC, 8,18, 185, 187, 187, 186, 184, 186, 188, 193, 192, 187, 184, 189, 190, 183, 181, 180, 178, 182, 180, 180, 179, 182, 183, 184
2010,14103510,103,CH4 ,10PPBC, 8,19, 183, 196, 190, 194, 194, 191, 189, 199, 194, 186, 192, 188,9999,9999, 186, 186, 188, 188, 186, 188, 188, 191, 192, 195
2010,14103510,103,CH4 ,10PPBC, 8,20, 192, 197, 203, 207, 211, 200, 202, 195, 194, 198, 200, 209, 199, 194, 191, 191, 192, 192, 196, 193, 195, 196, 194, 193
2010,14103510,103,CH4 ,10PPBC, 8,21, 192, 191, 193, 194, 194, 195, 195, 196, 198, 200, 195, 196, 195, 191, 187, 186, 185, 186, 185, 188, 187, 186, 185, 185
2010,14103510,103,CH4 ,10PPBC, 8,22, 185, 186, 184, 184, 183, 184, 185, 185, 185, 187, 187, 185, 185, 183, 183, 184, 184, 183, 184, 183, 182, 184, 183, 183
2010,14103510,103,CH4 ,10PPBC, 8,23, 183, 182, 182, 183, 183, 184, 185, 184, 187, 190, 188, 185, 182, 181, 183, 182, 182, 182, 183, 182, 183, 183, 183, 182
2010,14103510,103,CH4 ,10PPBC, 8,24, 182, 181, 182, 182, 181, 182, 183, 184, 185, 182, 187, 188, 182, 183, 182, 182, 183, 182, 182, 183, 182, 183, 184, 183
2010,14103510,103,CH4 ,10PPBC, 8,25, 182, 182, 183, 184, 185, 188, 190, 184, 183, 183, 184, 186, 183, 182, 182, 181, 182, 182, 181, 182, 183, 182, 182, 183
2010,14103510,103,CH4 ,10PPBC, 8,26, 185, 190, 195, 193, 192, 193, 189, 184, 182, 182, 182, 182, 182, 182, 183, 182,9999, 181, 182, 183, 184, 184, 184, 184
2010,14103510,103,CH4 ,10PPBC, 8,27, 184, 185, 185, 188, 189, 195, 197, 198, 196, 191, 190, 192, 185, 183, 182, 179, 178, 177, 177, 177, 178, 177, 178, 178
2010,14103510,103,CH4 ,10PPBC, 8,28, 177, 177, 177, 176, 178, 177, 179, 178, 180, 179, 178, 178, 178, 178, 177, 178, 178, 178, 179, 179, 178, 179, 179, 180
2010,14103510,103,CH4 ,10PPBC, 8,29, 186, 184, 179, 182, 185, 185, 184, 187, 183, 183, 186, 180, 178, 181, 178, 178, 177, 177, 177, 179, 178, 179, 180, 180
2010,14103510,103,CH4 ,10PPBC, 8,30, 182, 188, 191, 193, 195, 198, 201, 204, 203, 203, 197, 193, 192, 189, 190, 186, 179, 177, 178, 179, 178, 181, 181, 181
2010,14103510,103,CH4 ,10PPBC, 8,31, 179, 182, 185, 186, 188, 191, 200, 207, 203, 199, 194, 187, 184, 181, 181, 179, 178, 178, 181, 182, 181, 181, 184, 179
2010,14103510,103,CH4 ,10PPBC, 9, 1, 178, 179, 179, 178, 178, 179, 180, 181, 181, 179, 181, 185, 186, 180, 180, 181, 184, 183, 185, 185, 184, 184, 184, 185
2010,14103510,103,CH4 ,10PPBC, 9, 2, 184, 185, 185, 189, 188, 187, 186, 185, 185, 187, 186, 187, 186, 185, 184, 185, 185, 185, 184, 184, 184, 184, 184, 183
2010,14103510,103,CH4 ,10PPBC, 9, 3, 183, 183, 184, 184, 188, 190, 191, 187, 192, 184, 185, 183, 182, 182, 181,9999,9999, 181, 181, 181, 183, 181, 183, 184
2010,14103510,103,CH4 ,10PPBC, 9, 4, 185, 191, 191, 186, 193, 192, 192, 187, 188, 190, 192, 188, 188, 188, 189, 189, 184, 184, 184, 188, 185, 185, 184, 186
2010,14103510,103,CH4 ,10PPBC, 9, 5, 185, 183, 184, 186, 187, 187, 186, 184, 185, 184, 183, 184, 183, 183, 182, 182, 182, 181, 182, 180, 182, 182, 182, 181
2010,14103510,103,CH4 ,10PPBC, 9, 6, 181, 180, 178, 176, 176, 177, 178, 180, 181, 183, 182, 178, 178, 177, 177, 176, 176, 179, 179, 180, 179, 179, 178, 177
2010,14103510,103,CH4 ,10PPBC, 9, 7, 176, 176, 176, 176, 176, 176, 177, 178, 177, 177, 178, 176, 176, 177, 176, 176, 177, 177, 177, 178, 177, 177, 177, 178
2010,14103510,103,CH4 ,10PPBC, 9, 8, 177, 181, 188, 187, 185, 188, 193, 202, 196, 199, 199, 189, 181, 177, 183, 195, 190, 188, 188, 186, 185, 185, 186, 185
2010,14103510,103,CH4 ,10PPBC, 9, 9, 186, 187, 187, 188, 188, 188, 188, 190, 192, 190, 191, 192, 193, 190, 198, 194, 191, 193, 191, 193, 193, 204, 205, 197
2010,14103510,103,CH4 ,10PPBC, 9,10, 197, 197, 197, 198, 202, 204, 203, 195, 194, 195,9999,9999, 188, 187, 185, 184, 184, 183, 184, 183, 183, 184, 184, 187
2010,14103510,103,CH4 ,10PPBC, 9,11, 191, 187, 185, 183, 185, 189, 193, 194, 190, 186, 190, 187, 184, 183, 183, 182, 181, 182, 183, 186, 183, 184, 185, 186
2010,14103510,103,CH4 ,10PPBC, 9,12, 191, 189, 191, 192, 193, 194, 195, 208, 199, 197, 197, 202, 193, 189, 189, 190, 188, 186, 188, 189, 196, 192, 188, 185
2010,14103510,103,CH4 ,10PPBC, 9,13, 184, 183, 182, 180, 185, 188, 189, 189, 193, 191, 188, 189, 187, 186, 182, 181, 181, 183, 186, 190, 191, 187, 193, 189
2010,14103510,103,CH4 ,10PPBC, 9,14, 185, 186, 187, 190, 188, 188, 189, 189, 191, 187, 186, 186, 186, 186, 187, 190, 187, 187, 189, 189, 188, 189, 187, 189
2010,14103510,103,CH4 ,10PPBC, 9,15, 191, 190, 188, 188, 188, 189, 191, 194, 192, 190, 190, 194, 191, 191, 193, 194, 193, 192, 190, 193, 189, 190, 191, 191
2010,14103510,103,CH4 ,10PPBC, 9,16, 191, 190, 189, 188, 188, 190, 195, 194, 191, 189, 188, 187, 192, 190, 189, 190, 193, 193, 194, 191, 190, 190, 192, 193
2010,14103510,103,CH4 ,10PPBC, 9,17, 195, 193, 197, 195, 193, 192, 198, 195, 194, 198, 197, 202,9999,9999,9999, 194, 186, 184, 184, 184, 187, 194, 198, 200
2010,14103510,103,CH4 ,10PPBC, 9,18, 203, 198, 197, 195, 196, 200, 197, 192, 189, 192, 191, 189, 190, 188, 188, 186, 187, 187, 188, 192, 188, 187, 187, 186
2010,14103510,103,CH4 ,10PPBC, 9,19, 187, 188, 189, 190, 192, 195, 199, 197, 198, 195, 192, 192, 185, 184, 183, 183, 183, 183, 183, 185, 185, 187, 187, 189
2010,14103510,103,CH4 ,10PPBC, 9,20, 190, 195, 198, 200, 200, 197, 198, 206, 202, 199, 197, 195, 196, 193, 189, 188, 185, 186, 188, 189, 187, 188, 191, 190
2010,14103510,103,CH4 ,10PPBC, 9,21, 196, 198, 198, 197, 196, 195, 198, 199, 194, 192, 200, 200, 200, 196, 192, 191, 189, 189, 188, 188, 187, 190, 194, 198
2010,14103510,103,CH4 ,10PPBC, 9,22, 199, 199, 200, 200, 205, 199, 200, 192, 189, 186, 191, 183, 182, 181, 181, 181, 180, 180, 180, 180, 185, 193, 191, 192
2010,14103510,103,CH4 ,10PPBC, 9,23, 202, 201, 196, 192, 192, 189, 189, 190, 194, 194, 189, 189, 189, 191, 189, 189, 191, 190, 189, 190, 192, 191, 191, 189
2010,14103510,103,CH4 ,10PPBC, 9,24, 190, 189, 190, 190, 191, 190, 194, 193, 196, 192, 193, 190, 191, 192, 195,9999,9999, 191, 189, 190, 190, 191, 190, 189
2010,14103510,103,CH4 ,10PPBC, 9,25, 189, 188, 188, 188, 188, 187, 187, 188, 187, 188, 188, 188, 187, 187, 188, 190, 191, 195, 199, 205, 207, 199, 197, 199
2010,14103510,103,CH4 ,10PPBC, 9,26, 199, 202, 201, 200, 200, 199, 199, 201, 198, 193, 191, 192, 196, 197, 193, 193, 195, 193, 195, 193, 196, 204, 196, 197
2010,14103510,103,CH4 ,10PPBC, 9,27, 198, 203, 200, 194, 192, 190, 190, 191, 193, 189, 189, 190, 186, 186, 186, 187, 189, 188, 188, 188, 193, 191, 190, 190
2010,14103510,103,CH4 ,10PPBC, 9,28, 189, 187, 187, 186, 186, 187, 190, 203, 193, 195, 199, 196, 195, 195, 191, 193, 194, 195, 204, 210, 214, 221, 225, 225
2010,14103510,103,CH4 ,10PPBC, 9,29, 215, 214, 203, 199, 198, 189, 191, 190, 190, 190, 190, 191, 193, 195, 193, 193, 193, 194, 192, 195, 195, 198, 198, 201
2010,14103510,103,CH4 ,10PPBC, 9,30, 206, 202, 199, 196, 193, 193, 198, 198, 197, 196,9999,9999,9999,9999, 199, 205, 201, 201, 198, 202, 198, 199, 201, 199
2010,14103510,103,CH4 ,10PPBC, 9,31,9998,9998,9998,9998,9998,9998,9998,9998,9998,9998,9998,9998,9998,9998,9998,9998,9998,9998,9998,9998,9998,9998,9998,9998
2010,14103510,103,CH4 ,10PPBC,10, 1, 198, 199, 195, 195, 195, 194, 196, 199, 197, 200, 200, 196, 194, 194, 197, 196, 196, 195, 195, 196, 197, 201, 206, 218
2010,14103510,103,CH4 ,10PPBC,10, 2, 203, 205, 207, 203, 199, 199, 202, 202, 198, 200, 205, 200, 197, 199, 195, 196, 199, 198, 198, 198, 199, 202, 201, 213
2010,14103510,103,CH4 ,10PPBC,10, 3, 202, 203, 202, 200, 199, 201, 202, 201, 200, 201, 198, 196, 195, 195, 198, 199, 198, 198, 199, 200, 208, 236, 217, 211
2010,14103510,103,CH4 ,10PPBC,10, 4, 230, 228, 208, 205, 202, 203, 205, 199, 214, 201, 203, 201, 205, 213, 214, 202, 203, 205, 205, 200, 202, 196, 196, 198
2010,14103510,103,CH4 ,10PPBC,10, 5, 201, 200, 203, 196, 198, 196, 198, 208, 203, 200, 196, 196, 197, 198, 198, 193, 193, 194, 193, 195, 199, 204, 208, 204
2010,14103510,103,CH4 ,10PPBC,10, 6, 201, 202, 198, 197, 196, 193, 196, 195, 194, 197,9999,9999, 189, 189, 192, 192, 191, 192, 195, 195, 196, 193, 193, 194
2010,14103510,103,CH4 ,10PPBC,10, 7, 192, 191, 192, 191, 192, 192, 194, 196, 199, 194, 192, 191, 189, 190, 189, 191, 194, 196, 193, 191, 191, 193, 191, 191
2010,14103510,103,CH4 ,10PPBC,10, 8, 190, 190, 190, 190, 190, 190, 191, 191, 190, 189, 194, 194, 192, 191, 193, 192, 189, 190, 190, 191, 189, 191, 192, 198
2010,14103510,103,CH4 ,10PPBC,10, 9, 196, 194, 190, 190, 188, 188, 188, 192, 189, 190, 197, 188, 188, 187, 188, 188, 189, 190, 187, 190, 187, 188, 189, 187
2010,14103510,103,CH4 ,10PPBC,10,10, 186, 187, 187, 187, 186, 186, 187, 189, 190, 189, 188, 185, 187, 195, 194, 197, 200, 199, 193, 195, 206, 208, 217, 220
2010,14103510,103,CH4 ,10PPBC,10,11, 216, 216, 209, 201, 201, 195, 197, 189, 186, 190, 193, 197, 187, 185, 186, 188, 188, 192, 192, 192, 194, 206, 210, 208
2010,14103510,103,CH4 ,10PPBC,10,12, 209, 211, 211, 216, 211, 208, 203, 206, 185, 197, 204, 202, 195, 200, 195, 194, 185, 184, 186, 193, 192, 203, 207, 210
2010,14103510,103,CH4 ,10PPBC,10,13, 208, 206, 202, 199, 199, 198, 202, 205, 206, 196, 192, 195, 202, 191, 187, 187, 187, 188, 188, 192, 191, 194, 196, 193
2010,14103510,103,CH4 ,10PPBC,10,14, 194, 196, 201, 222, 188, 187, 189, 191, 192, 191, 196, 195, 193, 200, 196, 191, 193, 191, 190, 194, 200, 195, 192, 192
2010,14103510,103,CH4 ,10PPBC,10,15, 190, 190, 188, 187, 188, 190, 193, 201, 193, 192, 196, 194, 194, 191,9999,9999,9999, 189, 195, 202, 208, 202, 206, 211
2010,14103510,103,CH4 ,10PPBC,10,16, 205, 200, 198, 193, 190, 191, 195, 195, 199, 194, 196, 195, 195, 191, 190, 194, 197, 194, 194, 201, 196, 200, 202, 204
2010,14103510,103,CH4 ,10PPBC,10,17, 205, 208, 202, 195, 191, 193, 195, 195, 196, 196, 195, 195, 193, 193, 192, 198, 201, 198, 196, 200, 201, 202, 205, 199
2010,14103510,103,CH4 ,10PPBC,10,18, 196, 197, 196, 197, 197, 195, 198, 205, 200, 196, 200, 195, 196, 195, 195, 195, 193, 193, 195, 196, 195, 204, 197, 194
2010,14103510,103,CH4 ,10PPBC,10,19, 194, 194, 192, 192, 193, 193, 196, 201, 197, 195, 197, 194, 194, 193, 197, 196, 194, 195, 194, 197, 212, 196, 195, 194
2010,14103510,103,CH4 ,10PPBC,10,20, 194, 194, 194, 195, 194, 193, 195, 199, 197, 200, 197, 198, 199, 199, 200, 198, 197, 198, 202, 205, 205, 201, 201, 201
2010,14103510,103,CH4 ,10PPBC,10,21, 200, 200, 200, 196, 196, 196, 202, 204, 206, 204, 201, 199, 201, 199, 200,9999,9999, 195, 200, 198, 197, 196, 195, 195
2010,14103510,103,CH4 ,10PPBC,10,22, 194, 196, 195, 191, 191, 191, 195, 196, 203, 194, 192, 191, 192, 192, 195, 196, 196, 196, 196, 195, 194, 193, 195, 194
2010,14103510,103,CH4 ,10PPBC,10,23, 195, 195, 194, 193, 194, 193, 195, 198, 196, 198, 192, 191, 193, 192, 194, 196, 199, 195, 195, 197, 198, 201, 214, 214
2010,14103510,103,CH4 ,10PPBC,10,24, 204, 199, 197, 195, 195, 196, 198, 200, 199, 199, 198, 197, 198, 197, 200, 198, 198, 199, 199, 194, 196, 204, 194, 196
2010,14103510,103,CH4 ,10PPBC,10,25, 198, 196, 195, 194, 193, 194, 196, 197, 192, 193, 193, 195, 193, 191, 200, 221, 224, 226, 252, 246, 223, 232, 231, 245
2010,14103510,103,CH4 ,10PPBC,10,26, 198, 198, 193, 194, 193, 208, 217, 210, 193, 193, 194, 211, 199, 199, 194, 194, 192, 193, 193, 193, 193, 194, 192, 191
2010,14103510,103,CH4 ,10PPBC,10,27, 190, 190, 190, 189, 189, 189, 190, 191, 192, 193, 193, 192, 194, 190, 193, 194, 197, 199, 195, 196, 195, 195, 197, 195
2010,14103510,103,CH4 ,10PPBC,10,28, 197, 194, 192, 191, 191, 191, 192, 192, 197, 197, 191, 190, 190, 189, 189, 190, 189, 189, 191, 189, 189, 190, 189, 189
2010,14103510,103,CH4 ,10PPBC,10,29, 189, 191, 191, 190, 191, 189, 191, 193, 192, 192, 194, 199,9999,9999, 187, 188, 194, 195, 192, 193, 192, 193, 193, 192
2010,14103510,103,CH4 ,10PPBC,10,30, 192, 190, 189, 188, 187, 186, 186, 186, 187, 200, 187, 187, 187, 187, 187, 186, 189, 185, 191, 185, 184, 184, 184, 184
2010,14103510,103,CH4 ,10PPBC,10,31, 184, 184, 184, 184, 185, 185, 187, 187, 188, 187, 187, 188, 188, 188, 187, 189, 188, 189, 193, 190, 192, 191, 189, 189
2010,14103510,103,CH4 ,10PPBC,11, 1, 191, 188, 187, 184, 182, 182, 184, 188, 190, 186, 187, 184, 184, 186, 185, 185, 184, 183, 183, 187, 194, 206, 209, 212
2010,14103510,103,CH4 ,10PPBC,11, 2, 207, 205, 202, 202, 196, 189, 192, 192, 195, 189, 187, 187, 188, 184, 183, 184, 192, 186, 188, 199, 204, 207, 197, 196
2010,14103510,103,CH4 ,10PPBC,11, 3, 189, 187, 186, 188, 188, 190, 193, 191, 189, 189, 188, 188, 190, 194, 193, 191, 190, 192, 190, 189, 191, 193, 190, 191
2010,14103510,103,CH4 ,10PPBC,11, 4, 188, 188, 189, 190, 191, 193, 191, 192, 191, 194, 198, 198, 202, 201, 211, 209, 210, 207, 220, 224, 231, 226, 209, 200
2010,14103510,103,CH4 ,10PPBC,11, 5, 196, 194, 196, 196, 196, 197, 200, 196, 199, 193, 193, 190, 193, 196, 191,9999, 198, 197, 204, 210, 216, 215, 201, 199
2010,14103510,103,CH4 ,10PPBC,11, 6, 195, 196, 193, 192, 192, 195, 199, 197, 195, 195, 192, 191, 200, 199, 195, 197, 196, 198, 208, 217, 221, 223, 215, 200
2010,14103510,103,CH4 ,10PPBC,11, 7, 195, 194, 191, 191, 190, 189, 189, 194, 190, 191, 191, 195, 192, 192, 189, 193, 194, 202, 216, 237, 232, 215, 206, 196
2010,14103510,103,CH4 ,10PPBC,11, 8, 196, 195, 193, 193, 195, 197, 199, 203, 200, 195, 201, 194, 193, 191, 192, 191, 193, 196, 200, 192, 195, 202, 199, 201
2010,14103510,103,CH4 ,10PPBC,11, 9, 201, 200, 200, 202, 203, 204, 207, 206, 185, 184, 183, 186, 182, 182, 184, 185, 188, 189, 189, 190, 191, 191, 194, 201
2010,14103510,103,CH4 ,10PPBC,11,10, 198, 191, 192, 195, 198, 200, 208, 212, 213, 211, 202, 191, 187, 187, 186, 186, 186, 188, 189, 190, 189, 198, 195, 194
2010,14103510,103,CH4 ,10PPBC,11,11, 195, 197, 198, 195, 192, 193, 193, 196, 197, 191, 193, 190, 191, 194, 193, 192, 195, 193, 198, 200, 210, 219, 220, 213
2010,14103510,103,CH4 ,10PPBC,11,12, 207, 198, 197, 196, 197, 198, 202, 206, 204, 207, 201, 193, 187,9999,9999,9999, 188, 193, 197, 197, 210, 210, 209, 209
2010,14103510,103,CH4 ,10PPBC,11,13, 210, 203, 203, 204, 202, 206, 205, 212, 204, 203, 204, 203, 197, 202, 200, 197, 201, 200, 204, 212, 220, 218, 214, 206
2010,14103510,103,CH4 ,10PPBC,11,14, 202, 203, 200, 200, 200, 200, 201, 206, 202, 202, 204, 201, 202, 204, 199, 201, 205, 211, 217, 225, 223, 217, 212, 210
2010,14103510,103,CH4 ,10PPBC,11,15, 213, 212, 207, 203, 203, 203, 205, 207, 212, 195, 195, 195, 196, 196, 200, 198, 193, 193, 193, 197, 194, 196, 197, 194
2010,14103510,103,CH4 ,10PPBC,11,16, 192, 192, 193, 193, 195, 211, 202, 197, 196, 193, 193, 195, 198, 199, 199, 202, 195, 194, 194, 194, 198, 210, 201, 201
2010,14103510,103,CH4 ,10PPBC,11,17, 203, 201, 197, 197, 196, 194, 197, 198, 203, 193, 193, 192, 190,9999, 189, 190, 194, 192, 198, 191, 192, 195, 191, 191
2010,14103510,103,CH4 ,10PPBC,11,18, 190, 191, 192, 190, 190, 191, 193, 200, 196, 195, 193, 192, 193, 191, 191, 194, 191, 193, 194, 198, 196, 196, 192, 202
2010,14103510,103,CH4 ,10PPBC,11,19, 195, 194, 190, 190, 190, 191, 195, 200, 201, 192, 192, 192, 194, 197, 197, 205, 199, 199, 200, 203, 214, 222, 213, 207
2010,14103510,103,CH4 ,10PPBC,11,20, 201, 199, 195, 194, 192, 194, 195, 206, 196, 194, 193, 193, 193, 195, 200, 208, 205, 210, 214, 212, 213, 208, 202, 199
2010,14103510,103,CH4 ,10PPBC,11,21, 199, 199, 196, 193, 193, 194, 196, 195, 191, 193, 191, 191, 193, 193, 193, 201, 200, 207, 206, 211, 211, 214, 219, 205
2010,14103510,103,CH4 ,10PPBC,11,22, 200, 198, 196, 195, 199, 197, 205, 200, 196, 198, 198, 200, 197, 195, 196, 196, 195, 194, 195, 194, 203, 197, 194, 195
2010,14103510,103,CH4 ,10PPBC,11,23, 192, 189, 187, 188, 185, 184, 184, 185, 184, 188, 191, 189, 189, 191, 192, 192, 196, 198, 197, 193, 199, 194, 193, 193
2010,14103510,103,CH4 ,10PPBC,11,24, 193, 191, 190, 189, 190, 190, 193, 195, 193, 193, 194, 195, 195, 193, 193, 196, 196, 195, 195, 199, 199, 224, 229, 209
2010,14103510,103,CH4 ,10PPBC,11,25, 211, 212, 206, 203, 197, 196, 203, 210, 208, 197, 201, 199, 199, 206, 209, 210, 207, 205, 203, 203, 205, 199, 196, 196
2010,14103510,103,CH4 ,10PPBC,11,26, 196, 197, 195, 192, 192, 194, 198, 201, 200, 200, 198, 194, 195,9999, 208, 219, 203, 203, 211, 203, 201, 199, 195, 196
2010,14103510,103,CH4 ,10PPBC,11,27, 194, 193, 191, 190, 190, 189, 194, 191, 191, 195, 193, 192, 194, 199, 192, 193, 192, 192, 197, 190, 193, 202, 210, 211
2010,14103510,103,CH4 ,10PPBC,11,28, 206, 213, 214, 207, 206, 204, 201, 199, 197, 197, 190, 190, 190, 188, 189, 190, 191, 193, 200, 193, 192, 196, 197, 203
2010,14103510,103,CH4 ,10PPBC,11,29, 201, 194, 192, 191, 193, 195, 198, 201, 198, 194, 197, 193, 189, 190, 191, 193, 192, 195, 196, 199, 210, 205, 200, 204
2010,14103510,103,CH4 ,10PPBC,11,30, 199, 202, 200, 195, 194, 196, 198, 197, 196, 194, 194, 202, 200, 198, 195, 195, 195, 195, 199, 200, 209, 198, 200, 201
2010,14103510,103,CH4 ,10PPBC,11,31,9998,9998,9998,9998,9998,9998,9998,9998,9998,9998,9998,9998,9998,9998,9998,9998,9998,9998,9998,9998,9998,9998,9998,9998
2010,14103510,103,CH4 ,10PPBC,12, 1, 203, 202, 202, 202, 205, 205, 209, 211, 212, 205, 203, 200, 198, 200, 201, 200, 201, 202, 198, 210, 217, 226, 222, 217
2010,14103510,103,CH4 ,10PPBC,12, 2, 204, 200, 200, 198, 196, 197, 204, 204, 206, 199, 199, 203, 199, 197, 200, 203, 201, 202, 208, 213, 209, 209, 208, 202
2010,14103510,103,CH4 ,10PPBC,12, 3, 203, 201, 204, 195, 194, 195, 193, 185, 187, 182, 182, 183, 184, 185,9999, 182, 183, 184, 187, 188, 189, 191, 190, 189
2010,14103510,103,CH4 ,10PPBC,12, 4, 189, 189, 188, 188, 188, 189, 197, 194, 192, 191, 191, 195, 191, 191, 190, 195, 195, 197, 196, 193, 195, 197, 196, 197
2010,14103510,103,CH4 ,10PPBC,12, 5, 197, 200, 204, 202, 199, 197, 202, 205, 197, 197, 197, 202, 205, 204, 201, 199, 199, 208, 222, 231, 236, 228, 207, 202
2010,14103510,103,CH4 ,10PPBC,12, 6, 201, 199, 197, 194, 193, 195, 197, 202, 203, 201, 197, 202, 212, 209, 193, 193, 196, 202, 207, 221, 225, 220, 219, 217
2010,14103510,103,CH4 ,10PPBC,12, 7, 212, 207, 206, 206, 204, 205, 208, 208, 201, 198, 195, 201, 193, 191, 192, 195, 194, 193, 194, 194, 193, 192, 191, 189
2010,14103510,103,CH4 ,10PPBC,12, 8, 188, 187, 186, 185, 184, 185, 187, 189, 195, 190, 188, 188, 189, 189, 191, 190, 192, 195, 194, 196, 195, 194, 196, 195
2010,14103510,103,CH4 ,10PPBC,12, 9, 192, 192, 190, 188, 189, 190, 193, 195, 189, 191, 191, 192, 196,9999,9999, 195, 191, 196, 197, 196, 197, 201, 204, 205
2010,14103510,103,CH4 ,10PPBC,12,10, 209, 205, 198, 197, 198, 197, 199, 211, 197, 193, 200, 199, 197, 195, 200, 195, 193, 195, 202, 209, 198, 200, 208, 217
2010,14103510,103,CH4 ,10PPBC,12,11, 218, 218, 217, 207, 202, 199, 202, 207, 210, 189, 188, 188, 187, 188, 187, 186, 186, 188, 190, 188, 187, 189, 188, 190
2010,14103510,103,CH4 ,10PPBC,12,12,9999, 198, 196, 193, 191, 189, 191, 191, 190, 188, 188, 198, 189, 190, 193, 197, 197, 199, 199, 194, 192, 197, 192, 191
2010,14103510,103,CH4 ,10PPBC,12,13, 191, 190, 192, 189, 188, 188, 189, 192, 190, 189, 194, 195, 191, 190, 191, 190, 190, 188, 192, 189, 193, 194, 191, 191
2010,14103510,103,CH4 ,10PPBC,12,14, 190, 190, 191, 187, 186, 186, 188, 191, 194, 192, 195, 196, 188, 190, 192, 206, 191, 189, 189, 197, 210, 207, 211, 205
2010,14103510,103,CH4 ,10PPBC,12,15, 210, 214, 207, 202, 197, 200, 215, 202, 196, 191, 196, 190, 192, 193, 194, 197, 202, 193, 190, 192, 193, 192, 190, 192
2010,14103510,103,CH4 ,10PPBC,12,16, 192, 189, 188, 189, 187, 188, 189, 192, 193, 191, 193, 207, 205, 200, 208, 206, 193, 194, 193, 192, 192, 192, 195, 195
2010,14103510,103,CH4 ,10PPBC,12,17, 195, 194, 195, 196, 197, 199, 203, 213, 202, 195,9999,9999, 192, 193, 196, 196, 194, 199, 210, 218, 232, 233, 212, 210
2010,14103510,103,CH4 ,10PPBC,12,18, 206, 200, 198, 197, 198, 199, 200, 208, 206, 199, 200, 199, 196, 206, 216, 201, 193, 193, 193, 200, 193, 195, 194, 197
2010,14103510,103,CH4 ,10PPBC,12,19, 197, 193, 192, 193, 193, 192, 193, 194, 195, 197, 196, 195, 196, 199, 207, 203, 199, 203, 217, 217, 211, 208, 201, 200
2010,14103510,103,CH4 ,10PPBC,12,20, 198, 195, 197, 196, 196, 199, 204, 210, 216, 204, 204, 191, 189, 188, 198, 205, 208, 217, 225, 224, 216, 215, 213, 211
2010,14103510,103,CH4 ,10PPBC,12,21, 210, 211, 211, 208, 204, 201, 203, 204, 202, 203, 199, 201, 198, 201, 197, 198, 204, 197, 198, 202, 196, 193, 192, 193
2010,14103510,103,CH4 ,10PPBC,12,22, 191, 192, 192, 193, 191, 188, 194, 193, 192, 195, 194, 190, 187, 186,9999,9999, 195, 203, 215, 201, 201, 213, 214, 216
2010,14103510,103,CH4 ,10PPBC,12,23, 215, 204, 203, 202, 202, 201, 200, 196, 189, 188, 188, 190, 188, 191, 189, 192, 194, 195, 199, 210, 213, 220, 214, 217
2010,14103510,103,CH4 ,10PPBC,12,24, 216, 212, 209, 208, 196, 190, 192, 193, 191, 191, 191, 191, 191, 192, 191, 195, 191, 194, 197, 196, 196, 195, 195, 193
2010,14103510,103,CH4 ,10PPBC,12,25, 193, 192, 192, 192, 194, 190, 186, 186, 187, 187, 186, 190, 190, 189, 189, 189, 188, 189, 189, 188, 188, 186, 186, 186
2010,14103510,103,CH4 ,10PPBC,12,26, 186, 185, 185, 184, 187, 186, 185, 187, 187, 187, 187, 188, 188, 189, 188, 192, 187, 188, 190, 190, 190, 189, 191, 191
2010,14103510,103,CH4 ,10PPBC,12,27, 190, 197, 196, 191, 188, 189, 190, 193, 191, 190, 190, 193, 191, 190, 190, 190, 191, 195, 211, 222, 219, 207, 206, 206
2010,14103510,103,CH4 ,10PPBC,12,28, 208, 209, 212, 204, 203, 203, 209, 216, 206, 199, 197, 198, 190, 190, 190,9999,9999, 189, 190, 189, 192, 193, 193, 199
2010,14103510,103,CH4 ,10PPBC,12,29, 198, 201, 202, 201, 200, 197, 201, 206, 206, 199, 194, 194, 191, 191, 192, 193, 201, 196, 192, 193, 192, 195, 197, 198
2010,14103510,103,CH4 ,10PPBC,12,30, 198, 202, 200, 198, 195, 195, 198, 201, 201, 200, 193, 191, 191, 195, 197, 207, 196, 193, 194, 192, 193, 192, 193, 197
2010,14103510,103,CH4 ,10PPBC,12,31, 197, 198, 196, 193, 193, 193, 195, 201, 194, 191, 189, 189, 190, 189, 189, 189, 190, 199, 212, 217, 207, 210, 210, 202
2010,14103510,103,CH4 ,10PPBC, 1, 1, 203, 207, 207, 204, 202, 203, 204, 206, 210, 193, 188, 190, 192, 196, 196, 195, 196, 200, 199, 200, 201, 199, 201, 205
2010,14103510,103,CH4 ,10PPBC, 1, 2, 205, 204, 200, 202, 198, 198, 198, 198, 199, 195, 197, 196, 192, 191, 194, 196, 195, 198, 203, 193, 197, 195, 192, 192
2010,14103510,103,CH4 ,10PPBC, 1, 3, 197, 196, 194, 192, 192, 193, 191, 192, 192, 191, 191, 194, 192, 192, 195, 194, 207, 203, 202, 209, 218, 210, 209, 201
2010,14103510,103,CH4 ,10PPBC, 1, 4, 194, 190, 190, 189, 188, 187, 188, 190, 193, 191, 190, 190, 191, 192, 193, 194, 192, 196, 196, 198, 195, 196, 194, 196
2010,14103510,103,CH4 ,10PPBC, 1, 5, 198, 198, 201, 196, 192, 190, 196, 202, 198, 190, 191, 196, 191, 190, 190, 193, 192, 189, 192, 193, 190, 191, 200, 203
2010,14103510,103,CH4 ,10PPBC, 1, 6, 190, 188, 187, 187, 187, 187, 189, 193, 191, 190, 188, 190, 191, 192, 191, 192, 192, 192, 191, 190, 190, 189, 188, 188
2010,14103510,103,CH4 ,10PPBC, 1, 7, 186, 186, 186, 185, 185, 186, 187, 189, 189, 187, 188, 190, 190,9999, 190, 187, 195, 191, 190, 194, 191, 190, 188, 189
2010,14103510,103,CH4 ,10PPBC, 1, 8, 192, 190, 190, 190, 192, 193, 197, 199, 191, 191, 194, 194, 197, 194, 192, 191, 191, 194, 205, 206, 224, 220, 213, 209
2010,14103510,103,CH4 ,10PPBC, 1, 9, 202, 203, 209, 205, 208, 209, 206, 189, 188, 188, 187, 187, 189, 188, 188, 196, 219, 211, 206, 193, 192, 192, 193, 189
2010,14103510,103,CH4 ,10PPBC, 1,10, 188, 188, 189, 188, 188, 188, 189, 194, 188, 187, 188, 189, 190, 192, 195, 192, 192, 193, 191, 193, 193, 192, 191, 192
2010,14103510,103,CH4 ,10PPBC, 1,11, 189, 188, 189, 189, 189, 189, 193, 195, 196, 196, 194, 191, 193, 192, 195, 197, 195, 194, 200, 204, 195, 196, 196, 195
2010,14103510,103,CH4 ,10PPBC, 1,12, 207, 203, 200, 199, 193, 194, 198, 200, 198, 198, 197, 203, 201, 205, 203, 202, 200, 211, 200, 192, 191, 190, 189, 189
2010,14103510,103,CH4 ,10PPBC, 1,13, 189, 189, 187, 187, 186, 187, 188, 189, 193, 189, 191, 191, 191, 195, 193, 195, 195, 197, 199, 195, 197, 193, 195, 193
2010,14103510,103,CH4 ,10PPBC, 1,14, 192, 192, 191, 194, 195, 196, 200, 205, 202, 200, 200, 200, 203, 203, 196,9999,9999, 201, 215, 227, 218, 220, 212, 205
2010,14103510,103,CH4 ,10PPBC, 1,15, 201, 197, 196, 197, 196, 200, 204, 208, 206, 200, 199, 199, 197, 202, 237, 218, 222, 226, 219, 219, 213, 210, 202, 198
2010,14103510,103,CH4 ,10PPBC, 1,16,9999, 198, 195, 194, 193, 192, 190, 191, 190, 191, 190, 194, 192, 194, 193, 195, 193, 195, 194, 194, 198, 198, 200, 206
2010,14103510,103,CH4 ,10PPBC, 1,17, 196, 193, 193, 191, 196, 201, 212, 221, 222, 213, 192, 193, 195, 195, 196, 196, 195, 197, 197, 197, 197, 197, 197, 205
2010,14103510,103,CH4 ,10PPBC, 1,18, 210, 212, 210, 205, 207, 210, 216, 222, 207, 195, 200, 197, 196, 214, 200, 196, 196, 201, 213, 231, 239, 224, 204, 195
2010,14103510,103,CH4 ,10PPBC, 1,19, 197, 197, 197, 203, 205, 205, 219, 224, 213, 199, 203, 198, 200, 209, 204, 198, 193, 199, 217, 221, 198, 207, 207, 203
2010,14103510,103,CH4 ,10PPBC, 1,20, 202, 203, 205, 202, 199, 200, 200, 203, 202, 197, 196, 197, 199, 202, 198, 200, 195, 197, 196, 195, 194, 194, 196, 194
2010,14103510,103,CH4 ,10PPBC, 1,21, 193, 192, 191, 191, 190, 190, 193, 195, 194, 193,9999,9999, 190, 194, 196, 196, 198, 197, 198, 200, 210, 201, 196, 194
2010,14103510,103,CH4 ,10PPBC, 1,22, 195, 192, 190, 191, 189, 188, 191, 194, 193, 192, 192, 195, 198, 194, 193, 192, 193, 194, 195, 213, 210, 197, 197, 202
2010,14103510,103,CH4 ,10PPBC, 1,23, 204, 206, 203, 203, 205, 205, 206, 207, 199, 196, 198, 198, 194, 195, 201, 201, 197, 197, 200, 202, 193, 197, 197, 196
2010,14103510,103,CH4 ,10PPBC, 1,24, 194, 195, 196, 193, 193, 193, 195, 200, 199, 198, 196, 194, 195, 200, 203, 205, 211, 202, 198, 198, 195, 197, 193, 196
2010,14103510,103,CH4 ,10PPBC, 1,25, 195, 198, 197, 194, 195, 195, 198, 204, 199, 195, 195, 195, 195, 194, 199, 197, 196, 198, 198, 198, 198, 197, 196, 198
2010,14103510,103,CH4 ,10PPBC, 1,26, 195, 196, 196, 201, 204, 204, 211, 216, 208, 198, 197, 196, 206, 197, 195, 192, 193, 196, 197, 197, 192, 196, 193, 194
2010,14103510,103,CH4 ,10PPBC, 1,27, 195, 195, 199, 199, 200, 202, 209, 212, 212, 208, 199, 194, 194, 195, 196, 195, 195, 195, 195, 196, 195, 195, 193, 193
2010,14103510,103,CH4 ,10PPBC, 1,28, 194, 192, 193, 193, 193, 198, 203, 208, 203, 196, 193, 194, 193, 194, 194,9999, 196, 193, 194, 193, 192, 193, 191, 191
2010,14103510,103,CH4 ,10PPBC, 1,29, 194, 191, 191, 191, 191, 193, 193, 195, 196, 192, 196, 199, 194, 196, 193, 200, 196, 197, 202, 214, 204, 212, 206, 202
2010,14103510,103,CH4 ,10PPBC, 1,30, 199, 201, 198, 200, 198, 197, 197, 198, 189, 191, 189, 190, 193, 192, 191, 190, 193, 197, 195, 193, 192, 203, 195, 195
2010,14103510,103,CH4 ,10PPBC, 1,31, 195, 195, 192, 193, 194, 198, 199, 202, 201, 193, 194, 191, 192, 193, 193, 193, 193, 193, 198, 205, 203, 214, 206, 211
2010,14103510,103,CH4 ,10PPBC, 2, 1, 220, 215, 211, 210, 210, 213, 216, 220, 217, 206, 192, 192, 194, 192, 193, 192, 193, 195, 210, 197, 197, 194, 195, 196
2010,14103510,103,CH4 ,10PPBC, 2, 2, 197, 196, 194, 193, 193, 194, 195, 200, 196, 195, 196,9999, 204, 203, 195, 194, 194, 195, 199, 202, 200, 209, 210, 218
2010,14103510,103,CH4 ,10PPBC, 2, 3, 215, 209, 203, 199, 200, 202, 206, 207, 203, 200, 202, 203, 203, 207, 196, 207, 196, 194, 199, 208, 207, 210, 212, 207
2010,14103510,103,CH4 ,10PPBC, 2, 4, 201, 200, 202, 202, 201, 200, 203, 207, 203, 202, 199, 206, 212, 211, 196, 196, 202, 205, 224, 234, 234, 237, 230, 217
2010,14103510,103,CH4 ,10PPBC, 2, 5, 221, 212, 204, 202, 200, 199, 198, 200, 199, 196, 198, 199, 198, 206, 201, 202, 202, 210, 216, 221, 220, 231, 233, 216
2010,14103510,103,CH4 ,10PPBC, 2, 6, 207, 210, 212, 212, 208, 204, 204, 206, 206, 204, 204, 208, 202, 202, 205, 205, 219, 217, 220, 210, 206, 208, 202, 201
2010,14103510,103,CH4 ,10PPBC, 2, 7, 205, 207, 207, 208, 211, 210, 222, 219, 200, 198, 192, 193, 194, 196, 197, 197, 196, 195, 194, 198, 194, 198, 197, 194
2010,14103510,103,CH4 ,10PPBC, 2, 8, 192, 193, 191, 190, 190, 191, 197, 206, 197, 194, 193, 198, 203, 198, 202, 203, 196, 196, 197, 196, 200, 200, 194, 193
2010,14103510,103,CH4 ,10PPBC, 2, 9, 191, 190, 190, 189, 189, 188, 190, 191, 193, 190, 190, 192, 191,9999,9999, 201, 194, 194, 201, 221, 214, 219, 209, 195
2010,14103510,103,CH4 ,10PPBC, 2,10, 193, 191, 190, 189, 189, 189, 191, 192, 197, 195, 193, 195, 193, 196, 201, 202, 199, 198, 198, 208, 193, 194, 194, 192
2010,14103510,103,CH4 ,10PPBC, 2,11, 190, 192, 191, 190, 191, 190, 190, 190, 190, 191, 191, 190, 189, 190, 190, 191, 193, 191, 193, 194, 194, 191, 189, 187
2010,14103510,103,CH4 ,10PPBC, 2,12, 187, 186, 185, 185, 185, 185, 186, 188, 188, 189, 188, 189, 189, 193, 190, 190, 191, 191, 191, 192, 194, 201, 200, 201
2010,14103510,103,CH4 ,10PPBC, 2,13, 201, 197, 199, 199, 193, 193, 196, 197, 195, 195,9999, 191, 192, 193,9999, 192, 194, 194, 202, 195, 194, 194, 194, 191
2010,14103510,103,CH4 ,10PPBC, 2,14, 191, 192, 191, 191, 190, 190, 196, 195, 201, 196, 196, 198, 201, 199, 198, 197, 203, 195, 199, 201, 197, 194, 192, 190
2010,14103510,103,CH4 ,10PPBC, 2,15, 189, 187, 186, 187, 187, 188, 190, 194, 197, 198, 196, 196, 193, 193, 192, 195, 194, 197, 194, 197, 196, 196, 194, 194
2010,14103510,103,CH4 ,10PPBC, 2,16, 196, 195, 197, 198, 196, 196, 200, 201, 197, 197, 196, 207, 212, 204, 203, 197, 194, 194, 201, 208, 226, 215, 206, 207
2010,14103510,103,CH4 ,10PPBC, 2,17, 205, 205, 204, 203, 204, 204, 208, 210, 209, 207, 214, 216, 205, 199, 189, 189, 189, 190, 193, 193, 197, 197, 200, 208
2010,14103510,103,CH4 ,10PPBC, 2,18, 201, 185, 184, 184, 183, 183, 183, 187, 190, 193, 189, 188, 189,9999, 193, 187, 189, 193, 193, 190, 190, 190, 189, 188
2010,14103510,103,CH4 ,10PPBC, 2,19, 188, 188, 188, 188, 188, 189, 191, 190, 190, 192, 192, 193, 196, 195, 197, 200, 194, 194, 195, 196, 197, 198, 210, 200
2010,14103510,103,CH4 ,10PPBC, 2,20, 200, 201, 199, 194, 192, 191, 192, 192, 194, 194, 194, 193, 196, 196, 198, 197, 198, 196, 196, 197, 194, 193, 194, 193
2010,14103510,103,CH4 ,10PPBC, 2,21, 191, 190, 191, 190, 189, 189, 193, 195, 203, 193,9999,9999,9999,9999,9999,9999,9999,9999,9999,9999,9999,9999,9999,9999
2010,14103510,103,CH4 ,10PPBC, 2,22,9999,9999,9999,9999,9999,9999,9999,9999,9999,9999,9999,9999,9999,9999,9999,9999,9999,9999,9999,9999,9999,9999,9999,9999
2010,14103510,103,CH4 ,10PPBC, 2,23,9999,9999,9999,9999,9999,9999,9999,9999,9999,9999,9999,9999,9999,9999,9999,9999,9999,9999,9999,9999,9999,9999,9999,9999
2010,14103510,103,CH4 ,10PPBC, 2,24,9999,9999,9999,9999,9999,9999,9999,9999,9999,9999,9999,9999,9999,9999,9999,9999,9999,9999,9999,9999,9999,9999,9999,9999
2010,14103510,103,CH4 ,10PPBC, 2,25,9999,9999,9999,9999,9999,9999,9999,9999,9999,9999,9999,9999,9999,9999,9999,9999,9999,9999,9999,9999,9999,9999,9999,9999
2010,14103510,103,CH4 ,10PPBC, 2,26,9999,9999,9999,9999,9999,9999,9999,9999,9999,9999,9999,9999,9999,9999,9999,9999,9999,9999,9999,9999,9999,9999,9999,9999
2010,14103510,103,CH4 ,10PPBC, 2,27,9999,9999,9999,9999,9999,9999,9999,9999,9999,9999,9999,9999,9999,9999,9999,9999,9999,9999,9999,9999,9999,9999,9999,9999
2010,14103510,103,CH4 ,10PPBC, 2,28,9999,9999,9999,9999,9999,9999,9999,9999,9999,9999,9999,9999,9999,9999,9999, 192, 197, 193, 199, 203, 196, 195, 193, 193
2010,14103510,103,CH4 ,10PPBC, 2,29,9998,9998,9998,9998,9998,9998,9998,9998,9998,9998,9998,9998,9998,9998,9998,9998,9998,9998,9998,9998,9998,9998,9998,9998
2010,14103510,103,CH4 ,10PPBC, 2,30,9998,9998,9998,9998,9998,9998,9998,9998,9998,9998,9998,9998,9998,9998,9998,9998,9998,9998,9998,9998,9998,9998,9998,9998
2010,14103510,103,CH4 ,10PPBC, 2,31,9998,9998,9998,9998,9998,9998,9998,9998,9998,9998,9998,9998,9998,9998,9998,9998,9998,9998,9998,9998,9998,9998,9998,9998
2010,14103510,103,CH4 ,10PPBC, 3, 1, 193, 192, 194, 192, 193, 196, 198, 199, 206, 197, 202, 198, 203, 197, 205, 204, 211, 203, 204, 198, 199, 197, 199, 199
2010,14103510,103,CH4 ,10PPBC, 3, 2, 198, 198, 200, 198, 199, 207, 202, 216, 211, 197, 196, 195, 198, 195, 197, 198, 194, 192, 193, 196, 193, 193, 194, 195
2010,14103510,103,CH4 ,10PPBC, 3, 3, 196, 192, 190, 189, 189, 189, 191, 195, 192, 191, 193, 193, 192, 193, 193, 193, 194, 194, 195, 195, 194, 193, 192, 193
2010,14103510,103,CH4 ,10PPBC, 3, 4, 192, 192, 192, 192, 194, 194, 197, 198, 201, 192,9999,9999, 189, 191, 192, 193, 191, 192, 192, 195, 195, 194, 198, 198
2010,14103510,103,CH4 ,10PPBC, 3, 5, 195, 195, 198, 198, 202, 201, 198, 197, 191, 191, 192, 195, 192, 192, 190, 191, 191, 190, 192, 195, 196, 196, 196, 196
2010,14103510,103,CH4 ,10PPBC, 3, 6, 198, 201, 199, 196, 195, 196, 198, 196, 194, 196, 192, 189, 190, 198, 187, 187, 187, 194, 208, 211, 208, 210, 205, 201
2010,14103510,103,CH4 ,10PPBC, 3, 7, 202, 201, 200, 196, 194, 192, 192, 192, 196, 191, 193, 192, 193, 194, 189, 194, 191, 191, 191, 196, 193, 193, 198, 196
2010,14103510,103,CH4 ,10PPBC, 3, 8, 195, 194, 193, 193, 195, 196, 199, 202, 200, 210, 201, 195, 200, 198, 199, 199, 197, 195, 198, 208, 225, 224, 228, 213
2010,14103510,103,CH4 ,10PPBC, 3, 9, 199, 193, 196, 198, 199, 202, 207, 202, 198, 198, 195, 193, 195, 190, 190, 190, 189, 190, 193, 190, 190, 194, 188, 189
2010,14103510,103,CH4 ,10PPBC, 3,10, 189, 189, 188, 188, 188, 189, 192, 195, 193, 193, 192, 193, 194, 197, 195, 195, 195, 193, 194, 202, 194, 194, 195, 201
2010,14103510,103,CH4 ,10PPBC, 3,11, 197, 198, 197, 192, 191, 191, 193, 193, 193, 191, 191, 191, 190,9999, 187, 190, 189, 191, 190, 192, 191, 191, 193, 191
2010,14103510,103,CH4 ,10PPBC, 3,12, 193, 192, 195, 199, 198, 201, 199, 202, 193, 194, 193, 195, 193, 196, 195, 195, 194, 195, 198, 199, 202, 204, 201, 206
2010,14103510,103,CH4 ,10PPBC, 3,13, 213, 203, 197, 196, 198, 199, 201, 198, 196, 196, 198, 202, 202, 200, 196, 196, 192, 191, 194, 196, 195, 197, 200, 210
2010,14103510,103,CH4 ,10PPBC, 3,14, 209, 204, 207, 204, 204, 208, 214, 207, 190, 189, 187, 187, 186, 186, 186, 186, 187, 188, 188, 189, 189, 190, 190, 195
2010,14103510,103,CH4 ,10PPBC, 3,15, 194, 196, 197, 194, 192, 194, 194, 194, 193, 196, 196, 194, 196, 199, 204, 198, 195, 192, 198, 196, 203, 209, 204, 196
2010,14103510,103,CH4 ,10PPBC, 3,16, 202, 203, 189, 188, 189, 190, 192, 201, 194, 191, 192, 193, 192, 191, 189, 189, 190, 189, 192, 190, 190, 190, 191, 189
2010,14103510,103,CH4 ,10PPBC, 3,17, 188, 188, 188, 188, 188, 188, 191, 190, 209, 189, 189, 190, 192, 190, 191, 191, 194, 191, 191, 191, 190, 191, 191, 189
2010,14103510,103,CH4 ,10PPBC, 3,18, 188, 188, 187, 187, 187, 188, 191, 193, 193, 190,9999,9999, 193, 194, 195, 192, 190, 191, 190, 191, 190, 190, 192, 190
2010,14103510,103,CH4 ,10PPBC, 3,19, 189, 188, 188, 188, 188, 189, 190, 189, 189, 189, 188, 188, 188, 187, 188, 188, 188, 189, 193, 201, 218, 219, 205, 206
2010,14103510,103,CH4 ,10PPBC, 3,20, 198, 193, 193, 199, 198, 201, 198, 195, 193, 194, 196, 201, 199, 192, 192, 191, 188, 188, 189, 188, 188, 186, 188, 185
2010,14103510,103,CH4 ,10PPBC, 3,21, 185, 185, 184, 184, 184, 184, 188, 194, 194, 194, 193, 193, 192, 193, 200, 195, 191, 191, 193, 193, 193, 192, 197, 197
2010,14103510,103,CH4 ,10PPBC, 3,22, 190, 189, 189, 188, 189, 189, 191, 192, 194, 191, 192, 191, 191, 192, 191, 191, 192, 198, 192, 194, 204, 208, 198, 199
2010,14103510,103,CH4 ,10PPBC, 3,23, 197, 194, 191, 191, 191, 190, 192, 193, 198, 194, 192, 194, 194, 198, 197, 199, 194, 196, 193, 204, 203, 194, 192, 189
2010,14103510,103,CH4 ,10PPBC, 3,24, 192, 193, 192, 193, 194, 196, 199, 198, 202, 192, 195, 194, 194, 192, 192, 191, 191, 190, 192, 195, 192, 201, 194, 195
2010,14103510,103,CH4 ,10PPBC, 3,25, 195, 198, 200, 196, 198, 203, 203, 201, 208, 197, 194, 193, 192, 193,9999, 195, 191, 191, 189, 190, 192, 196, 198, 196
2010,14103510,103,CH4 ,10PPBC, 3,26, 196, 193, 191, 190, 189, 191, 194, 191, 190, 189, 189, 190, 190, 190, 191, 190, 191, 191, 190, 190, 190, 190, 190, 189
2010,14103510,103,CH4 ,10PPBC, 3,27, 189, 190, 189, 189, 190, 190, 191, 192, 189, 189, 190, 191, 192, 193, 194, 195, 195, 195, 194, 195, 194, 195, 193, 192
2010,14103510,103,CH4 ,10PPBC, 3,28, 191, 191, 194, 190, 190, 192, 195, 194, 196, 193, 200, 195, 193, 193, 192, 191, 192, 191, 191, 193, 196, 198, 200, 198
2010,14103510,103,CH4 ,10PPBC, 3,29, 196, 196, 193, 194, 196, 196, 199, 197, 198, 195, 195, 198, 197, 192, 190, 190, 190, 191, 193, 197, 197, 198, 198, 195
2010,14103510,103,CH4 ,10PPBC, 3,30, 194, 194, 193, 194, 194, 194, 197, 196, 208, 196, 199,9999, 192, 191, 192, 189, 189, 192, 194, 195, 198, 199, 192, 192
2010,14103510,103,CH4 ,10PPBC, 3,31, 192, 193, 190, 190, 189, 191, 195, 194, 193, 193, 197, 199, 195, 191, 191, 192, 195, 191, 194, 193, 193, 193, 193, 195
2010,14104030,104,CH4 ,10PPBC, 4, 1, 189, 196, 201, 206, 188, 186, 186, 186, 186, 186, 186, 186, 185, 185, 185, 185, 184, 184, 183, 184, 184, 184, 183, 183
2010,14104030,104,CH4 ,10PPBC, 4, 2, 183, 183, 182, 182, 182, 182, 182, 182, 181, 181, 181, 181, 183, 188, 192, 189, 186, 188, 189, 189, 190, 189, 189, 190
2010,14104030,104,CH4 ,10PPBC, 4, 3, 191, 190, 193, 189, 188, 189, 190, 190, 190, 190, 192, 191, 189, 189, 188, 188, 188, 188, 190, 194, 193, 190, 191, 196
2010,14104030,104,CH4 ,10PPBC, 4, 4, 198, 195, 194, 193, 191, 191, 191, 191, 191, 191, 193, 194, 196, 192, 191, 191, 192, 197, 201, 195, 197, 197, 196, 194
2010,14104030,104,CH4 ,10PPBC, 4, 5, 193, 193, 193, 195, 193, 192, 192, 193, 195, 196, 195, 195, 195, 194, 195, 197, 195, 196, 196, 198, 202, 201, 204, 202
2010,14104030,104,CH4 ,10PPBC, 4, 6, 203, 202, 199, 199, 201, 199, 188, 189, 189, 189, 218, 236, 231, 287,9999,9999, 186, 187, 188, 188, 188, 187, 187, 186
2010,14104030,104,CH4 ,10PPBC, 4, 7, 185, 185, 185, 185, 185, 185, 197, 195, 193, 194, 199, 197, 191, 188, 187, 187, 188, 188, 188, 189, 188, 189, 191, 191
2010,14104030,104,CH4 ,10PPBC, 4, 8, 190, 194, 190, 191, 191, 190, 192, 196, 194, 192, 190, 190, 190, 190, 190, 190, 191, 191, 191, 192, 190, 191, 191, 191
2010,14104030,104,CH4 ,10PPBC, 4, 9, 191, 205, 194, 190, 203, 200, 196, 198, 204, 195, 193, 192, 190, 190, 189, 189, 188, 187, 187, 187, 187, 188, 190, 196
2010,14104030,104,CH4 ,10PPBC, 4,10, 198, 196, 195, 195, 194, 192, 190, 191, 193, 203, 203, 207, 194, 193, 190, 190, 187, 185, 185, 185, 185, 185, 186, 187
2010,14104030,104,CH4 ,10PPBC, 4,11, 185, 185, 185, 187, 187, 185, 187, 188, 191, 190, 191, 200, 199, 192, 191, 191, 188, 186, 188, 188, 189, 190, 190, 195
2010,14104030,104,CH4 ,10PPBC, 4,12, 193, 191, 190, 190, 190, 189, 190, 190, 189, 190, 190, 190, 191,9999,9999,9999, 188, 189, 190, 190, 189, 188, 188, 187
2010,14104030,104,CH4 ,10PPBC, 4,13, 186, 185, 184, 185, 184, 185, 187, 187, 187, 188, 188, 186, 184, 183, 183, 183, 183, 182, 182, 183, 183, 183, 184, 184
2010,14104030,104,CH4 ,10PPBC, 4,14, 185, 194, 188, 187, 186, 187, 188, 189, 189, 188, 189, 188, 188, 188, 189, 190, 188, 188, 188, 188, 188, 191, 192, 191
2010,14104030,104,CH4 ,10PPBC, 4,15, 190, 189, 189, 188, 189, 188, 188, 190, 191, 193, 190, 189, 191, 190, 189, 188, 188, 189, 189, 190, 189, 191, 202, 196
2010,14104030,104,CH4 ,10PPBC, 4,16, 193, 197, 194, 190, 193, 191, 190, 192, 190, 190, 190, 194, 195, 196, 191, 192,9999,9999,9999,9999,9999,9999,9999,9999
2010,14104030,104,CH4 ,10PPBC, 4,17,9999,9999,9999,9999,9999,9999,9999,9999,9999,9999,9999,9999,9999,9999,9999,9999,9999,9999,9999,9999,9999,9999,9999,9999
2010,14104030,104,CH4 ,10PPBC, 4,18,9999,9999,9999,9999,9999,9999,9999,9999,9999,9999,9999,9999,9999,9999,9999,9999,9999,9999,9999,9999,9999,9999,9999,9999
2010,14104030,104,CH4 ,10PPBC, 4,19,9999,9999,9999,9999,9999,9999,9999,9999,9999,9999,9999,9999,9999,9999,9999,9999, 186, 188, 188, 188, 187, 188, 188, 187
2010,14104030,104,CH4 ,10PPBC, 4,20, 186, 187, 186, 186, 187, 185, 185, 184, 184, 183, 184, 183, 184, 183, 183, 183, 184, 184, 187, 185, 186, 191, 188, 187
2010,14104030,104,CH4 ,10PPBC, 4,21, 190, 192, 192, 191, 192, 195, 197, 197, 198, 198, 206, 204, 196, 192, 188, 186, 186, 188, 183, 184, 185, 186, 188, 187
2010,14104030,104,CH4 ,10PPBC, 4,22, 190, 189, 189, 189, 190, 192, 191, 191, 194, 192, 192, 192, 191, 190, 190, 190, 189, 188, 187, 188, 188, 188, 189, 188
2010,14104030,104,CH4 ,10PPBC, 4,23, 188, 187, 187, 188, 186, 186, 189, 190, 190, 190, 190, 190, 191, 191, 190, 193, 193, 186, 186, 186, 186, 186, 194, 188
2010,14104030,104,CH4 ,10PPBC, 4,24, 186, 187, 186, 186, 186, 186, 187, 188, 191, 193, 188, 187, 187, 187, 187, 188, 188, 189, 190, 192, 191, 190, 191, 192
2010,14104030,104,CH4 ,10PPBC, 4,25, 193, 191, 190, 191, 191, 193, 194, 195, 195, 196, 191, 190, 189, 188, 188, 188, 189, 189, 188, 188, 190, 190, 191, 193
2010,14104030,104,CH4 ,10PPBC, 4,26, 191, 191, 193, 194, 194, 195, 195, 193, 195, 197,9999,9999, 190, 188, 188, 189, 188, 188, 188, 191, 193, 193, 192, 191
2010,14104030,104,CH4 ,10PPBC, 4,27, 192, 192, 197, 196, 192, 192, 193, 195, 196, 197, 201, 201, 193, 187, 187, 187, 186, 187, 189, 191, 188, 188, 188, 186
2010,14104030,104,CH4 ,10PPBC, 4,28, 186, 187, 186, 185, 185, 185, 185, 183, 191, 188, 188, 187, 188, 187, 187, 187, 187, 187, 188, 188, 189, 189, 190, 192
2010,14104030,104,CH4 ,10PPBC, 4,29, 190, 191, 194, 193, 188, 184, 185, 185, 184, 183, 182, 182, 182, 183, 183, 184, 183, 185, 185, 186, 187, 187, 187, 188
2010,14104030,104,CH4 ,10PPBC, 4,30, 190, 190, 189, 189, 189, 190, 190, 192, 190, 188, 188, 188, 187, 185, 185, 185, 185, 187, 189, 187, 189, 191, 192, 194
2010,14104030,104,CH4 ,10PPBC, 4,31,9998,9998,9998,9998,9998,9998,9998,9998,9998,9998,9998,9998,9998,9998,9998,9998,9998,9998,9998,9998,9998,9998,9998,9998
2010,14104030,104,CH4 ,10PPBC, 5, 1, 193, 193, 192, 201, 193, 193, 194, 192, 189, 189, 189, 187, 187, 187, 186, 186, 186, 186, 187, 188, 188, 189, 191, 192
2010,14104030,104,CH4 ,10PPBC, 5, 2, 193, 192, 193, 191, 192, 191, 192, 193, 207, 196, 195, 196, 192, 188, 188, 187, 186, 187, 186, 188, 187, 187, 187, 188
2010,14104030,104,CH4 ,10PPBC, 5, 3, 188, 188, 189, 191, 196, 198, 199, 199, 201, 202, 199, 191, 187, 185, 185, 185, 185, 185, 185, 185, 185, 185, 185, 185
2010,14104030,104,CH4 ,10PPBC, 5, 4, 185, 185, 185, 185, 185, 185, 185, 186, 186, 185, 185, 184, 184, 184, 184, 185, 185, 185, 185, 184, 185, 185, 185, 185
2010,14104030,104,CH4 ,10PPBC, 5, 5, 184, 184, 184, 186, 188, 189, 192, 192, 193, 195, 191, 190, 189, 188, 184, 183, 183, 184, 184, 184, 184, 183, 184, 183
2010,14104030,104,CH4 ,10PPBC, 5, 6, 184, 183, 183, 183, 183, 182, 181, 181, 180, 180, 179, 178, 178, 178, 178,9999,9999, 179, 178, 178, 179, 178, 178, 179
2010,14104030,104,CH4 ,10PPBC, 5, 7, 180, 180, 179, 179, 179, 178, 179, 178, 177, 177, 177, 177, 176, 176, 176, 175, 176, 176, 176, 176, 176, 177, 176, 179
2010,14104030,104,CH4 ,10PPBC, 5, 8, 183, 184, 183, 183, 184, 185, 187, 185, 185, 184, 184, 184, 184, 184, 183, 183, 183, 184, 183, 184, 184, 183, 184, 184
2010,14104030,104,CH4 ,10PPBC, 5, 9, 183, 183, 185, 186, 191, 193, 192, 190, 189, 192, 189, 188, 187, 187, 185, 186, 186, 187, 186, 188, 188, 188, 187, 187
2010,14104030,104,CH4 ,10PPBC, 5,10, 187, 186, 187, 201, 195, 191, 191, 191, 191, 192,9999,9999,9999,9999, 190, 190, 194, 194, 189, 189, 189, 190, 189, 188
2010,14104030,104,CH4 ,10PPBC, 5,11, 189, 188, 187, 188, 187, 187, 188, 190, 186, 187, 191, 192, 191, 186, 187, 186, 186, 187, 187, 188, 190, 191, 191, 190
2010,14104030,104,CH4 ,10PPBC, 5,12, 191, 189, 188, 188, 187, 187, 189, 191, 190, 195, 193, 189, 186, 188, 187, 187, 187, 187, 188, 189, 189, 190, 192, 191
2010,14104030,104,CH4 ,10PPBC, 5,13, 191, 189, 188, 188, 188, 189, 189, 189, 189, 188, 188, 188, 188, 188, 188, 188, 189, 189, 190, 189, 190, 190, 191, 191
2010,14104030,104,CH4 ,10PPBC, 5,14, 191, 190, 190, 190, 189, 189, 189, 190, 190, 192, 190, 189, 189, 190, 189, 189, 189, 190, 190, 191, 190, 190, 190, 189
2010,14104030,104,CH4 ,10PPBC, 5,15, 189, 189, 190, 188, 188, 187, 188, 189, 188, 189, 188, 188, 188, 188, 188, 189, 188, 189, 190, 190, 192, 190, 191, 191
2010,14104030,104,CH4 ,10PPBC, 5,16, 193, 194, 191, 190, 190, 191, 190, 189, 189, 189, 188, 187, 186, 186, 186, 186, 186, 186, 187, 187, 188, 187, 188, 188
2010,14104030,104,CH4 ,10PPBC, 5,17, 189, 194, 198, 198, 196, 195, 195, 194, 193, 197, 196, 193, 189, 190, 187,9999,9999, 185, 187, 187, 188, 188, 188, 189
2010,14104030,104,CH4 ,10PPBC, 5,18, 189, 187, 189, 194, 195, 192, 187, 186, 186, 186, 186, 185, 185, 185, 185, 185, 185, 185, 185, 185, 185, 185, 185, 185
2010,14104030,104,CH4 ,10PPBC, 5,19, 185, 185, 185, 185, 185, 185, 185, 185, 185, 185, 185, 184, 185, 184, 184, 184, 184, 184, 184, 184, 184, 184, 184, 184
2010,14104030,104,CH4 ,10PPBC, 5,20, 184, 184, 184, 184, 184, 185, 185, 184, 184, 184, 184, 184, 183, 183, 186, 190, 191, 192, 202, 194, 192, 193, 193, 192
2010,14104030,104,CH4 ,10PPBC, 5,21, 192, 193, 191, 191, 196, 199, 197, 193, 192, 194, 199, 197, 192, 191, 187, 187, 188, 188, 188, 189, 190, 191, 191, 190
2010,14104030,104,CH4 ,10PPBC, 5,22, 195, 193, 198, 207, 218, 223, 203, 196, 196, 196, 195, 195, 198, 199, 196, 193, 192, 192, 190, 190, 191, 191, 190, 191
2010,14104030,104,CH4 ,10PPBC, 5,23, 192, 190, 191, 190, 192, 193, 203, 211, 214, 217, 207, 195, 193, 194, 206, 194, 189, 189, 190, 191, 189, 187, 188, 187
2010,14104030,104,CH4 ,10PPBC, 5,24, 188, 187, 187, 188, 189, 191, 190, 189, 189, 189, 189, 189, 189,9999, 189, 191, 192, 193, 187, 177, 176, 180, 184, 185
2010,14104030,104,CH4 ,10PPBC, 5,25, 186, 185, 186, 185, 186, 187, 187, 193, 188, 186, 185, 186, 186, 186, 185, 186, 188, 189, 190, 190, 191, 189, 188, 188
2010,14104030,104,CH4 ,10PPBC, 5,26, 188, 190, 188, 188, 190, 187, 189, 193, 192, 191, 193, 198, 194, 192, 186, 185, 185, 185, 185, 185, 186, 186, 186, 186
2010,14104030,104,CH4 ,10PPBC, 5,27, 186, 186, 185, 186, 186, 189, 193, 192, 189, 190, 188, 187, 186, 186, 186, 186, 186, 186, 186, 187, 190, 189, 189, 188
2010,14104030,104,CH4 ,10PPBC, 5,28, 188, 188, 188, 188, 188, 188, 188, 188, 187, 187, 187, 187, 188, 188, 188, 188, 187, 185, 186, 187, 186, 187, 188, 188
2010,14104030,104,CH4 ,10PPBC, 5,29, 189, 189, 192, 190, 188, 188, 188, 188, 189, 189, 188, 188, 188, 188, 189, 189, 188, 188, 189, 188, 188, 188, 188, 188
2010,14104030,104,CH4 ,10PPBC, 5,30, 193, 201, 190, 189, 192, 191, 191, 193, 192, 193, 194, 192, 187, 187, 187, 187, 187, 187, 188, 188, 188, 187, 187, 187
2010,14104030,104,CH4 ,10PPBC, 5,31, 187, 188, 193, 194, 196, 197, 189, 196, 191, 193, 190, 188, 188, 188, 189, 188, 187, 187, 186, 186, 188, 192, 193, 191
2010,14104030,104,CH4 ,10PPBC, 6, 1, 190, 189, 190, 188, 188, 188, 189, 189, 188, 187, 188, 188, 188, 188,9999,9999, 188, 189, 190, 191, 190, 193, 191, 190
2010,14104030,104,CH4 ,10PPBC, 6, 2, 190, 189, 193, 193, 191, 189, 188, 188, 188, 189, 190, 190, 189, 189, 189, 190, 191, 190, 189, 187, 188, 190, 189, 189
2010,14104030,104,CH4 ,10PPBC, 6, 3, 189, 189, 190, 192, 194, 203, 208, 200, 191, 191, 188, 187, 188, 187, 186, 186, 186, 186, 185, 185, 185, 187, 188, 187
2010,14104030,104,CH4 ,10PPBC, 6, 4, 186, 187, 187, 187, 188, 190, 191, 190, 188, 185, 185, 184, 185, 185, 185, 184, 184, 185, 185, 185, 185, 185, 186, 187
2010,14104030,104,CH4 ,10PPBC, 6, 5, 192, 191, 192, 191, 192, 192, 193, 194, 200, 195, 192, 193, 188, 188, 189, 189, 189, 189, 189, 189, 188, 189, 190, 189
2010,14104030,104,CH4 ,10PPBC, 6, 6, 188, 191, 197, 212, 190, 190, 190, 192, 191, 191, 190, 190, 189, 188, 187, 187, 187, 187, 187, 187, 187, 188, 187, 187
2010,14104030,104,CH4 ,10PPBC, 6, 7, 188, 188, 189, 189, 190, 190, 193, 193, 192, 194, 194, 189, 187, 187,9999, 186, 188, 188, 187, 186, 186, 186, 186, 186
2010,14104030,104,CH4 ,10PPBC, 6, 8, 186, 186, 189, 192, 195, 195, 195, 198, 195, 193, 190, 189, 194, 188, 187, 189, 189, 188, 190, 189, 189, 190, 192, 193
2010,14104030,104,CH4 ,10PPBC, 6, 9,9999, 194, 191, 194, 193, 191, 190, 194, 196, 199, 194, 193, 194, 191, 188, 184, 183, 184, 184, 186, 188, 198, 193, 191
2010,14104030,104,CH4 ,10PPBC, 6,10, 193, 191, 191, 193, 193, 188, 192, 188, 193, 188, 186, 185, 184, 182, 181, 182, 183, 185, 184, 184, 185, 186, 187, 188
2010,14104030,104,CH4 ,10PPBC, 6,11, 188, 186, 184, 187, 188, 189, 189, 189, 188, 187, 188, 185, 185, 183, 183, 183, 184, 183, 181, 181, 181, 182, 182, 182
2010,14104030,104,CH4 ,10PPBC, 6,12, 183, 183, 183, 182, 184, 184, 187, 188, 192, 182, 182, 183, 182, 182, 181, 181, 181, 181, 181, 182, 181, 181, 181, 181
2010,14104030,104,CH4 ,10PPBC, 6,13, 181, 181, 181, 181, 181, 181, 181, 182, 181, 181, 183, 182, 182, 181, 182, 184, 184, 183, 182, 183, 183, 182, 182, 182
2010,14104030,104,CH4 ,10PPBC, 6,14, 183, 184, 183, 184, 185, 183, 183, 185, 186, 190, 194, 190, 190, 192, 189, 187, 185, 184, 184, 184, 185, 185, 184, 184
2010,14104030,104,CH4 ,10PPBC, 6,15, 186, 187, 186, 188, 188, 191, 196, 186, 186, 184,9999,9999, 185, 186, 185, 187, 188, 188, 185, 185, 184, 185, 189, 188
2010,14104030,104,CH4 ,10PPBC, 6,16, 188, 187, 186, 176, 173, 173, 173, 172, 173, 174, 176, 176, 178, 181, 182, 184, 184, 184, 186, 186, 187, 187, 188, 189
2010,14104030,104,CH4 ,10PPBC, 6,17, 190, 189, 186, 187, 191, 195, 193, 190, 188, 188, 189, 190, 189, 190, 188, 187, 186, 186, 186, 186, 186, 183, 183, 184
2010,14104030,104,CH4 ,10PPBC, 6,18, 182, 181, 182, 183, 186, 186, 192, 190, 185, 189, 186, 181, 183, 180, 177, 177, 178, 177, 179, 184, 185, 188, 190, 190
2010,14104030,104,CH4 ,10PPBC, 6,19, 186, 174, 173, 172, 172, 172, 172, 188, 191, 192, 192, 188, 179, 179, 181, 182, 181, 183, 181, 181, 179, 175, 174, 175
2010,14104030,104,CH4 ,10PPBC, 6,20, 174, 174, 173, 174, 174, 174, 176, 175, 175, 175, 175, 176, 176, 175, 175, 177, 177, 176, 176, 176, 177, 176, 174, 175
2010,14104030,104,CH4 ,10PPBC, 6,21, 176, 176, 175, 174, 175, 175, 175, 176, 176, 175, 175, 176,9999, 174, 174, 174, 174, 177, 179, 179, 180, 181, 185, 182
2010,14104030,104,CH4 ,10PPBC, 6,22, 179, 178, 183, 181, 177, 179, 180, 182, 184, 177, 177, 177, 178, 179, 177, 178, 177, 177, 177, 179, 180, 180, 179, 179
2010,14104030,104,CH4 ,10PPBC, 6,23, 178, 177, 178, 179, 179, 180, 178, 176, 176, 174, 173, 174, 173, 173, 174, 185, 185, 183, 180, 178, 177, 181, 187, 187
2010,14104030,104,CH4 ,10PPBC, 6,24, 187, 188, 190, 191, 194, 193, 189, 192, 196, 198, 209, 197, 195, 197, 197, 195, 196, 195, 195, 195, 194, 193, 191, 193
2010,14104030,104,CH4 ,10PPBC, 6,25, 193, 194, 195, 191, 191, 194, 195, 203, 202, 200, 205, 207, 201, 198, 196, 191, 185, 183, 186, 185, 184, 185, 184, 183
2010,14104030,104,CH4 ,10PPBC, 6,26, 184, 184, 184, 182, 185, 182, 183, 180, 178, 178, 177, 178, 178, 178, 177, 177, 178, 178, 178, 178, 178, 178, 178, 178
2010,14104030,104,CH4 ,10PPBC, 6,27, 177, 177, 178, 177, 177, 177, 177, 176, 177, 176, 176, 176, 176, 176, 175, 175, 175, 175, 175, 176, 176, 177, 176, 178
2010,14104030,104,CH4 ,10PPBC, 6,28, 177, 180, 179, 178, 177, 182, 183, 189, 188, 187, 185, 193, 195,9999,9999, 186, 187, 185, 187, 186, 186, 189, 189, 192
2010,14104030,104,CH4 ,10PPBC, 6,29, 193, 194, 195, 196, 199, 199, 199, 200, 208, 207, 197, 208, 210, 198, 185, 180, 181, 187, 185, 183, 177, 178, 185, 189
2010,14104030,104,CH4 ,10PPBC, 6,30, 188, 193, 203, 190, 185, 182, 181, 183, 182, 182, 183, 182, 183, 185, 181, 181, 182, 183, 182, 183, 183, 185, 185, 184
2010,14104030,104,CH4 ,10PPBC, 6,31,9998,9998,9998,9998,9998,9998,9998,9998,9998,9998,9998,9998,9998,9998,9998,9998,9998,9998,9998,9998,9998,9998,9998,9998
2010,14104030,104,CH4 ,10PPBC, 7, 1, 184, 182, 181, 182, 181, 180, 181, 181, 181, 181, 180, 179, 177, 176, 178, 177, 176, 177, 177, 179, 181, 180, 180, 182
2010,14104030,104,CH4 ,10PPBC, 7, 2, 184, 187, 187, 188, 187, 189, 191, 193, 204, 188, 179, 180, 178, 177, 177, 177, 177, 177, 177, 178, 178, 178, 179, 178
2010,14104030,104,CH4 ,10PPBC, 7, 3, 177, 178, 179, 179, 179, 180, 184, 193, 188, 182, 181, 181, 181, 180, 179, 180, 180, 180, 178, 178, 174, 173, 174, 174
2010,14104030,104,CH4 ,10PPBC, 7, 4, 175, 174, 173, 175, 178, 183, 184, 187, 189, 187, 195, 194, 191, 190, 189, 187, 183, 185, 185, 185, 184, 188, 186, 196
2010,14104030,104,CH4 ,10PPBC, 7, 5, 197, 197, 195, 192, 185, 187, 187, 189, 191, 202, 194, 190, 187,9999, 184, 183, 187, 187, 188, 188, 190, 191, 190, 189
2010,14104030,104,CH4 ,10PPBC, 7, 6, 188, 188, 189, 190, 193, 194, 196, 194, 191, 187, 187, 188, 187, 187, 187, 188, 192, 195, 196, 196, 196, 196, 195, 194
2010,14104030,104,CH4 ,10PPBC, 7, 7, 194, 194, 194, 193, 194, 195, 200, 206, 199, 191, 193, 196, 196, 193, 194, 193, 190, 190, 188, 188, 188, 187, 189, 187
2010,14104030,104,CH4 ,10PPBC, 7, 8, 189, 192, 193, 187, 189, 190, 194, 198, 194, 191, 186, 187, 190, 192, 192, 192, 191, 189, 185, 184, 185, 185, 182, 181
2010,14104030,104,CH4 ,10PPBC, 7, 9, 180, 181, 181, 182, 182, 183, 184, 184, 184, 188, 192, 187, 185, 182, 180, 181, 182, 182, 183, 178, 180, 178, 177, 177
2010,14104030,104,CH4 ,10PPBC, 7,10, 180, 180, 181, 183, 183, 183, 182, 183, 184, 187, 185, 183, 184, 184, 185, 185, 185, 185, 186, 186, 186, 187, 189, 195
2010,14104030,104,CH4 ,10PPBC, 7,11, 197, 200, 201, 202, 202, 199, 201, 198, 200, 203, 199, 192, 187, 182, 181, 179, 178, 177, 176, 176, 176, 175, 175, 175
2010,14104030,104,CH4 ,10PPBC, 7,12, 175, 175, 175, 175, 176, 176, 176, 176, 176, 176, 176, 176,9999,9999, 175, 175, 175, 176, 176, 175, 176, 176, 176, 177
2010,14104030,104,CH4 ,10PPBC, 7,13, 177, 177, 178, 179, 181, 180, 180, 181, 179, 190, 188, 178, 177, 177, 177, 177, 189, 195, 195, 195, 199, 199, 210, 207
2010,14104030,104,CH4 ,10PPBC, 7,14, 205, 210, 239, 232, 209, 182, 177, 178, 178, 178, 177, 177, 178, 178, 177, 178, 178, 177, 178, 178, 178, 178, 178, 178
2010,14104030,104,CH4 ,10PPBC, 7,15, 178, 178, 177, 177, 178, 178, 178, 178, 178, 178, 178, 177, 178, 177, 177, 177, 177, 177, 178, 178, 178, 178, 179, 178
2010,14104030,104,CH4 ,10PPBC, 7,16, 179, 179, 179, 178, 179, 179, 179, 178, 178, 179, 178, 178, 178, 178, 178, 178, 178, 179, 179, 179, 179, 179, 179, 179
2010,14104030,104,CH4 ,10PPBC, 7,17, 179, 180, 179, 179, 179, 179, 181, 180, 180, 179, 180, 180, 180, 180, 180, 180, 180, 180, 181, 181, 182, 180, 181, 182
2010,14104030,104,CH4 ,10PPBC, 7,18, 181, 181, 180, 180, 180, 180, 180, 180, 180, 179, 180, 179, 179, 179, 180, 179, 179, 180, 179, 180, 181, 179, 179, 179
2010,14104030,104,CH4 ,10PPBC, 7,19, 180, 179, 180, 180, 179, 179, 180, 180, 180, 179, 179, 179, 179, 179, 179, 179, 179, 179, 180, 180, 179, 182, 181, 181
2010,14104030,104,CH4 ,10PPBC, 7,20, 181, 181, 181, 184, 187, 184, 190, 193, 190, 184, 182, 184, 182, 181, 181, 180, 179, 188, 186, 182, 184, 180, 181, 182
2010,14104030,104,CH4 ,10PPBC, 7,21, 181, 183, 183, 183, 184, 186, 189, 192, 192, 191, 197, 195, 197,9999,9999, 182, 181, 180, 182, 182, 182, 183, 185, 182
2010,14104030,104,CH4 ,10PPBC, 7,22, 183, 181, 182, 185, 182, 186, 186, 191, 190, 188, 186, 183, 181, 182, 183, 183, 182, 181, 180, 181, 179, 180, 181, 179
2010,14104030,104,CH4 ,10PPBC, 7,23, 182, 182, 180, 183, 182, 186, 195, 196, 194, 190, 196, 204, 199, 194, 191, 191, 188, 182, 181, 178, 178, 179, 179, 180
2010,14104030,104,CH4 ,10PPBC, 7,24, 183, 184, 182, 183, 187, 193, 194, 200, 200, 195, 198, 197, 192, 188, 184, 185, 182, 181, 184, 183, 182, 181, 186, 187
2010,14104030,104,CH4 ,10PPBC, 7,25, 187, 187, 188, 188, 188, 187, 187, 181, 180, 179, 178, 178, 178, 180, 180, 180, 182, 184, 182, 182, 182, 182, 185, 186
2010,14104030,104,CH4 ,10PPBC, 7,26, 191, 198, 191, 191, 191, 191, 192, 194, 195, 193, 184, 180, 179, 179, 180, 179, 181, 180, 180, 179, 184, 185, 186, 187
2010,14104030,104,CH4 ,10PPBC, 7,27, 187, 181, 183, 179, 178, 178, 178, 178, 178, 178,9999,9999, 173, 174, 174, 174, 175, 173, 174, 174, 174, 174, 175, 175
2010,14104030,104,CH4 ,10PPBC, 7,28, 175, 175, 176, 175, 174, 175, 175, 175, 175, 175, 175, 176, 175, 176, 175, 176, 176, 176, 176, 177, 177, 177, 177, 177
2010,14104030,104,CH4 ,10PPBC, 7,29, 177, 177, 177, 177, 178, 178, 178, 178, 179, 177, 176, 175, 176, 175, 175, 174, 174, 174, 173, 174, 173, 173, 172, 173
2010,14104030,104,CH4 ,10PPBC, 7,30, 172, 172, 172, 174, 173, 173, 173, 173, 174, 173, 173, 172, 173, 173, 173, 173, 173, 174, 174, 174, 176, 175, 177, 176
2010,14104030,104,CH4 ,10PPBC, 7,31, 175, 175, 179, 181, 185, 189, 186, 181, 184, 181, 178, 174, 174, 175, 175, 175, 175, 176, 177, 178, 176, 177, 178, 178
2010,14104030,104,CH4 ,10PPBC, 8, 1, 178, 179, 179, 181, 180, 179, 180, 179, 179, 178, 176, 175, 176, 179, 179, 180, 178, 178, 177, 176, 175, 175, 176, 176
2010,14104030,104,CH4 ,10PPBC, 8, 2, 176, 176, 174, 174, 174, 174, 175, 174, 172, 172,9999,9999, 172, 172, 171, 172, 173, 174, 174, 175, 175, 175, 175, 174
2010,14104030,104,CH4 ,10PPBC, 8, 3, 176, 174, 174, 175, 175, 175, 174, 173, 174, 174, 174, 174, 173, 173, 172, 173, 173, 174, 174, 174, 175, 175, 174, 175
2010,14104030,104,CH4 ,10PPBC, 8, 4, 175, 176, 175, 175, 176, 176, 176, 174, 175, 174, 174, 174, 174, 173, 173, 173, 173, 174, 174, 175, 174, 174, 174, 174
2010,14104030,104,CH4 ,10PPBC, 8, 5, 174, 174, 174, 174, 174, 174, 174, 174, 174, 174, 174, 175, 174, 174, 175, 175, 175, 175, 175, 176, 175, 175, 175, 175
2010,14104030,104,CH4 ,10PPBC, 8, 6, 175, 175, 176, 175, 175, 175, 176, 176, 176, 176, 176, 175, 175, 175, 176, 176, 177, 178, 178, 178, 179, 180, 180, 180
2010,14104030,104,CH4 ,10PPBC, 8, 7, 181, 180, 180, 180, 180, 181, 181, 180, 182, 180, 180, 180, 180, 179, 179, 177, 177, 176, 176, 176, 175, 177, 176, 177
2010,14104030,104,CH4 ,10PPBC, 8, 8, 175, 175, 175, 175, 177, 177, 176, 176, 176, 177, 178, 177, 177, 176, 175, 175, 176, 175, 176, 176, 177, 176, 175, 175
2010,14104030,104,CH4 ,10PPBC, 8, 9, 179, 177, 175, 176, 178, 178, 175, 176, 180, 176, 180, 176, 176,9999,9999, 174, 174, 177, 176, 175, 175, 175, 176, 175
2010,14104030,104,CH4 ,10PPBC, 8,10, 175, 176, 175, 176, 174, 175, 175, 174, 174, 174, 174, 173, 173, 173, 174, 174, 174, 174, 174, 174, 175, 175, 175, 175
2010,14104030,104,CH4 ,10PPBC, 8,11, 177, 175, 175, 175, 175, 174, 174, 173, 173, 172, 172, 173, 173, 172, 172, 172, 172, 172, 172, 173, 174, 173, 173, 172
2010,14104030,104,CH4 ,10PPBC, 8,12, 171, 171, 171, 171, 171, 171, 171, 171, 171, 171, 171, 171, 171, 172, 174, 173, 173, 174, 174, 174, 174, 175, 175, 176
2010,14104030,104,CH4 ,10PPBC, 8,13, 176, 176, 177, 182, 179, 180, 177, 179, 181, 183, 183, 186, 184, 181, 181, 180, 181, 182, 183, 183, 183, 180, 178, 178
2010,14104030,104,CH4 ,10PPBC, 8,14, 181, 193, 186, 180, 175, 174, 174, 174, 174, 173, 173, 173, 173, 172, 172, 174, 175, 175, 175, 174, 174, 174, 174, 174
2010,14104030,104,CH4 ,10PPBC, 8,15, 174, 174, 174, 174, 174, 174, 174, 175, 174, 174, 173, 173, 174, 173, 174, 174, 174, 174, 174, 176, 175, 176, 174, 175
2010,14104030,104,CH4 ,10PPBC, 8,16, 176, 178, 182, 181, 182, 182, 187, 191, 182, 179, 176,9999, 175, 181, 190, 182, 179, 182, 181, 182, 177, 179, 179, 179
2010,14104030,104,CH4 ,10PPBC, 8,17, 178, 178, 176, 176, 177, 178, 187, 206, 209, 206, 194, 184, 183, 180, 179, 178, 182, 176, 174, 175, 175, 176, 177, 178
2010,14104030,104,CH4 ,10PPBC, 8,18, 179, 178, 186, 191, 187, 188, 190, 192, 196, 192, 189, 187, 181, 178, 178, 176, 176, 176, 177, 179, 180, 182, 182, 181
2010,14104030,104,CH4 ,10PPBC, 8,19, 181, 180, 180, 181, 182, 182, 184, 184, 183, 182, 183, 182, 183, 184, 183, 183, 183, 183, 182, 184, 185, 187, 186, 187
2010,14104030,104,CH4 ,10PPBC, 8,20, 189, 188, 187, 188, 187, 188, 190, 190, 190, 194, 195, 191, 189, 186, 185, 185, 187, 187, 187, 188, 190, 190, 188, 189
2010,14104030,104,CH4 ,10PPBC, 8,21, 188, 190, 189, 189, 192, 189, 198, 190, 188, 189, 189, 189, 188, 185, 183, 184, 184, 182, 183, 183, 183, 184, 183, 183
2010,14104030,104,CH4 ,10PPBC, 8,22, 184, 182, 183, 182, 183, 182, 182, 181, 181, 182, 182, 182, 181, 181, 180, 181, 180, 181, 180, 181, 182, 182, 182, 181
2010,14104030,104,CH4 ,10PPBC, 8,23, 181, 180, 180, 180, 180, 180, 180, 181, 182, 182, 181, 179, 179, 179, 180, 179, 180, 179, 180, 180, 181, 181, 180, 181
2010,14104030,104,CH4 ,10PPBC, 8,24, 181, 180, 180, 180, 180, 181, 180, 179, 179, 179, 179,9999,9999, 180, 180, 179, 179, 180, 181, 181, 181, 182, 182, 181
2010,14104030,104,CH4 ,10PPBC, 8,25, 181, 180, 181, 181, 181, 182, 181, 180, 180, 180, 180, 179, 181, 180, 179, 179, 179, 180, 179, 179, 179, 179, 179, 181
2010,14104030,104,CH4 ,10PPBC, 8,26,9999, 178, 184, 188, 187, 187, 181, 180, 178, 177, 178, 178, 177, 178, 178, 179, 179, 180, 182, 181, 181, 181, 182, 182
2010,14104030,104,CH4 ,10PPBC, 8,27, 180, 180, 180, 182, 183, 189, 193, 192, 190, 190, 185, 180, 179, 177, 177, 176, 174, 173, 174, 174, 175, 174, 174, 174
2010,14104030,104,CH4 ,10PPBC, 8,28, 173, 173, 173, 173, 173, 174, 174, 174, 174, 174, 173, 173, 174, 174, 174, 174, 174, 176, 176, 176, 175, 175, 175, 175
2010,14104030,104,CH4 ,10PPBC, 8,29, 175, 175, 174, 175, 178, 180, 185, 182, 179, 177, 174, 174, 173, 174, 175, 174, 173, 173, 173, 174, 175, 175, 174, 175
2010,14104030,104,CH4 ,10PPBC, 8,30, 174, 176, 176, 181, 187, 192, 197, 203, 205, 190, 184, 183, 179,9999,9999, 180, 176, 175, 175, 174, 175, 173, 176, 177
2010,14104030,104,CH4 ,10PPBC, 8,31, 176, 176, 175, 175, 179, 179, 190, 179, 178, 183, 184, 178, 178, 176, 177, 174, 175, 175, 178, 178, 178, 175, 174, 174
2010,14104030,104,CH4 ,10PPBC, 9, 1, 173, 173, 175, 174, 174, 174, 175, 176, 174, 173, 173, 175, 174, 175, 175, 176, 177, 179, 181, 181, 179, 180, 180, 180
2010,14104030,104,CH4 ,10PPBC, 9, 2, 180, 181, 181, 181, 181, 182, 184, 182, 182, 182, 180, 180, 180, 180, 180, 182, 181, 180, 180, 179, 181, 180, 180, 179
2010,14104030,104,CH4 ,10PPBC, 9, 3, 179, 179, 180, 179, 181, 182, 183, 179, 179, 179, 179, 178, 178, 179, 177, 178, 178, 177, 178, 178, 177, 178, 177, 178
2010,14104030,104,CH4 ,10PPBC, 9, 4, 182, 182, 184, 180, 183, 186, 186, 189, 185, 186, 183, 182, 182, 181, 181, 180, 178, 177, 177, 177, 179, 179, 179, 178
2010,14104030,104,CH4 ,10PPBC, 9, 5, 177, 178, 179, 181, 180, 181, 180, 179, 179, 177, 176, 177, 176, 179, 178, 177, 177, 177, 176, 177, 177, 179, 177, 176
2010,14104030,104,CH4 ,10PPBC, 9, 6, 176, 176, 175, 174, 173, 173, 172, 172, 173, 174, 173, 173,9999,9999,9999,9999,9999,9999,9999,9999,9999,9999,9999,9999
2010,14104030,104,CH4 ,10PPBC, 9, 7,9999,9999,9999,9999,9999,9999,9999,9999,9999,9999,9999,9999,9999,9999,9999, 171, 173, 175, 173, 172, 173, 174, 174, 174
2010,14104030,104,CH4 ,10PPBC, 9, 8, 173, 172, 174, 173, 178, 185, 185, 187, 194, 193, 186, 172, 173, 174, 172, 180, 180, 186, 183, 182, 182, 182, 181, 182
2010,14104030,104,CH4 ,10PPBC, 9, 9, 183, 184, 184, 184, 184, 184, 185, 186, 186, 186, 186, 186, 187, 186, 183, 183, 183, 184, 185, 185, 184, 185, 191, 199
2010,14104030,104,CH4 ,10PPBC, 9,10, 200, 196, 198, 188, 187, 199, 187, 187, 187, 189, 188, 187, 188, 188, 186, 184, 184, 182, 182, 183, 184, 184, 184, 183
2010,14104030,104,CH4 ,10PPBC, 9,11, 183, 183, 182, 183, 182, 184, 182, 182, 182, 182, 184, 183, 181, 180, 180, 180, 180, 181, 181, 181, 182, 182, 182, 182
2010,14104030,104,CH4 ,10PPBC, 9,12, 182, 189, 187, 189, 185, 186, 188, 190, 191, 184, 195, 189, 184, 183, 183, 182, 182, 183, 185, 190, 190, 184, 183, 182
2010,14104030,104,CH4 ,10PPBC, 9,13, 180, 175, 175, 173, 174, 183, 188, 187, 187, 187, 192, 191, 186, 182, 178, 179, 178, 178, 180, 183, 185, 184, 186, 186
2010,14104030,104,CH4 ,10PPBC, 9,14, 189, 182, 183, 181, 181, 181, 182, 183, 184, 183, 183, 183, 183, 183, 183, 184, 184, 184, 185, 187, 185, 185, 184, 184
2010,14104030,104,CH4 ,10PPBC, 9,15, 184, 185, 184, 191, 193, 193, 192, 190, 189, 189, 190, 191, 187,9999, 185, 185,9999, 186, 186, 186, 192, 188, 195, 191
2010,14104030,104,CH4 ,10PPBC, 9,16, 191, 191, 189, 189, 190, 191, 189, 188, 188, 187, 186, 186, 185, 185, 186, 187, 188, 187, 187, 188, 189, 188, 190, 193
2010,14104030,104,CH4 ,10PPBC, 9,17, 192, 195, 195, 197, 194, 193, 195, 192, 193, 201, 190, 188, 185, 185, 187, 189, 187, 187, 190, 190, 189, 192, 195, 200
2010,14104030,104,CH4 ,10PPBC, 9,18, 212, 205, 202, 197, 195, 195, 196, 197, 195, 192, 188, 187, 186, 186, 185, 186, 187, 187, 188, 188, 187, 187, 189, 190
2010,14104030,104,CH4 ,10PPBC, 9,19, 191, 190, 189, 190, 191, 193, 193, 192, 191, 191, 189, 186, 184, 184, 184, 186, 187, 185, 185, 185, 186, 185, 186, 188
2010,14104030,104,CH4 ,10PPBC, 9,20, 187, 186, 187, 189, 187, 187, 195, 196, 203, 194, 186, 184, 184, 184, 185, 185, 192, 193, 188, 190, 186, 186, 187, 189
2010,14104030,104,CH4 ,10PPBC, 9,21, 192, 199, 200, 199, 199, 197, 198, 201, 201, 199, 198,9999, 197, 195, 190, 188, 189, 188, 188, 191, 190, 191, 198, 201
2010,14104030,104,CH4 ,10PPBC, 9,22, 199, 199, 201, 205, 195, 192, 193, 189, 190, 188, 186, 184, 183, 183, 183, 183, 182, 182, 181, 180, 179, 180, 186, 192
2010,14104030,104,CH4 ,10PPBC, 9,23, 194, 205, 219, 226, 215, 215, 217, 220, 192, 197, 197, 193, 192, 189, 190, 191, 193, 189, 190, 190, 191, 191, 191, 191
2010,14104030,104,CH4 ,10PPBC, 9,24, 193, 193, 190, 192, 192, 191, 191, 193, 190, 189, 192, 191, 194, 195, 191, 189, 189, 189, 190, 190, 191, 190, 190, 190
2010,14104030,104,CH4 ,10PPBC, 9,25, 190, 188, 188, 188, 189, 188, 187, 187, 187, 187, 187, 187, 187, 186, 188, 188, 189, 188, 189, 188, 190, 191, 192, 194
2010,14104030,104,CH4 ,10PPBC, 9,26, 195, 195, 196, 194, 193, 194, 198, 201, 209, 195, 194, 195, 194, 191, 191, 191, 190, 191, 191, 194, 195, 195, 194, 194
2010,14104030,104,CH4 ,10PPBC, 9,27, 191, 191, 192, 194, 204, 195, 194, 192, 191, 190,9999,9999,9999,9999, 184, 185, 185, 186, 186, 187, 187, 187, 188, 189
2010,14104030,104,CH4 ,10PPBC, 9,28, 188, 190, 187, 186, 186, 186, 187, 189, 190, 198, 210, 211, 198, 194, 191, 190, 191, 193, 193, 196, 204, 208, 213, 208
2010,14104030,104,CH4 ,10PPBC, 9,29, 202, 199, 196, 197, 194, 189, 189, 188, 187, 187, 188, 189, 189, 190, 190, 190, 189, 190, 190, 190, 192, 194, 195, 199
2010,14104030,104,CH4 ,10PPBC, 9,30, 210, 202, 202, 198, 195, 194, 196, 196, 195, 197, 196, 196, 198, 198, 201, 202, 199, 204, 201, 189, 199, 199, 199, 196
2010,14104030,104,CH4 ,10PPBC, 9,31,9998,9998,9998,9998,9998,9998,9998,9998,9998,9998,9998,9998,9998,9998,9998,9998,9998,9998,9998,9998,9998,9998,9998,9998
2010,14104030,104,CH4 ,10PPBC,10, 1, 196, 192, 190, 194, 193, 193, 194, 195, 194, 193, 192, 191, 191, 188, 187, 186, 185, 186, 186, 187, 189, 188, 189, 191
2010,14104030,104,CH4 ,10PPBC,10, 2, 190, 190, 201, 191, 188, 191, 190, 196, 190, 186, 187, 187, 187, 185, 184, 184, 185, 185, 186, 186, 187, 187, 187, 188
2010,14104030,104,CH4 ,10PPBC,10, 3, 199, 205, 194, 193, 193, 194, 195, 195, 193, 192, 191, 188, 197, 186, 184, 184, 184, 184, 186, 186, 186, 188, 187, 186
2010,14104030,104,CH4 ,10PPBC,10, 4, 187, 188, 189, 189, 192, 198, 222, 197, 193, 196, 199, 198, 203, 203,9999, 200, 200, 205, 203, 196, 195, 192, 191, 193
2010,14104030,104,CH4 ,10PPBC,10, 5, 194, 195, 195, 193, 191, 200, 197, 193, 188, 188, 188, 188, 189, 187, 187, 186, 186, 185, 185, 186, 187, 188, 196, 202
2010,14104030,104,CH4 ,10PPBC,10, 6, 199, 200, 197, 191, 190, 188, 189, 190, 190, 190, 189, 190, 189, 186, 186, 186, 186, 188, 188, 187, 188, 192, 193, 191
2010,14104030,104,CH4 ,10PPBC,10, 7, 190, 191, 192, 193, 193, 194, 195, 196, 195, 192, 191, 190, 190, 189, 187, 188, 188, 189, 189, 190, 196, 193, 192, 194
2010,14104030,104,CH4 ,10PPBC,10, 8, 193, 191, 191, 191, 190, 191, 190, 190, 196, 190, 188, 188, 187, 187, 187, 187, 187, 187, 188, 189, 188, 187, 188, 188
2010,14104030,104,CH4 ,10PPBC,10, 9, 201, 199, 193, 193, 191, 190, 190, 189, 190, 190, 190, 190, 189, 189, 188, 188, 189, 189, 188, 188, 188, 189, 190, 190
2010,14104030,104,CH4 ,10PPBC,10,10, 191, 191, 190, 190, 187, 188, 188, 188, 190, 192, 190, 188, 190, 195, 193, 198, 204, 196, 186, 189, 192, 196, 203, 200
2010,14104030,104,CH4 ,10PPBC,10,11, 197, 204, 206, 201, 197, 192, 190, 191, 189, 190, 190, 200, 192, 187, 185, 185, 186, 190, 189, 191, 190, 190, 194, 197
2010,14104030,104,CH4 ,10PPBC,10,12, 195, 194, 198, 196, 196, 196, 199, 190, 184, 185, 186, 198, 195, 190, 197, 187, 183, 183, 185, 188, 193, 198, 198, 199
2010,14104030,104,CH4 ,10PPBC,10,13, 202, 210, 221, 204, 202, 201, 201, 204, 203, 198, 202, 191, 188,9999,9999, 184, 186, 185, 185, 189, 188, 188, 190, 190
2010,14104030,104,CH4 ,10PPBC,10,14, 192, 193, 194, 191, 196, 193, 193, 193, 193, 190, 186, 187, 186, 187, 187, 186, 186, 188, 187, 187, 188, 193, 202, 193
2010,14104030,104,CH4 ,10PPBC,10,15, 190, 191, 190, 189, 190, 192, 194, 194, 194, 187, 188, 187, 187, 188, 187, 186, 185, 185, 185, 187, 190, 192, 197, 198
2010,14104030,104,CH4 ,10PPBC,10,16, 202, 202, 193, 192, 190, 189, 189, 192, 190, 192, 189, 189, 188, 188, 188, 188, 190, 189, 190, 190, 189, 191, 192, 193
2010,14104030,104,CH4 ,10PPBC,10,17, 200, 205, 202, 194, 189, 191, 193, 192, 192, 193, 192, 191, 194, 194, 196, 198, 192, 191, 194, 194, 197, 201, 198, 194
2010,14104030,104,CH4 ,10PPBC,10,18, 191, 194, 194, 194, 194, 196, 196, 195, 194, 194, 191,9999,9999, 187, 186, 187, 188, 188, 188, 188, 188, 189, 194, 198
2010,14104030,104,CH4 ,10PPBC,10,19, 192, 191, 191, 191, 192, 192, 193, 194, 194, 194, 192, 191, 191, 191, 191, 192, 191, 193, 192, 194, 194, 194, 195, 195
2010,14104030,104,CH4 ,10PPBC,10,20, 194, 193, 193, 193, 194, 193, 193, 194, 193, 194, 194, 195, 196, 195, 193, 195, 196, 196, 195, 197, 199, 201, 201, 199
2010,14104030,104,CH4 ,10PPBC,10,21, 197, 197, 197, 195, 194, 195, 200, 201, 201, 201, 198, 197, 197, 195, 192, 193, 195, 196, 194, 196, 195, 195, 196, 194
2010,14104030,104,CH4 ,10PPBC,10,22, 195, 193, 191, 191, 190, 191, 191, 191, 191, 190, 190, 191, 191, 188, 188, 188, 188, 188, 189, 189, 189, 189, 190, 195
2010,14104030,104,CH4 ,10PPBC,10,23, 195, 192, 192, 192, 193, 193, 192, 193, 195, 195, 191, 191, 192, 190, 188, 188, 188, 189, 189, 189, 189, 189, 190, 202
2010,14104030,104,CH4 ,10PPBC,10,24, 213, 199, 198, 196, 196, 197, 196, 197, 197, 195, 200, 202, 201, 200, 201, 201, 213, 200, 199, 197, 193, 194, 193, 196
2010,14104030,104,CH4 ,10PPBC,10,25, 201, 200, 194, 193, 192, 191, 192, 191, 189, 191, 196, 198, 213, 219, 211, 208, 212, 205, 194, 201, 201, 196, 201, 223
2010,14104030,104,CH4 ,10PPBC,10,26, 214, 199, 194, 196, 213, 194, 192, 189, 188, 187,9999,9999, 186, 186, 187, 187, 191, 190, 191, 192, 192, 191, 191, 190
2010,14104030,104,CH4 ,10PPBC,10,27,9999, 188, 188, 187, 187, 187, 188, 188, 189, 190, 190, 190, 190, 190, 188, 189, 188, 188, 189, 189, 189, 189, 189, 192
2010,14104030,104,CH4 ,10PPBC,10,28, 196, 193, 191, 190, 190, 190, 190, 191, 190, 189, 188, 187, 187, 186, 187, 186, 186, 187, 187, 187, 188, 187, 187, 187
2010,14104030,104,CH4 ,10PPBC,10,29, 187, 190, 190, 190, 188, 188, 198, 199, 191, 191, 187, 186, 186, 186, 186, 186, 187, 186, 187, 187, 187, 189, 193, 193
2010,14104030,104,CH4 ,10PPBC,10,30, 192, 191, 190, 190, 189, 188, 188, 188, 188, 188, 188, 188, 188, 187, 187, 187, 186, 186, 186, 186, 186, 185, 185, 185
2010,14104030,104,CH4 ,10PPBC,10,31, 185, 185, 185, 185, 185, 185, 186, 186, 186, 187, 187, 187, 187, 187, 186, 187, 187, 188, 188, 190, 189, 189, 203, 203
2010,14104030,104,CH4 ,10PPBC,11, 1, 185, 200, 190, 186, 184, 183, 183, 183, 184, 184, 183, 183, 183, 183, 183, 182, 181, 182, 182, 183, 183, 192, 201, 196
2010,14104030,104,CH4 ,10PPBC,11, 2, 194, 192, 193, 195, 189, 192, 190, 190, 186, 186, 187, 187, 185,9999, 182, 182, 183, 185, 187, 189, 187, 191, 193, 190
2010,14104030,104,CH4 ,10PPBC,11, 3, 188, 187, 188, 188, 190, 190, 191, 192, 192, 190, 191, 190, 195, 193, 188, 188, 189, 190, 189, 190, 191, 192, 192, 192
2010,14104030,104,CH4 ,10PPBC,11, 4, 191, 189, 190, 191, 191, 191, 191, 190, 191, 194, 196, 200, 204, 190, 192, 196, 189, 191, 193, 205, 216, 209, 217, 210
2010,14104030,104,CH4 ,10PPBC,11, 5, 198, 196, 195, 194, 196, 197, 196, 197, 198, 195, 198, 194, 196, 190, 187, 186, 187, 190, 194, 200, 205, 205, 220, 210
2010,14104030,104,CH4 ,10PPBC,11, 6, 198, 199, 198, 194, 194, 193, 194, 197, 199, 196, 195, 200, 203, 192, 192, 192, 191, 192, 193, 197, 199, 202, 199, 216
2010,14104030,104,CH4 ,10PPBC,11, 7, 200, 195, 194, 193, 193, 191, 189, 190, 191, 193, 191, 191, 195, 196, 193, 192, 197, 198, 200, 202, 206, 200, 210, 213
2010,14104030,104,CH4 ,10PPBC,11, 8, 203, 197, 194, 194, 194, 193, 194, 195, 193, 193, 196, 193, 193, 196, 195, 192, 193, 192, 189, 186, 188, 195, 199, 201
2010,14104030,104,CH4 ,10PPBC,11, 9, 201, 204, 201, 200, 191, 185, 183, 183, 185, 185, 185, 185, 184, 184, 185, 187, 189, 190, 190, 190, 191, 191, 191, 191
2010,14104030,104,CH4 ,10PPBC,11,10, 191, 191, 190, 192, 194, 197, 215, 225, 224, 208,9999, 189, 187, 187, 185, 186, 187, 188, 190, 189, 191, 191, 192, 192
2010,14104030,104,CH4 ,10PPBC,11,11, 192, 194, 194, 191, 191, 192, 193, 194, 192, 196, 195, 195, 195, 194, 192, 191, 192, 192, 197, 199, 197, 198, 198, 209
2010,14104030,104,CH4 ,10PPBC,11,12, 210, 200, 198, 199, 199, 199, 197, 203, 202, 206, 202, 196, 187, 187, 188, 188, 188, 188, 189, 190, 191, 196, 205, 203
2010,14104030,104,CH4 ,10PPBC,11,13, 208, 201, 195, 198, 201, 204, 202, 199, 198, 197, 200, 197, 198, 195, 191, 192, 193, 194, 192, 193, 207, 206, 207, 200
2010,14104030,104,CH4 ,10PPBC,11,14, 197, 197, 197, 198, 198, 198, 197, 198, 200, 199, 216, 202, 210, 197, 197, 194, 197, 202, 208, 208, 212, 210, 211, 207
2010,14104030,104,CH4 ,10PPBC,11,15, 208, 214, 214, 206, 202, 201, 199, 196, 194, 192,9999,9999, 193, 197, 192, 188, 189, 191, 193, 192, 191, 193, 195, 191
2010,14104030,104,CH4 ,10PPBC,11,16, 192, 192, 198, 195, 194, 193, 196, 196, 194, 192, 192, 192, 190, 190, 191, 190, 190, 190, 190, 191, 191, 190, 199, 200
2010,14104030,104,CH4 ,10PPBC,11,17, 198, 201, 197, 195, 196, 195, 193, 193, 195, 192, 191, 190, 190, 188, 188, 188, 188, 189, 189, 190, 191, 192, 191, 189
2010,14104030,104,CH4 ,10PPBC,11,18, 190, 191, 193, 193, 190, 189, 191, 194, 195, 192, 191, 190, 189, 192, 189, 188, 189, 190, 191, 192, 192, 191, 191, 192
2010,14104030,104,CH4 ,10PPBC,11,19, 193, 191, 190, 190, 191, 191, 192, 192, 192, 192, 191, 192, 192, 196, 190, 189, 189, 190, 189, 191, 193, 193, 206, 209
2010,14104030,104,CH4 ,10PPBC,11,20, 202, 198, 196, 194, 192, 193, 194, 192, 193, 193, 192, 192, 193, 196, 196, 190, 191, 202, 215, 220, 213, 210, 206, 199
2010,14104030,104,CH4 ,10PPBC,11,21, 197, 197, 195, 195, 195, 193, 191, 192, 192, 192, 191, 191, 192, 194, 194, 196, 199, 200, 199, 203, 209, 205, 208, 228
2010,14104030,104,CH4 ,10PPBC,11,22, 205, 200, 197, 194, 195, 195, 196, 197, 197, 199, 201, 200, 198,9999,9999, 191, 192, 191, 192, 192, 193, 194, 195, 195
2010,14104030,104,CH4 ,10PPBC,11,23, 194, 190, 188, 190, 186, 185, 184, 184, 184, 185, 187, 188, 189, 189, 190, 194, 193, 189, 191, 193, 195, 193, 193, 193
2010,14104030,104,CH4 ,10PPBC,11,24, 192, 191, 190, 189, 191, 192, 194, 195, 193, 194, 196, 194, 191, 191, 191, 190, 191, 192, 192, 193, 191, 191, 192, 203
2010,14104030,104,CH4 ,10PPBC,11,25, 214, 208, 209, 200, 198, 197, 198, 197, 199, 199, 199, 200, 229, 204, 199, 202, 209, 210, 203, 200, 201, 200, 197, 196
2010,14104030,104,CH4 ,10PPBC,11,26, 196, 199, 202, 193, 193, 193, 195, 199, 200, 199, 195, 194, 193, 199, 216, 198, 192, 193, 192, 190, 192, 192, 196, 193
2010,14104030,104,CH4 ,10PPBC,11,27, 192, 192, 192, 190, 190, 191, 190, 191, 192, 193, 191, 195, 195, 190, 189, 189, 190, 190, 191, 190, 192, 193, 199, 214
2010,14104030,104,CH4 ,10PPBC,11,28, 213, 206, 201, 194, 192, 193, 195, 195, 194, 190, 189, 189, 189, 188, 188, 189, 190, 191, 193, 192, 191, 193, 192, 193
2010,14104030,104,CH4 ,10PPBC,11,29, 193, 193, 190, 190, 191, 192, 195, 198, 198, 198, 200,9999, 194, 188,9999,9999,9999, 192, 192, 193, 195, 202, 196, 195
2010,14104030,104,CH4 ,10PPBC,11,30, 195, 197, 198, 195, 194, 194, 193, 195, 194, 193, 196, 192, 192, 192, 194, 193, 195, 195, 192, 192, 191, 191, 192, 195
2010,14104030,104,CH4 ,10PPBC,11,31,9998,9998,9998,9998,9998,9998,9998,9998,9998,9998,9998,9998,9998,9998,9998,9998,9998,9998,9998,9998,9998,9998,9998,9998
2010,14104030,104,CH4 ,10PPBC,12, 1, 200, 199, 199, 201, 202, 202, 204, 205, 203, 204, 208, 205, 198, 200, 196, 195, 194, 197, 194, 195, 196, 201, 224, 219
2010,14104030,104,CH4 ,10PPBC,12, 2, 209, 201, 201, 199, 197, 197, 197, 199, 198, 199, 198, 199, 201, 215, 205, 201, 201, 203, 205, 204, 213, 219, 216, 207
2010,14104030,104,CH4 ,10PPBC,12, 3, 205, 202, 200, 203, 196, 184, 183, 182, 183, 182, 182, 184, 184, 185, 185, 185, 185, 184, 186, 188, 190, 190, 191, 190
2010,14104030,104,CH4 ,10PPBC,12, 4, 190, 190, 190, 189, 189, 190, 192, 194, 193, 191, 191, 192, 191, 191, 192, 191, 192, 194, 193, 193, 193, 196, 196, 194
2010,14104030,104,CH4 ,10PPBC,12, 5, 193, 193, 196, 196, 195, 195, 192, 201, 202, 198, 205, 211, 207, 199, 193, 194, 195, 199, 200, 203, 202, 213, 221, 207
2010,14104030,104,CH4 ,10PPBC,12, 6, 202, 200, 197, 197, 196, 195, 196, 198, 196, 203, 199, 201, 201, 203, 197,9999,9999, 193, 192, 190, 196, 207, 212, 208
2010,14104030,104,CH4 ,10PPBC,12, 7, 208, 207, 203, 203, 206, 208, 216, 211, 208, 203, 197, 198, 194, 192, 192, 195, 194, 192, 195, 194, 196, 193, 190, 190
2010,14104030,104,CH4 ,10PPBC,12, 8, 190, 189, 188, 188, 187, 188, 189, 190, 191, 190, 189, 188, 188, 189, 189, 189, 189, 191, 193, 193, 194, 194, 195, 196
2010,14104030,104,CH4 ,10PPBC,12, 9, 195, 194, 194, 192, 191, 192, 193, 191, 191, 191, 191, 191, 190, 188, 188, 190, 190, 191, 192, 192, 193, 194, 199, 196
2010,14104030,104,CH4 ,10PPBC,12,10, 196, 194, 192, 192, 192, 190, 192, 193, 191, 193, 194, 194, 193, 192, 191, 192, 192, 193, 192, 190, 191, 192, 193, 196
2010,14104030,104,CH4 ,10PPBC,12,11, 205, 208, 209, 213, 207, 200, 197, 193, 188, 187, 187, 187, 187, 187, 186, 186, 186, 187, 187, 186, 187, 187, 187, 190
2010,14104030,104,CH4 ,10PPBC,12,12, 194, 201, 195, 196, 194, 192, 191, 191, 192, 193, 192, 192, 193, 197, 194, 193, 194, 194, 193, 192, 193, 192, 194, 194
2010,14104030,104,CH4 ,10PPBC,12,13, 193, 194, 194, 194, 193, 193, 193, 193, 193, 193, 193, 192, 192, 192, 191, 192, 191, 192, 191, 192, 192, 194, 194, 197
2010,14104030,104,CH4 ,10PPBC,12,14, 199, 199, 196, 191, 189, 190, 190, 190, 191, 194, 196, 195,9999, 189, 191, 189, 188, 189, 191, 189, 190, 192, 189, 194
2010,14104030,104,CH4 ,10PPBC,12,15, 195, 192, 191, 190, 188, 186, 186, 195, 193, 193, 192, 198, 192, 190, 190, 191, 190, 190, 190, 190, 190, 191, 191, 191
2010,14104030,104,CH4 ,10PPBC,12,16, 190, 189, 189, 189, 198, 191, 199, 196, 196, 191, 189, 190, 190, 190, 190, 190, 199, 197, 204, 195, 196, 196, 196, 196
2010,14104030,104,CH4 ,10PPBC,12,17, 195, 195, 196, 195, 194, 192, 193, 197, 195, 193, 191, 191, 191, 194, 192, 191, 192, 192, 193, 200, 198, 192, 192, 215
2010,14104030,104,CH4 ,10PPBC,12,18, 210, 206, 198, 195, 195, 197, 195, 196, 198, 194, 194, 196, 199, 209, 203, 197, 193, 192, 192, 192, 193, 193, 193, 194
2010,14104030,104,CH4 ,10PPBC,12,19, 194, 192, 192, 191, 191, 193, 197, 196, 196, 196, 196, 198, 196, 198, 193, 193, 193, 194, 196, 202, 198, 203, 205, 199
2010,14104030,104,CH4 ,10PPBC,12,20, 198, 196, 196, 193, 193, 193, 197, 196, 202, 197,9999,9999, 186, 186, 187, 228, 211, 205, 210, 208, 198, 198, 197, 199
2010,14104030,104,CH4 ,10PPBC,12,21, 207, 210, 235, 216, 204, 202, 201, 198, 198, 198, 199, 199, 199, 197, 197, 197, 196, 196, 197, 196, 195, 194, 192, 192
2010,14104030,104,CH4 ,10PPBC,12,22, 192, 193, 198, 200, 193, 188, 187, 188, 189, 187, 186, 186, 185, 185, 186, 186, 187, 205, 218, 194, 196, 198, 195, 195
2010,14104030,104,CH4 ,10PPBC,12,23, 201, 202, 194, 196, 192, 191, 191, 188, 187, 187, 188, 187, 187, 188, 188, 188, 190, 190, 193, 195, 194, 195, 195, 196
2010,14104030,104,CH4 ,10PPBC,12,24, 203, 200, 205, 195, 191, 190, 189, 189, 189, 189, 190, 190, 190, 190, 190, 189, 189, 191, 193, 193, 194, 195, 194, 193
2010,14104030,104,CH4 ,10PPBC,12,25, 191, 192, 192, 189, 193, 192, 189, 185, 188, 187, 187, 188, 186, 186, 186, 186, 186, 189, 189, 189, 189, 187, 186, 185
2010,14104030,104,CH4 ,10PPBC,12,26, 185, 185, 185, 186, 187, 185, 185, 186, 186, 186, 186, 185, 185, 185, 185, 186, 186, 187, 186, 186, 186, 187, 187, 188
2010,14104030,104,CH4 ,10PPBC,12,27, 188, 189, 191, 190, 192, 189, 187, 188, 188, 188, 188, 188, 188,9999, 188, 190, 188, 192, 189, 192, 195, 203, 206, 201
2010,14104030,104,CH4 ,10PPBC,12,28, 198, 200, 199, 199, 196, 200, 201, 203, 205, 200, 200, 197, 187, 188, 187, 188, 192, 193, 188, 187, 188, 187, 190, 195
2010,14104030,104,CH4 ,10PPBC,12,29, 196, 195, 196, 198, 197, 195, 196, 196, 196, 195, 194, 193, 190, 190, 190, 191, 192, 193, 191, 191, 192, 192, 193, 193
2010,14104030,104,CH4 ,10PPBC,12,30, 193, 194, 194, 193, 191, 192, 193, 193, 191, 191, 192, 192, 189, 189, 189, 202, 198, 195, 192, 191, 192, 192, 193, 195
2010,14104030,104,CH4 ,10PPBC,12,31, 199, 202, 201, 197, 196, 195, 191, 192, 192, 191, 189, 187, 187, 187, 186, 187, 187, 189, 193, 195, 195, 194, 192, 191
2010,14104030,104,CH4 ,10PPBC, 1, 1, 193, 191, 194, 193, 196, 190, 188, 193, 197, 192, 190, 192, 193, 193, 193, 192, 192, 194, 193, 194, 195, 198, 199, 197
2010,14104030,104,CH4 ,10PPBC, 1, 2, 197, 191, 187, 189, 205, 205, 199, 197, 198, 199, 196, 195, 195, 196, 196, 192, 191, 191, 194, 192, 192, 192, 193, 192
2010,14104030,104,CH4 ,10PPBC, 1, 3, 191, 191, 191, 190, 190, 190, 193, 192, 193, 193, 193, 192, 192, 196, 193, 190, 190, 192, 207, 201, 202, 203, 209, 207
2010,14104030,104,CH4 ,10PPBC, 1, 4, 197, 193, 191, 190, 189, 188, 189, 190, 191, 192, 190, 190, 190, 189, 189, 189, 190, 191, 191, 192, 192, 192, 192, 193
2010,14104030,104,CH4 ,10PPBC, 1, 5,9999,9999,9999,9999,9999,9999,9999,9999,9999,9999,9999,9999, 190, 189, 189, 189, 191, 192, 187, 188, 189, 190, 189, 190
2010,14104030,104,CH4 ,10PPBC, 1, 6, 189, 191, 189, 189, 186, 188, 188, 188, 189, 189, 188, 189, 190, 190, 190, 193, 190, 190, 191, 191, 191, 190, 190, 189
2010,14104030,104,CH4 ,10PPBC, 1, 7, 189, 189, 188, 187, 187, 188, 188, 189, 190, 189, 189, 189, 188, 189, 188, 189, 189, 190, 191, 191, 190, 191, 190, 190
2010,14104030,104,CH4 ,10PPBC, 1, 8, 190, 189, 189, 189, 190, 191, 191, 192, 192, 193, 195, 195, 195, 191, 191, 189, 190, 190, 190, 190, 188, 196, 201, 201
2010,14104030,104,CH4 ,10PPBC, 1, 9, 201, 198, 196, 192, 201, 204, 189, 187, 190, 190, 188, 187, 187, 186, 186, 190, 195, 223, 206, 189, 193, 195, 196, 193
2010,14104030,104,CH4 ,10PPBC, 1,10, 190, 190, 190, 190, 190, 190, 190, 190, 191, 190, 190, 190, 190, 191, 192, 192, 192, 192, 193, 193, 193, 193, 192, 191
2010,14104030,104,CH4 ,10PPBC, 1,11, 190, 190, 190, 190, 190, 190, 191, 193, 193, 193, 193, 198, 200, 196,9999, 194, 192, 193, 195, 196, 194, 192, 192, 191
2010,14104030,104,CH4 ,10PPBC, 1,12, 191, 191, 198, 198, 197, 197, 196, 195, 196, 197, 196, 199, 205, 200, 199, 197, 197, 201, 199, 191, 190, 190, 191, 190
2010,14104030,104,CH4 ,10PPBC, 1,13, 190, 190, 190, 189, 189, 189, 190, 190, 191, 190, 190, 190, 190, 191, 191, 192, 192, 193, 193, 194, 194, 194, 194, 194
2010,14104030,104,CH4 ,10PPBC, 1,14, 193, 192, 192, 193, 194, 195, 197, 201, 206, 210, 204, 196, 195, 195, 192, 192, 192, 193, 199, 196, 209, 228, 219, 211
2010,14104030,104,CH4 ,10PPBC, 1,15, 204, 200, 198, 197, 197, 198, 206, 207, 215, 207, 201, 203, 205, 201, 225, 218, 215, 189, 202, 201, 214, 213, 201, 198
2010,14104030,104,CH4 ,10PPBC, 1,16, 194, 194, 193, 194, 194, 190, 188, 188, 188, 188, 189, 189, 188, 188, 189, 189, 190, 191, 191, 191, 191, 191, 192, 191
2010,14104030,104,CH4 ,10PPBC, 1,17, 191, 192, 199, 193, 189, 193, 194, 197, 193, 194, 191, 190, 189,9999, 191, 191, 192, 191, 192, 192, 193, 193, 193, 192
2010,14104030,104,CH4 ,10PPBC, 1,18, 195, 195, 194, 199, 202, 201, 205, 203, 211, 195, 194, 193, 195, 192, 191, 191, 191, 191, 192, 196, 196, 205, 202, 195
2010,14104030,104,CH4 ,10PPBC, 1,19, 192, 192, 193, 193, 193, 193, 198, 203, 197, 193, 195, 196, 210, 194, 192, 192, 191, 192, 195, 195, 196, 192, 192, 194
2010,14104030,104,CH4 ,10PPBC, 1,20, 207, 205, 204, 196, 192, 191, 192, 192, 193, 194, 193, 192, 192, 192, 190, 190, 191, 192, 192, 192, 192, 192, 192, 191
2010,14104030,104,CH4 ,10PPBC, 1,21, 190, 189, 189, 189, 188, 188, 189, 190, 190, 190, 189, 189, 189, 190, 193, 193, 192, 191, 194, 201, 199, 199, 195, 194
2010,14104030,104,CH4 ,10PPBC, 1,22, 193, 191, 190, 190, 188, 188, 189, 191, 192, 193, 195, 194, 193, 191, 190, 190, 189, 191, 192, 196, 202, 197, 196, 199
2010,14104030,104,CH4 ,10PPBC, 1,23, 201, 202, 202, 198, 198, 198, 198, 198, 198, 198, 199, 200, 198, 199, 198, 196, 194, 194, 194, 195, 193, 194, 197, 198
2010,14104030,104,CH4 ,10PPBC, 1,24, 198, 195, 190, 190, 190, 195, 195, 196, 196, 202, 201, 197, 199, 207,9999, 198, 197, 199, 198, 196, 194, 193, 194, 195
2010,14104030,104,CH4 ,10PPBC, 1,25, 195, 194, 195, 194, 195, 195, 194, 196, 196, 194, 193, 194, 194, 194, 195, 195, 196, 196, 195, 195, 195, 196, 195, 195
2010,14104030,104,CH4 ,10PPBC, 1,26, 195, 194, 194, 197, 197, 199, 198, 202, 197, 194, 199, 202, 205, 195, 194, 191, 191, 194, 193, 194, 193, 195, 194, 194
2010,14104030,104,CH4 ,10PPBC, 1,27, 195, 194, 194, 194, 196, 198, 200, 206, 213, 212, 205, 199, 194, 194, 194, 193, 192, 194, 194, 194, 194, 194, 194, 194
2010,14104030,104,CH4 ,10PPBC, 1,28, 194, 193, 193, 193, 192, 193, 194, 197, 196, 194, 192, 192, 192, 192, 193, 196, 196, 195, 193, 193, 193, 193, 192, 191
2010,14104030,104,CH4 ,10PPBC, 1,29, 192, 192, 191, 191, 191, 192, 192, 192, 193, 194, 194, 191, 191, 191, 191, 191, 191, 192, 193, 194, 195, 198, 205, 201
2010,14104030,104,CH4 ,10PPBC, 1,30, 199, 198, 197, 197, 197, 192, 188, 189, 189, 189, 190, 190, 190, 190, 188, 188, 189, 193, 192, 192, 192, 192, 193, 193
2010,14104030,104,CH4 ,10PPBC, 1,31, 192, 191, 191, 193, 193, 193, 199, 206, 197, 193, 191,9999,9999, 191, 191, 191, 190, 190, 189, 189, 189, 190, 202, 198
2010,14104030,104,CH4 ,10PPBC, 2, 1, 196, 198, 203, 204, 203, 204, 197, 196, 195, 196, 193, 193, 191, 190, 191, 190, 190, 191, 195, 193, 193, 193, 193, 193
2010,14104030,104,CH4 ,10PPBC, 2, 2, 193, 193, 192, 192, 192, 191, 192, 193, 194, 195, 197, 199, 194, 191, 192, 192, 192, 192, 196, 195, 194, 192, 194, 217
2010,14104030,104,CH4 ,10PPBC, 2, 3, 208, 208, 202, 198, 195, 198, 201, 203, 201, 203, 208, 194, 194, 198, 195, 194, 195, 193, 193, 192, 190, 191, 196, 195
2010,14104030,104,CH4 ,10PPBC, 2, 4,9999,9999,9999,9999,9999,9999,9999,9999,9999,9999,9999,9999,9999,9999, 207, 194, 196, 194, 200, 206, 207, 204, 199, 201
2010,14104030,104,CH4 ,10PPBC, 2, 5, 199, 206, 206, 205, 203, 200, 197, 196, 197, 197, 197, 196, 196, 193, 192, 194, 197, 204, 207, 208, 211, 225, 220, 202
2010,14104030,104,CH4 ,10PPBC, 2, 6, 194, 194, 194, 195, 198, 204, 202, 201, 201, 203, 200, 196, 197, 199, 201, 199, 206, 206, 210, 212, 206, 205, 203, 198
2010,14104030,104,CH4 ,10PPBC, 2, 7, 199, 200, 200, 200, 200, 200, 201, 200, 196, 192, 190, 191, 191,9999,9999, 194, 192, 192, 192, 192, 192, 192, 192, 192
2010,14104030,104,CH4 ,10PPBC, 2, 8, 190, 191, 190, 189, 189, 189, 192, 196, 194, 193, 192, 200, 191, 191, 191, 191, 190, 190, 191, 191, 191, 196, 192, 191
2010,14104030,104,CH4 ,10PPBC, 2, 9, 190, 190, 190, 190, 189, 187, 189, 189, 189, 189, 188, 189, 189, 190, 199, 194, 188, 189, 197, 199, 203, 203, 198, 190
2010,14104030,104,CH4 ,10PPBC, 2,10, 191, 189, 188, 188, 188, 188, 189, 190, 191, 191, 191, 191, 191, 196, 195, 194, 193, 193, 197, 196, 193, 193, 193, 191
2010,14104030,104,CH4 ,10PPBC, 2,11, 191, 191, 191, 190, 191, 191, 191, 189, 190, 191, 191, 191, 191, 191, 191, 192, 191, 192, 193, 193, 194, 192, 191, 188
2010,14104030,104,CH4 ,10PPBC, 2,12, 187, 187, 187, 186, 186, 186, 186, 187, 187, 188, 188, 188, 189, 189, 188, 188, 188, 189, 190, 191, 193, 194, 193, 198
2010,14104030,104,CH4 ,10PPBC, 2,13, 198, 197, 191, 191, 192, 189, 188, 189, 190, 191, 187, 181, 186, 186, 188, 191, 190, 190,9999,9999,9999, 193, 194, 190
2010,14104030,104,CH4 ,10PPBC, 2,14, 198, 192, 194, 192, 193, 191, 190, 190, 190, 194, 194, 193, 190, 190, 210, 200, 194, 192, 194, 193, 193, 194, 191, 189
2010,14104030,104,CH4 ,10PPBC, 2,15, 188, 188, 187, 185, 186, 190, 189, 188, 189, 190, 192, 189, 189,9999, 190, 189, 191, 190, 189, 193, 191, 196, 193, 191
2010,14104030,104,CH4 ,10PPBC, 2,16, 193, 190, 191, 190, 190, 190, 192, 194, 193, 195, 199, 200, 196, 195, 190, 190, 190, 190, 190, 192, 209, 196, 208, 208
2010,14104030,104,CH4 ,10PPBC, 2,17, 204, 200, 200, 200, 200, 205, 206, 208, 210, 212, 215, 194, 197, 193, 183, 184, 188, 185, 184, 185, 185, 185, 185, 184
2010,14104030,104,CH4 ,10PPBC, 2,18, 182, 182, 181, 180, 180, 180, 181, 180, 186, 185, 184, 183, 184, 183, 183, 184, 185, 188, 189, 188, 188, 188, 188, 189
2010,14104030,104,CH4 ,10PPBC, 2,19, 190, 190, 190, 190, 190, 190, 190, 190, 190, 188, 189, 189, 190, 190, 190, 190, 190, 191, 190, 191, 191, 190, 196, 206
2010,14104030,104,CH4 ,10PPBC, 2,20, 197, 193, 195, 191, 189, 189, 188, 189, 190, 191, 190, 190, 191, 192, 192, 191, 191, 189, 187, 186, 191, 187, 191, 189
2010,14104030,104,CH4 ,10PPBC, 2,21, 188, 189, 188, 185, 186, 189, 190, 191, 186, 186, 186, 185, 186, 186, 184, 184, 184, 185, 185, 185, 185, 186, 190, 190
2010,14104030,104,CH4 ,10PPBC, 2,22, 189, 186, 186, 186, 185, 186, 191, 194, 193, 185, 186, 188,9999, 184, 184, 184, 184, 185, 185, 185, 186, 187, 186, 185
2010,14104030,104,CH4 ,10PPBC, 2,23, 186, 188, 188, 187, 187, 188, 188, 190, 189, 190, 191, 192, 189, 187, 187, 187, 186, 188, 191, 190, 200, 198, 195, 191
2010,14104030,104,CH4 ,10PPBC, 2,24, 189, 190, 194, 198, 193, 192, 197, 194, 189, 188, 191, 191, 193, 190, 189, 189, 184, 193, 187, 186, 186, 183, 186, 182
2010,14104030,104,CH4 ,10PPBC, 2,25, 180, 182, 180, 180, 180, 180, 180, 179, 180, 179, 180, 179, 179, 179, 179, 180, 182, 180, 180, 183, 187, 187, 186, 186
2010,14104030,104,CH4 ,10PPBC, 2,26, 186, 186, 185, 185, 184, 185, 185, 186, 186, 187, 187, 187, 188, 188, 188, 189, 189, 188, 187, 188, 187, 188, 188, 188
2010,14104030,104,CH4 ,10PPBC, 2,27, 188, 189, 196, 200, 200, 195, 192, 193, 194, 195, 188, 183, 182, 183, 183, 182, 182, 183, 183, 186, 188, 192, 193, 193
2010,14104030,104,CH4 ,10PPBC, 2,28, 189, 188, 188, 195, 199, 191, 191, 190, 188, 187, 186, 185, 185, 185, 185,9999,9999, 188, 189, 190, 192, 191, 189, 189
2010,14104030,104,CH4 ,10PPBC, 2,29,9998,9998,9998,9998,9998,9998,9998,9998,9998,9998,9998,9998,9998,9998,9998,9998,9998,9998,9998,9998,9998,9998,9998,9998
2010,14104030,104,CH4 ,10PPBC, 2,30,9998,9998,9998,9998,9998,9998,9998,9998,9998,9998,9998,9998,9998,9998,9998,9998,9998,9998,9998,9998,9998,9998,9998,9998
2010,14104030,104,CH4 ,10PPBC, 2,31,9998,9998,9998,9998,9998,9998,9998,9998,9998,9998,9998,9998,9998,9998,9998,9998,9998,9998,9998,9998,9998,9998,9998,9998
2010,14104030,104,CH4 ,10PPBC, 3, 1, 188, 188, 189, 188, 188, 190, 191, 191, 192, 192, 193, 192, 188, 197, 188, 185, 202, 207, 194, 193, 192, 193, 194, 193
2010,14104030,104,CH4 ,10PPBC, 3, 2, 192, 192, 189, 192, 194, 185, 186, 190, 188, 187, 186, 186, 186, 186, 186, 188, 186, 185, 186, 187, 187, 187, 188, 188
2010,14104030,104,CH4 ,10PPBC, 3, 3, 187, 186, 185, 186, 185, 185, 186, 186, 187, 187, 188,9999,9999,9999, 182, 181, 181, 181, 182, 183, 185, 185, 186, 188
2010,14104030,104,CH4 ,10PPBC, 3, 4, 187, 187, 187, 185, 186, 185, 187, 187, 186, 184, 184, 184, 184, 184, 184, 183, 183, 182, 184, 184, 187, 188, 190, 189
2010,14104030,104,CH4 ,10PPBC, 3, 5, 189, 189, 190, 189, 190, 192, 193, 189, 188, 188, 187, 187, 183, 182, 182, 180, 180, 179, 180, 183, 184, 185, 189, 186
2010,14104030,104,CH4 ,10PPBC, 3, 6, 186, 186, 190, 195, 193, 188, 189, 194, 190, 191, 192, 187, 180, 188, 179, 179, 178, 177, 185, 194, 196, 189, 189, 192
2010,14104030,104,CH4 ,10PPBC, 3, 7, 196, 189, 190, 190, 187, 187, 189, 189, 185, 187, 187, 188, 186, 187,9999,9999, 188, 191, 193, 186, 186, 186, 186, 186
2010,14104030,104,CH4 ,10PPBC, 3, 8, 187, 191, 188, 190, 191, 193, 196, 198, 199, 200, 192, 185, 187, 190, 186, 184, 184, 184, 185, 184, 187, 191, 193, 203
2010,14104030,104,CH4 ,10PPBC, 3, 9, 196, 192, 192, 193, 193, 194, 192, 190, 192, 189, 186, 185, 184, 184, 181, 181, 182, 183, 184, 183, 185, 185, 183, 184
2010,14104030,104,CH4 ,10PPBC, 3,10, 184, 184, 185, 185, 185, 187, 188, 188, 189, 187, 188, 187, 186, 186, 184, 183, 183, 184, 186, 188, 188, 188, 190, 187
2010,14104030,104,CH4 ,10PPBC, 3,11, 195, 192, 192, 191, 188, 188, 188, 189, 188, 188, 187, 187, 183, 182,9999,9999,9999,9999,9999,9999,9999,9999,9999,9999
2010,14104030,104,CH4 ,10PPBC, 3,12, 217, 194, 197, 192, 196, 201, 209, 201, 197, 198, 189, 187, 186, 190, 186, 184, 185, 187, 187, 188, 189, 187, 189, 189
2010,14104030,104,CH4 ,10PPBC, 3,13, 188, 187, 191, 193, 192, 193, 194, 196, 193, 195, 199, 193, 190, 188, 187, 181, 181, 181, 181, 181, 181, 183, 185, 183
2010,14104030,104,CH4 ,10PPBC, 3,14, 188, 193, 198, 191, 192, 192, 192, 182, 182, 180, 179, 178, 178, 178, 178, 178, 178, 178, 177, 177, 178, 177, 177, 176
2010,14104030,104,CH4 ,10PPBC, 3,15, 178, 179, 183, 186, 185, 190, 190, 181, 186, 182, 181,9999,9999,9999,9999, 187, 185, 186, 186, 188, 189, 190, 188, 184
2010,14104030,104,CH4 ,10PPBC, 3,16, 184, 220, 183, 184, 186, 187, 188, 184, 185, 184, 183, 182, 182, 181, 180, 182, 182, 183, 183, 186, 186, 187, 187, 187
2010,14104030,104,CH4 ,10PPBC, 3,17, 187, 186, 186, 187, 187, 187, 187, 188, 189, 187, 187, 187, 185, 182, 182, 183, 184, 184, 185, 184, 186, 189, 188, 189
2010,14104030,104,CH4 ,10PPBC, 3,18, 188, 188, 187, 186, 186, 186, 187, 188, 188, 188, 187, 187, 187, 185, 185, 183, 183, 184, 184, 183, 183, 183, 183, 184
2010,14104030,104,CH4 ,10PPBC, 3,19, 185, 185, 183, 182, 184, 184, 183, 183, 182, 182, 182, 182, 181, 179, 180, 180, 180, 180, 180, 180, 183, 195, 191, 190
2010,14104030,104,CH4 ,10PPBC, 3,20, 188, 188, 187, 187, 187, 190, 193, 193, 194, 194, 204, 190, 185, 182, 183, 182, 178, 178, 178, 178, 179, 179, 178, 177
2010,14104030,104,CH4 ,10PPBC, 3,21, 178, 179, 177, 177, 177, 178, 176, 184, 187, 186, 186, 190, 192, 189, 183, 182, 183, 183, 184, 185, 184, 184, 185, 187
2010,14104030,104,CH4 ,10PPBC, 3,22, 185, 183, 187, 194, 188, 187, 190, 187, 188, 187,9999, 188, 189, 188, 187, 186, 187, 188, 189, 193, 188, 188, 200, 198
2010,14104030,104,CH4 ,10PPBC, 3,23, 197, 191, 187, 187, 188, 188, 190, 197, 189, 195, 191, 187, 185, 184, 185, 186, 185, 184, 187, 188, 186, 187, 190, 189
2010,14104030,104,CH4 ,10PPBC, 3,24, 191, 192, 192, 191, 196, 190, 189, 192, 192, 190, 188, 189, 187, 185, 185, 185, 183, 185, 184, 187, 190, 190, 191, 190
2010,14104030,104,CH4 ,10PPBC, 3,25, 193, 191, 193, 191, 192, 192, 196, 202, 193, 187, 186, 186, 186, 196, 183, 183, 185, 183, 182, 182, 191, 183, 184, 187
2010,14104030,104,CH4 ,10PPBC, 3,26, 190, 190, 189, 189, 188, 188, 189, 189, 187, 185, 185, 183, 182, 183, 184, 183, 182, 183, 184, 186, 186, 187, 188, 188
2010,14104030,104,CH4 ,10PPBC, 3,27, 187, 187, 187, 185, 187, 188, 187, 188, 187, 186, 186, 184, 186, 184, 182, 183, 185, 184, 184, 185, 186, 186, 184, 186
2010,14104030,104,CH4 ,10PPBC, 3,28, 187, 187, 186, 189, 193, 191, 192, 191, 193, 190,9999,9999, 187, 185, 184, 182, 181, 180, 180, 182, 183, 185, 186, 185
2010,14104030,104,CH4 ,10PPBC, 3,29, 191, 187, 187, 187, 190, 190, 190, 191, 191, 189, 190, 191, 186, 185, 183, 183, 184, 182, 183, 185, 193, 188, 190, 187
2010,14104030,104,CH4 ,10PPBC, 3,30, 187, 187, 189, 188, 191, 191, 189, 189, 189, 190, 192, 188, 185, 183, 184, 183, 185, 184, 183, 186, 187, 187, 186, 185
2010,14104030,104,CH4 ,10PPBC, 3,31, 187, 187, 188, 186, 186, 186, 188, 191, 193, 193, 193, 191, 186, 183, 185, 185, 184, 185, 184, 185, 186, 185, 186, 188
2010,14107520,107,CH4 ,10PPBC, 4, 1, 204, 211, 209, 208, 195, 185, 189, 185, 185, 186, 185, 185, 185, 185, 184, 184, 184, 184, 184, 184, 185, 184, 184, 183
2010,14107520,107,CH4 ,10PPBC, 4, 2, 183, 182, 182, 181, 181, 181, 181, 181, 181, 181, 180, 181, 183, 187, 189, 190, 186, 187, 188, 187, 189, 188, 189, 189
2010,14107520,107,CH4 ,10PPBC, 4, 3, 190, 190, 188, 187, 187, 187, 188, 188, 188, 188, 189, 188, 189, 188, 188, 187, 187, 187, 189, 192, 192, 189, 193, 196
2010,14107520,107,CH4 ,10PPBC, 4, 4, 194, 195, 193, 192, 190, 192, 196, 195, 193, 190, 192, 198, 197, 195, 193, 196, 203, 201, 193, 193, 194, 195, 194, 193
2010,14107520,107,CH4 ,10PPBC, 4, 5, 193, 191, 190, 190, 191, 190, 191, 192, 193, 193, 195, 193, 194, 194, 193, 193, 193, 194, 195, 197, 197, 197, 199, 200
2010,14107520,107,CH4 ,10PPBC, 4, 6, 201, 203, 198, 200, 198, 199, 199, 186, 186, 188, 209,9999,9999,9999, 184, 184, 185, 187, 187, 187, 193, 202, 194, 188
2010,14107520,107,CH4 ,10PPBC, 4, 7, 185, 184, 183, 183, 183, 183, 194, 194, 192, 192, 197, 200, 192, 190, 187, 186, 186, 186, 186, 187, 187, 187, 189, 189
2010,14107520,107,CH4 ,10PPBC, 4, 8, 190, 189, 189, 188, 189, 189, 190, 189, 191, 190, 191, 189, 189, 189, 189, 189, 189, 190, 190, 190, 189, 189, 190, 190
2010,14107520,107,CH4 ,10PPBC, 4, 9, 192, 202, 201, 206, 198, 195, 197, 195, 197, 198, 191, 189, 189, 189, 189, 188, 187, 187, 187, 188, 188, 187, 197, 201
2010,14107520,107,CH4 ,10PPBC, 4,10, 197, 196, 194, 194, 192, 190, 189, 191, 191, 193, 195, 197, 192, 192, 191, 189, 186, 187, 185, 185, 186, 186, 186, 186
2010,14107520,107,CH4 ,10PPBC, 4,11, 187, 193, 197, 195, 187, 185, 186, 187, 188, 188, 190, 190, 199, 191, 190, 192, 188, 190, 188, 186, 187, 189, 190, 192
2010,14107520,107,CH4 ,10PPBC, 4,12, 192, 190, 189, 189, 188, 187, 187, 187, 188, 188, 188, 189, 188, 188, 188, 188, 187, 187, 187, 188, 187, 187, 186, 185
2010,14107520,107,CH4 ,10PPBC, 4,13, 184, 183, 183, 182, 183, 183, 184, 186, 185, 187, 187, 184, 182, 182, 182, 182, 182, 182, 182, 182, 181, 182, 183, 182
2010,14107520,107,CH4 ,10PPBC, 4,14, 186, 192, 188, 186, 186, 185, 186, 186, 186, 187, 187,9999,9999,9999, 186, 187, 186, 187, 187, 188, 187, 190, 190, 188
2010,14107520,107,CH4 ,10PPBC, 4,15, 188, 187, 186, 186, 186, 185, 185, 186, 187, 188, 193, 192, 196, 192, 189, 187, 185, 185, 186, 186, 187, 191, 193, 190
2010,14107520,107,CH4 ,10PPBC, 4,16, 189, 188, 187, 188, 188, 186, 186, 188, 190, 189, 190, 188, 187, 186, 188, 189, 186, 187, 187, 187, 187, 187, 186, 186
2010,14107520,107,CH4 ,10PPBC, 4,17, 186, 185, 184, 184, 185, 185, 185, 185, 186, 185, 185, 185, 184, 184, 186, 185, 185, 185, 186, 187, 187, 190, 192, 192
2010,14107520,107,CH4 ,10PPBC, 4,18, 191, 188, 188, 191, 194, 214, 211, 197, 195, 193, 195, 195, 194, 192, 189, 188, 189, 189, 190, 192, 192, 198, 205, 210
2010,14107520,107,CH4 ,10PPBC, 4,19, 217, 228, 205, 194, 193, 193, 192, 192, 194, 197, 198, 189, 190, 188, 186, 188, 187, 187, 191, 189, 187, 188, 187, 187
2010,14107520,107,CH4 ,10PPBC, 4,20, 186, 186, 185, 185, 185, 184, 183, 183, 183, 183, 182, 182, 182, 182, 184, 189, 182, 182, 185, 190, 199, 197, 195, 201
2010,14107520,107,CH4 ,10PPBC, 4,21, 201, 191, 190, 189, 192, 194, 194, 193, 193, 194,9999,9999, 197, 192, 189, 186, 182, 183, 184, 186, 188, 188, 190, 189
2010,14107520,107,CH4 ,10PPBC, 4,22, 190, 190, 190, 191, 191, 194, 198, 196, 194, 192, 192, 191, 192, 191, 190, 189, 189, 189, 189, 189, 189, 189, 189, 188
2010,14107520,107,CH4 ,10PPBC, 4,23, 187, 187, 187, 187, 187, 187, 187, 188, 189, 189, 190, 190, 191, 191, 191, 194, 199, 190, 187, 187, 187, 190, 201, 195
2010,14107520,107,CH4 ,10PPBC, 4,24, 190, 189, 188, 203, 190, 189, 191, 190, 191, 191, 191, 190, 190, 189, 189, 189, 191, 192, 193, 196, 192, 191, 195, 194
2010,14107520,107,CH4 ,10PPBC, 4,25, 192, 191, 189, 190, 192, 197, 196, 195, 195, 194, 193, 192, 190, 190, 190, 190, 190, 191, 191, 191, 193, 195, 193, 197
2010,14107520,107,CH4 ,10PPBC, 4,26, 195, 200, 199, 210, 214, 200, 197, 196, 193, 199, 198, 195, 193, 192, 190, 191, 190, 190, 190, 192, 194, 193, 192, 192
2010,14107520,107,CH4 ,10PPBC, 4,27, 193, 196, 200, 193, 192, 192, 192, 193, 194, 195, 199, 199, 196, 195, 192,9999, 187, 187, 189, 188, 188, 188, 187, 186
2010,14107520,107,CH4 ,10PPBC, 4,28, 186, 186, 185, 185, 185, 185, 185, 185, 192, 189, 188, 187, 187, 187, 188, 187, 188, 188, 189, 190, 190, 195, 193, 195
2010,14107520,107,CH4 ,10PPBC, 4,29, 196, 197, 209, 199, 196, 189, 185, 185, 185, 184, 184, 183, 184, 184, 184, 185, 185, 187, 189, 189, 188, 189, 189, 191
2010,14107520,107,CH4 ,10PPBC, 4,30, 193, 192, 192, 191, 192, 191, 189, 188, 194, 194, 189, 190, 188, 187, 187, 187, 188, 188, 188, 189, 190, 193, 191, 191
2010,14107520,107,CH4 ,10PPBC, 4,31,9998,9998,9998,9998,9998,9998,9998,9998,9998,9998,9998,9998,9998,9998,9998,9998,9998,9998,9998,9998,9998,9998,9998,9998
2010,14107520,107,CH4 ,10PPBC, 5, 1, 191, 192, 193, 195, 197, 198, 201, 197, 193, 191, 190, 189, 188, 188, 188, 188, 188, 190, 190, 193, 191, 191, 193, 198
2010,14107520,107,CH4 ,10PPBC, 5, 2, 195, 198, 201, 195, 199, 199, 193, 193, 197, 203, 196, 196, 194, 191, 189, 188, 189, 189, 190, 191, 192, 191, 190, 192
2010,14107520,107,CH4 ,10PPBC, 5, 3, 194, 201, 206, 204, 203, 202, 200, 199, 200, 201, 201, 194, 188, 187, 187, 187, 187, 187, 187, 187, 187, 187, 187, 187
2010,14107520,107,CH4 ,10PPBC, 5, 4, 186, 186, 186, 186, 187, 189, 187, 187, 187, 187, 187, 187, 186, 186, 186, 186, 187, 187, 187, 186, 188, 190, 191, 188
2010,14107520,107,CH4 ,10PPBC, 5, 5, 186, 186, 190, 191, 192, 198, 199, 196, 194, 195, 197, 196, 197, 193, 187, 184, 184, 187, 186, 186, 185, 186, 186, 185
2010,14107520,107,CH4 ,10PPBC, 5, 6, 185, 184, 184, 184, 183, 184, 182, 181, 181, 180, 180, 179, 179, 179, 179, 179, 179, 180, 180, 180, 180, 180, 180, 180
2010,14107520,107,CH4 ,10PPBC, 5, 7, 180, 180, 180, 180, 180, 180, 180, 180, 179, 179,9999, 181, 180, 180, 180, 180, 180, 180, 180, 182, 184, 182, 180, 188
2010,14107520,107,CH4 ,10PPBC, 5, 8, 188, 189, 188, 187, 187, 188, 190, 194, 189, 189, 189, 189, 189, 188, 188, 187, 188, 188, 190, 191, 188, 188, 188, 188
2010,14107520,107,CH4 ,10PPBC, 5, 9, 187, 186, 190, 196, 197, 200, 194, 192, 190, 193, 195, 193, 193, 192, 191, 192, 191, 191, 192, 192, 196, 192, 190, 190
2010,14107520,107,CH4 ,10PPBC, 5,10, 191, 200, 202, 201, 197, 194, 195, 194, 193, 194, 194, 194, 194, 194, 192, 189, 189, 190, 190, 191, 191, 191, 189, 191
2010,14107520,107,CH4 ,10PPBC, 5,11, 188, 192, 188, 189, 188, 189, 191, 192, 189, 191, 190,9999, 191, 185, 188, 187, 186, 187, 187, 187, 189, 193, 191, 191
2010,14107520,107,CH4 ,10PPBC, 5,12, 192, 189, 189, 189, 188, 189, 189, 190, 189, 190, 191, 188, 187, 188, 188, 188, 188, 189, 190, 191, 191, 194, 191, 192
2010,14107520,107,CH4 ,10PPBC, 5,13, 192, 191, 189, 188, 188, 188, 188, 189, 190, 189, 188, 188, 189, 189, 188, 189, 189, 189, 190, 190, 191, 190, 191, 191
2010,14107520,107,CH4 ,10PPBC, 5,14, 190, 189, 189, 189, 188, 188, 188, 188, 188, 188, 190, 189, 189, 189, 189, 189, 189, 190, 190, 190, 190, 190, 189, 188
2010,14107520,107,CH4 ,10PPBC, 5,15, 188, 188, 188, 187, 187, 187, 188, 189, 188, 189, 189, 188, 188, 188, 188, 189, 189, 189, 190, 191, 192, 190, 190, 190
2010,14107520,107,CH4 ,10PPBC, 5,16, 192, 192, 193, 194, 196, 198, 192, 191, 189, 189, 188, 187, 187, 187, 186, 187, 186, 187, 188, 188, 188, 191, 193, 192
2010,14107520,107,CH4 ,10PPBC, 5,17, 195, 200, 201, 203, 196, 202, 197, 193, 192, 194, 196, 192, 191, 190, 187, 187, 187, 187, 187, 190, 190, 190, 191, 189
2010,14107520,107,CH4 ,10PPBC, 5,18, 189, 189, 192, 195, 194, 193, 189, 188, 187, 186, 186, 185, 185, 186, 185, 186, 186, 186, 186, 186, 186, 186, 186, 186
2010,14107520,107,CH4 ,10PPBC, 5,19, 185, 185, 186, 186, 185, 185, 185, 185, 185, 185, 185, 185, 185,9999,9999, 182, 183, 183, 183, 183, 183, 183, 183, 183
2010,14107520,107,CH4 ,10PPBC, 5,20, 183, 183, 183, 183, 187, 186, 186, 187, 187, 187, 187, 187, 185, 186, 188, 190, 190, 191, 192, 192, 191, 195, 195, 193
2010,14107520,107,CH4 ,10PPBC, 5,21, 193, 194, 193, 192, 194, 200, 195, 194, 193, 193, 196, 197, 193, 190, 187, 188, 188, 188, 189, 189, 190, 192, 192, 194
2010,14107520,107,CH4 ,10PPBC, 5,22, 197, 198, 208, 202, 203, 208, 203, 199, 197, 195, 194, 194, 196, 197, 194, 194, 192, 191, 190, 191, 192, 196, 195, 193
2010,14107520,107,CH4 ,10PPBC, 5,23, 192, 193, 191, 191, 191, 192, 199, 208, 207, 213, 215, 196, 192, 194, 193, 193, 190, 188, 188, 189, 189, 186, 186, 187
2010,14107520,107,CH4 ,10PPBC, 5,24, 186, 185, 186, 187, 189, 190, 187, 188, 188, 188, 188, 187, 188, 188, 190, 190, 190, 195, 194, 179, 176, 182, 184, 184
2010,14107520,107,CH4 ,10PPBC, 5,25, 185, 185, 185, 185, 185, 186, 186, 186, 186, 186, 185,9999,9999,9999, 185, 186, 187, 188, 189, 191, 192, 190, 188, 187
2010,14107520,107,CH4 ,10PPBC, 5,26, 188, 187, 188, 187, 187, 187, 190, 192, 191, 191, 191, 189, 188, 188, 189, 190, 185, 185, 184, 185, 187, 188, 184, 184
2010,14107520,107,CH4 ,10PPBC, 5,27, 185, 187, 185, 184, 185, 188, 186, 191, 190, 188, 188, 187, 186, 185, 185, 186, 186, 187, 186, 186, 190, 188, 189, 189
2010,14107520,107,CH4 ,10PPBC, 5,28, 187, 187, 187, 186, 186, 186, 186, 186, 186, 186, 187, 188, 188, 188, 188, 189, 187, 186, 187, 186, 186, 186, 187, 187
2010,14107520,107,CH4 ,10PPBC, 5,29, 188, 188, 191, 189, 188, 188, 187, 187, 188, 189, 189, 187, 188, 188, 190, 198, 187, 188, 188, 187, 188, 190, 192, 191
2010,14107520,107,CH4 ,10PPBC, 5,30, 192, 189, 187, 187, 187, 186, 186, 187, 187, 188, 189, 188, 190, 188, 185, 186, 186, 187, 187, 187, 187, 187, 187, 186
2010,14107520,107,CH4 ,10PPBC, 5,31, 188, 192, 196, 193, 197, 202, 209, 191, 196, 195, 190, 188, 188, 188, 188, 187, 187, 186, 186, 186, 187, 189, 192, 189
2010,14107520,107,CH4 ,10PPBC, 6, 1, 189, 188, 189, 188, 189, 199, 213, 206, 194, 190, 191, 190, 189, 188, 187, 188, 188, 189, 190, 190, 191, 192, 191, 189
2010,14107520,107,CH4 ,10PPBC, 6, 2, 189, 190, 191, 193, 192, 190, 187, 189, 189, 190, 192, 191,9999, 188, 190, 190, 192, 191, 189, 188, 188, 192, 192, 190
2010,14107520,107,CH4 ,10PPBC, 6, 3, 190, 191, 193, 194, 211, 207, 203, 203, 200, 191, 187, 187, 188, 187, 186, 186, 185, 186, 186, 188, 192, 195, 190, 192
2010,14107520,107,CH4 ,10PPBC, 6, 4, 202, 190, 189, 191, 200, 198, 195, 191, 190, 186, 185, 185, 185, 185, 185, 184, 186, 185, 185, 185, 186, 186, 186, 188
2010,14107520,107,CH4 ,10PPBC, 6, 5, 191, 190, 191, 192, 193, 191, 191, 192, 195, 194, 195, 194, 191, 187, 188, 190, 190, 189, 188, 188, 188, 187, 189, 189
2010,14107520,107,CH4 ,10PPBC, 6, 6, 189, 195, 196, 193, 199, 189, 191, 192, 192, 192, 191, 190, 189, 188, 187, 187, 186, 186, 188, 189, 190, 189, 190, 189
2010,14107520,107,CH4 ,10PPBC, 6, 7, 196, 195, 200, 197, 202, 197, 196, 195, 190, 193, 194, 189, 187, 188, 186, 186, 187, 187, 186, 189, 187, 192, 190, 191
2010,14107520,107,CH4 ,10PPBC, 6, 8, 193, 188, 187, 189, 190, 193, 191, 192, 193, 190,9999, 189, 188, 187, 187, 188, 187, 187, 188, 188, 188, 204, 200, 203
2010,14107520,107,CH4 ,10PPBC, 6, 9, 196, 197, 192, 192, 193, 191, 194, 195, 197, 198, 194, 191, 194, 205, 212, 190, 186, 186, 187, 188, 196, 194, 192, 193
2010,14107520,107,CH4 ,10PPBC, 6,10, 195, 193, 192, 197, 194, 192, 193, 192, 190, 189, 189, 190, 187, 186, 185, 186, 187, 188, 187, 186, 188, 189, 189, 191
2010,14107520,107,CH4 ,10PPBC, 6,11, 190, 189, 186, 187, 188, 191, 191, 191, 190, 191, 189, 189, 188, 187, 186, 185, 186, 187, 186, 187, 187, 186, 188, 189
2010,14107520,107,CH4 ,10PPBC, 6,12, 186, 187, 186, 190, 195, 190, 191, 189, 189, 187, 186, 185, 184, 184, 184, 183, 183, 183, 184, 184, 184, 184, 184, 184
2010,14107520,107,CH4 ,10PPBC, 6,13, 183, 184, 184, 184, 184, 184, 184, 184, 184, 184, 184, 185, 185, 184, 186, 186, 186, 187, 187, 188, 189, 190, 188, 191
2010,14107520,107,CH4 ,10PPBC, 6,14, 188, 186, 186, 186, 187, 189, 185, 188, 190, 196, 191, 190, 190, 191, 190, 188, 187, 186, 187, 186, 187, 187, 189, 189
2010,14107520,107,CH4 ,10PPBC, 6,15, 189, 191, 193, 196, 197, 198, 196, 191, 189, 187, 187, 186, 185,9999, 186, 188, 188, 188, 186, 185, 184, 184, 188, 190
2010,14107520,107,CH4 ,10PPBC, 6,16, 191, 192, 187, 177, 172, 172, 172, 172, 172, 174, 175, 176, 179, 180, 182, 184, 185, 185, 186, 187, 187, 188, 189, 192
2010,14107520,107,CH4 ,10PPBC, 6,17, 190, 188, 189, 188, 192, 198, 191, 194, 189, 184, 185, 188, 190, 190, 190, 187, 186, 186, 187, 185, 184, 184, 184, 184
2010,14107520,107,CH4 ,10PPBC, 6,18, 183, 182, 182, 183, 183, 186, 196, 197, 195, 194, 189, 183, 186, 179, 176, 177, 180, 178, 181, 184, 185, 188, 189, 189
2010,14107520,107,CH4 ,10PPBC, 6,19, 191, 178, 172, 172, 172, 172, 175, 189, 189, 190, 191, 186, 181, 179, 181, 182, 182, 183, 182, 182, 179, 175, 174, 175
2010,14107520,107,CH4 ,10PPBC, 6,20, 176, 174, 174, 174, 175, 174, 175, 175, 175, 175, 176, 175, 176, 175, 176, 178, 177, 177, 178, 177, 177, 176, 175, 175
2010,14107520,107,CH4 ,10PPBC, 6,21, 176, 176, 175, 175, 174, 175, 175, 176, 176, 175, 175, 176, 174, 174, 175, 175, 175, 177, 182, 182, 182, 182, 184, 186
2010,14107520,107,CH4 ,10PPBC, 6,22, 179, 178, 181, 182, 179, 178, 180, 182, 186, 179, 178, 177, 178, 178, 178, 178, 178, 177, 177, 180, 179, 182, 181, 179
2010,14107520,107,CH4 ,10PPBC, 6,23, 177, 178, 178, 178, 179, 180, 178, 176, 178, 174,9999,9999, 172, 172, 173, 184, 186, 185, 182, 180, 182, 187, 194, 189
2010,14107520,107,CH4 ,10PPBC, 6,24,9999, 193, 191, 196, 195, 193, 190, 192, 198, 192, 202, 199, 199, 197, 200, 199, 199, 196, 195, 195, 192, 194, 192, 202
2010,14107520,107,CH4 ,10PPBC, 6,25, 199, 200, 206, 200, 200, 197, 196, 202, 203, 197, 204, 210, 204, 199, 196, 191, 184, 183, 186, 185, 184, 185, 185, 184
2010,14107520,107,CH4 ,10PPBC, 6,26, 185, 186, 184, 182, 183, 186, 186, 180, 178, 178, 179, 178, 178, 178, 178, 178, 177, 178, 178, 178, 178, 178, 178, 178
2010,14107520,107,CH4 ,10PPBC, 6,27, 178, 178, 178, 177, 178, 178, 177, 177, 177, 177, 177, 176, 176, 176, 176, 176, 176, 176, 176, 177, 177, 177, 178, 177
2010,14107520,107,CH4 ,10PPBC, 6,28, 176, 178, 180, 181, 182, 183, 186, 191, 196, 190, 188, 191, 196, 189, 187, 188, 190, 186, 188, 188, 187, 186, 190, 193
2010,14107520,107,CH4 ,10PPBC, 6,29, 194, 194, 195, 203, 203, 203, 201, 207, 213, 209, 200, 193, 207, 205, 188, 181, 183, 186, 187, 192, 178, 178, 182, 186
2010,14107520,107,CH4 ,10PPBC, 6,30, 189, 201, 188, 186, 185, 183, 182, 183, 182, 182, 182, 184, 187,9999, 181, 181, 181, 182, 186, 185, 180, 180, 180, 181
2010,14107520,107,CH4 ,10PPBC, 6,31,9998,9998,9998,9998,9998,9998,9998,9998,9998,9998,9998,9998,9998,9998,9998,9998,9998,9998,9998,9998,9998,9998,9998,9998
2010,14107520,107,CH4 ,10PPBC, 7, 1, 180, 179, 179, 179, 179, 179, 181, 182, 181, 180, 179, 178, 177, 178, 176, 176, 176, 176, 178, 177, 179, 181, 180, 183
2010,14107520,107,CH4 ,10PPBC, 7, 2, 186, 187, 187, 190, 188, 190, 191, 193, 202, 197, 179, 181, 179, 178, 177, 177, 176, 177, 177, 177, 178, 179, 178, 178
2010,14107520,107,CH4 ,10PPBC, 7, 3, 178, 178, 179, 187, 191, 186, 196, 196, 190, 185, 182, 181, 180, 180, 178, 180, 180, 179, 180, 181, 175, 174, 174, 175
2010,14107520,107,CH4 ,10PPBC, 7, 4, 175, 174, 174, 175, 179, 182, 185, 190, 188, 188, 192, 195, 191, 190, 189, 186, 184, 185, 184, 185, 187, 191, 191, 192
2010,14107520,107,CH4 ,10PPBC, 7, 5, 198, 199, 196, 195, 187, 187, 186, 186, 188, 198, 193, 188, 188, 185, 183, 183, 185, 184, 187, 187, 188, 190, 187, 189
2010,14107520,107,CH4 ,10PPBC, 7, 6, 186, 187, 188, 191, 191, 195, 196, 193, 194, 188,9999, 184, 184, 184, 184, 186, 189, 192, 194, 194, 195, 194, 193, 192
2010,14107520,107,CH4 ,10PPBC, 7, 7, 191, 191, 190, 191, 192, 195, 200, 198, 197, 199, 191, 193, 194, 190, 192, 191, 188, 187, 188, 189, 187, 185, 186, 186
2010,14107520,107,CH4 ,10PPBC, 7, 8, 188, 188, 187, 189, 193, 193, 194, 195, 191, 189, 185, 185, 185, 188, 189, 189, 189, 188, 182, 182, 185, 187, 181, 180
2010,14107520,107,CH4 ,10PPBC, 7, 9, 180, 178, 179, 179, 182, 182, 185, 186, 189, 194, 188, 186, 184, 181, 178, 179, 180, 180, 181, 183, 181, 181, 175, 175
2010,14107520,107,CH4 ,10PPBC, 7,10, 178, 179, 179, 180, 181, 181, 180, 181, 181, 182, 181, 182, 182, 183, 183, 183, 184, 185, 188, 185, 186, 187, 189, 194
2010,14107520,107,CH4 ,10PPBC, 7,11, 196, 199, 200, 202, 202, 200, 199, 198, 196, 199, 197, 184, 186, 181, 179, 177, 176, 175, 174, 174, 174, 174, 174, 174
2010,14107520,107,CH4 ,10PPBC, 7,12, 174, 174, 173, 174, 174, 174, 174, 174, 175, 174, 174, 174, 174, 174, 174, 174, 174, 174, 174, 175, 175, 175, 175, 175
2010,14107520,107,CH4 ,10PPBC, 7,13, 175, 176, 176, 178, 180, 181, 179, 186, 204, 200, 197,9999, 175, 174, 174, 175, 192, 192, 191, 194, 195, 200, 202, 203
2010,14107520,107,CH4 ,10PPBC, 7,14, 200, 211, 230, 218, 208, 184, 176, 175, 176, 176, 176, 176, 175, 175, 176, 176, 176, 176, 176, 177, 177, 178, 177, 176
2010,14107520,107,CH4 ,10PPBC, 7,15, 176, 176, 176, 176, 177, 177, 177, 177, 178, 177, 176, 176, 176, 176, 176, 176, 176, 176, 176, 177, 177, 178, 177, 177
2010,14107520,107,CH4 ,10PPBC, 7,16, 178, 177, 177, 177, 178, 177, 177, 177, 177, 176, 176, 177, 177, 176, 176, 177, 177, 177, 177, 177, 177, 178, 178, 178
2010,14107520,107,CH4 ,10PPBC, 7,17, 178, 178, 178, 178, 178, 179, 179, 178, 178, 178, 177, 178, 178, 179, 179, 178, 178, 180, 178, 179, 180, 179, 180, 179
2010,14107520,107,CH4 ,10PPBC, 7,18, 179, 179, 179, 178, 180, 180, 180, 180, 178, 178, 178, 177, 178, 177, 179, 178, 177, 178, 178, 178, 178, 178, 178, 178
2010,14107520,107,CH4 ,10PPBC, 7,19, 178, 178, 179, 177, 178, 178, 178, 179, 178, 178, 178, 178, 177, 178, 178, 177, 178, 178, 179, 179, 179, 182, 181, 180
2010,14107520,107,CH4 ,10PPBC, 7,20, 179, 180, 179, 180, 181, 182, 185, 189, 190, 188, 183, 183, 182, 181, 179, 179, 178, 177, 181, 181, 182, 185, 184, 180
2010,14107520,107,CH4 ,10PPBC, 7,21, 179, 179, 180, 181, 183, 184, 186, 198, 197, 192,9999,9999,9999,9999, 179, 180, 178, 177, 177, 177, 177, 177, 178, 178
2010,14107520,107,CH4 ,10PPBC, 7,22, 184, 183, 179, 184, 185, 182, 185, 187, 187, 186, 185, 181, 180, 180, 179, 179, 179, 178, 177, 178, 182, 182, 178, 178
2010,14107520,107,CH4 ,10PPBC, 7,23, 185, 184, 180, 185, 183, 185, 192, 193, 192, 191, 193, 200, 197, 192, 186, 184, 180, 177, 176, 176, 177, 180, 180, 181
2010,14107520,107,CH4 ,10PPBC, 7,24, 179, 180, 181, 186, 191, 191, 188, 188, 193, 194, 196, 194, 191, 188, 183, 182, 179, 180, 183, 181, 179, 179, 184, 184
2010,14107520,107,CH4 ,10PPBC, 7,25, 184, 185, 185, 186, 186, 187, 188, 187, 183, 181, 177, 176, 178, 178, 177, 178, 179, 182, 180, 179, 181, 182, 183, 185
2010,14107520,107,CH4 ,10PPBC, 7,26, 188, 190, 188, 187, 190, 190, 189, 188, 192, 192, 184, 179, 177, 177, 177, 178, 177, 178, 179, 181, 185, 184, 184, 184
2010,14107520,107,CH4 ,10PPBC, 7,27, 185, 183, 180, 178, 179, 178, 177, 176, 175, 175, 175, 175, 175, 175, 175, 175,9999,9999, 175, 175, 175, 175, 175, 175
2010,14107520,107,CH4 ,10PPBC, 7,28, 175, 174, 175, 176, 176, 175, 175, 175, 175, 175, 176, 176, 176, 177, 177, 177, 178, 178, 178, 178, 178, 179, 179, 179
2010,14107520,107,CH4 ,10PPBC, 7,29, 179, 179, 179, 179, 179, 179, 179, 179, 179, 179, 177, 177, 178, 177, 178, 176, 175, 175, 175, 175, 175, 174, 174, 174
2010,14107520,107,CH4 ,10PPBC, 7,30, 174, 174, 174, 175, 174, 176, 178, 178, 177, 176, 175, 184, 176, 174, 174, 176, 177, 175, 181, 182, 177, 177, 179, 177
2010,14107520,107,CH4 ,10PPBC, 7,31, 179, 178, 181, 183, 185, 188, 187, 187, 190, 188, 181, 178, 177, 178, 179, 176, 176, 177, 179, 180, 179, 180, 181, 180
2010,14107520,107,CH4 ,10PPBC, 8, 1, 181, 180, 180, 181, 181, 181, 182, 184, 187, 182, 179, 178, 179, 180, 182, 182, 183, 183, 183, 180, 180, 180, 181, 178
2010,14107520,107,CH4 ,10PPBC, 8, 2, 177, 175, 174, 176, 178, 180, 177, 177, 174, 174, 174, 174, 174, 173, 172, 173, 174, 175, 176, 176, 176, 176, 177, 177
2010,14107520,107,CH4 ,10PPBC, 8, 3, 175, 174, 174, 175, 174, 176, 176, 175, 175, 175,9999,9999, 175, 175, 175, 175, 175, 178, 178, 179, 179, 177, 177, 177
2010,14107520,107,CH4 ,10PPBC, 8, 4, 177, 177, 176, 180, 177, 176, 176, 176, 175, 175, 176, 175, 175, 175, 175, 175, 176, 176, 176, 176, 176, 176, 176, 176
2010,14107520,107,CH4 ,10PPBC, 8, 5, 177, 176, 175, 175, 176, 175, 176, 175, 175, 176, 177, 176, 176, 176, 175, 176, 176, 176, 177, 177, 176, 177, 176, 176
2010,14107520,107,CH4 ,10PPBC, 8, 6, 176, 176, 176, 176, 176, 177, 176, 177, 176, 176, 176, 176, 176, 177, 176, 177, 179, 180, 180, 182, 182, 181, 182, 181
2010,14107520,107,CH4 ,10PPBC, 8, 7, 181, 181, 181, 182, 182, 183, 182, 181, 182, 181, 183, 182, 181, 180, 180, 179, 179, 179, 178, 177, 177, 177, 177, 178
2010,14107520,107,CH4 ,10PPBC, 8, 8, 177, 177, 177, 177, 179, 179, 178, 177, 178, 176, 176, 176, 176, 176, 176, 176, 176, 178, 176, 177, 178, 180, 176, 176
2010,14107520,107,CH4 ,10PPBC, 8, 9, 177, 177, 176, 178, 179, 178, 178, 177, 182, 182, 181, 181, 176, 175, 175, 175, 175, 175, 175, 177, 176, 176, 177, 178
2010,14107520,107,CH4 ,10PPBC, 8,10, 176, 176, 183, 181, 186, 183, 180, 179, 178, 178, 176, 176, 175, 175, 174,9999,9999, 171, 174, 177, 174, 172, 173, 176
2010,14107520,107,CH4 ,10PPBC, 8,11, 173, 174, 175, 174, 173, 172, 171, 170, 171, 171, 170, 170, 170, 170, 170, 170, 171, 171, 170, 171, 171, 171, 171, 170
2010,14107520,107,CH4 ,10PPBC, 8,12, 169, 170, 170, 170, 170, 170, 170, 170, 169, 170, 169, 170, 170, 172, 173, 172, 171, 174, 173, 173, 174, 175, 176, 182
2010,14107520,107,CH4 ,10PPBC, 8,13, 181, 175, 178, 179, 178, 179, 180, 180, 180, 182, 184, 187, 184, 181, 180, 180, 179, 179, 180, 182, 183, 182, 181, 183
2010,14107520,107,CH4 ,10PPBC, 8,14, 190, 193, 189, 182, 174, 173, 173, 172, 172, 172, 172, 172, 171, 171, 171, 173, 173, 173, 174, 173, 173, 174, 174, 173
2010,14107520,107,CH4 ,10PPBC, 8,15, 173, 173, 172, 173, 173, 173, 173, 173, 173, 173, 172, 172, 172, 173, 173, 173, 174, 173, 173, 175, 175, 174, 172, 173
2010,14107520,107,CH4 ,10PPBC, 8,16, 174, 176, 177, 177, 179, 182, 186, 189, 188, 184, 178, 175, 177, 184, 184, 182, 176, 177, 179, 181, 176, 175, 175, 177
2010,14107520,107,CH4 ,10PPBC, 8,17, 181, 182, 185, 193, 190, 180, 199, 204, 210, 209,9999,9999, 181, 177, 177, 175, 181, 175, 175, 175, 176, 177, 175, 177
2010,14107520,107,CH4 ,10PPBC, 8,18, 178, 177, 187, 187, 185, 186, 188, 189, 191, 194, 190, 187, 180, 177, 177, 175, 175, 176, 177, 178, 179, 181, 180, 180
2010,14107520,107,CH4 ,10PPBC, 8,19, 180, 179, 179, 179, 182, 186, 194, 187, 184, 183, 183, 183, 182, 183, 182, 182, 182, 182, 181, 183, 183, 185, 185, 186
2010,14107520,107,CH4 ,10PPBC, 8,20, 187, 186, 187, 187, 186, 194, 196, 204, 203, 196, 196, 195, 192, 188, 186, 183, 186, 187, 187, 186, 188, 187, 187, 187
2010,14107520,107,CH4 ,10PPBC, 8,21, 187, 186, 188, 188, 190, 189, 191, 194, 190, 188, 188, 188, 187, 184, 183, 182, 181, 181, 181, 182, 182, 182, 183, 181
2010,14107520,107,CH4 ,10PPBC, 8,22, 182, 181, 181, 181, 181, 181, 181, 180, 181, 180, 180, 181, 179, 179, 178, 178, 179, 179, 180, 180, 180, 181, 180, 180
2010,14107520,107,CH4 ,10PPBC, 8,23, 180, 179, 180, 179, 179, 181, 180, 180, 181, 180, 179, 179, 178, 177, 177, 177, 178, 178, 179, 179, 179, 181, 180, 179
2010,14107520,107,CH4 ,10PPBC, 8,24, 179, 179, 178, 179, 180, 178, 178, 179, 178, 178, 178, 178, 179, 178, 178, 178, 178, 178, 182, 181, 182, 180, 180, 180
2010,14107520,107,CH4 ,10PPBC, 8,25, 179, 179, 178, 179, 179, 180, 180, 178, 178, 178, 178,9999,9999, 178, 175, 176, 176, 177, 177, 177, 177, 177, 178, 178
2010,14107520,107,CH4 ,10PPBC, 8,26, 177, 179, 185, 188, 190, 190, 183, 180, 177, 177, 177, 176, 177, 177, 177, 178, 179, 180, 180, 180, 180, 181, 181, 181
2010,14107520,107,CH4 ,10PPBC, 8,27, 180, 180, 180, 182, 185, 192, 192, 191, 190, 189, 188, 183, 180, 179, 176, 175, 173, 173, 173, 175, 177, 173, 174, 174
2010,14107520,107,CH4 ,10PPBC, 8,28, 173, 173, 173, 173, 174, 174, 174, 173, 174, 173, 175, 174, 173, 173, 173, 173, 175, 175, 175, 175, 174, 174, 175, 176
2010,14107520,107,CH4 ,10PPBC, 8,29, 175, 175, 175, 175, 177, 179, 179, 180, 178, 176, 175, 174, 174, 174, 174, 173, 173, 172, 173, 175, 177, 174, 175, 179
2010,14107520,107,CH4 ,10PPBC, 8,30, 178, 175, 176, 181, 190, 194, 196, 199, 201, 199, 188, 184, 183, 181, 185, 178, 174, 172, 172, 176, 176, 178, 179, 174
2010,14107520,107,CH4 ,10PPBC, 8,31, 176, 175, 176, 178, 187, 191, 196, 193, 178, 181, 183, 180, 176,9999, 174, 172, 173, 174, 176, 176, 175, 177, 177, 178
2010,14107520,107,CH4 ,10PPBC, 9, 1, 180, 178, 173, 173, 174, 177, 178, 177, 175, 176, 177, 185, 176, 174, 174, 174, 176, 178, 180, 179, 182, 183, 182, 183
2010,14107520,107,CH4 ,10PPBC, 9, 2, 186, 181, 180, 181, 181, 182, 181, 180, 181, 181, 180, 180, 180, 179, 180, 180, 179, 179, 181, 182, 181, 180, 180, 180
2010,14107520,107,CH4 ,10PPBC, 9, 3, 180, 179, 179, 179, 182, 186, 187, 180, 179, 178, 178, 178, 177, 177, 176, 177, 177, 177, 178, 178, 178, 178, 178, 180
2010,14107520,107,CH4 ,10PPBC, 9, 4, 179, 179, 180, 183, 185, 191, 183, 183, 182, 184, 180, 181, 181, 181, 181, 181, 179, 180, 181, 179, 179, 179, 179, 180
2010,14107520,107,CH4 ,10PPBC, 9, 5, 181, 178, 181, 184, 183, 186, 180, 177, 179, 178, 178, 177, 177, 177, 177, 177, 177, 177, 178, 178, 179, 178, 178, 179
2010,14107520,107,CH4 ,10PPBC, 9, 6, 179, 177, 175, 173, 172, 173, 173, 173, 173, 173, 172, 173, 172, 171, 172, 172, 172, 174, 175, 174, 175, 175, 174, 173
2010,14107520,107,CH4 ,10PPBC, 9, 7, 172, 173, 172, 171, 172, 171, 171, 171, 171, 171, 171, 171, 171, 171, 170, 171,9999, 170, 170, 171, 171, 171, 172, 172
2010,14107520,107,CH4 ,10PPBC, 9, 8, 171, 172, 173, 172, 183, 184, 186, 186, 187, 191, 187, 177, 178, 176, 177, 188, 186, 184, 181, 181, 181, 181, 181, 180
2010,14107520,107,CH4 ,10PPBC, 9, 9,9999, 183, 183, 183, 184, 184, 185, 185, 185, 185, 186, 186, 186, 185, 183, 183, 182, 183, 183, 184, 184, 185, 191, 198
2010,14107520,107,CH4 ,10PPBC, 9,10, 196, 194, 196, 198, 203, 198, 196, 186, 186, 188, 190, 189, 188, 187, 184, 183, 182, 182, 182, 182, 182, 183, 183, 184
2010,14107520,107,CH4 ,10PPBC, 9,11, 183, 184, 184, 183, 183, 186, 183, 183, 182, 182, 186, 183, 181, 180, 179, 179, 179, 179, 181, 181, 181, 181, 182, 182
2010,14107520,107,CH4 ,10PPBC, 9,12, 185, 185, 188, 189, 191, 189, 192, 190, 194, 190, 192, 193, 187, 182, 183, 182, 181, 181, 186, 186, 190, 182, 180, 180
2010,14107520,107,CH4 ,10PPBC, 9,13, 178, 177, 179, 177, 179, 184, 187, 185, 186, 185, 185, 189, 186, 182, 176, 176, 178, 181, 188, 189, 185, 182, 185, 195
2010,14107520,107,CH4 ,10PPBC, 9,14, 187, 187, 190, 186, 180, 180, 179, 179, 181, 181, 181, 181, 181, 181, 182, 181, 182, 181, 182, 184, 183, 184, 182, 181
2010,14107520,107,CH4 ,10PPBC, 9,15, 183, 196, 200, 193, 187, 186, 186, 186, 186, 186,9999, 187, 190, 186, 186, 186, 188, 189, 191, 192, 188, 187, 187, 189
2010,14107520,107,CH4 ,10PPBC, 9,16, 190, 189, 188, 187, 188, 189, 187, 188, 187, 186, 185, 184, 184, 185, 186, 186, 186, 187, 186, 186, 188, 187, 190, 193
2010,14107520,107,CH4 ,10PPBC, 9,17, 195, 196, 194, 195, 195, 196, 196, 191, 190, 199, 200, 190, 185, 184, 184, 185, 185, 184, 185, 188, 190, 193, 203, 201
2010,14107520,107,CH4 ,10PPBC, 9,18, 208, 197, 193, 196, 200, 192, 193, 190, 188, 190, 189, 186, 184, 183, 182, 182, 183, 183, 184, 186, 184, 183, 185, 186
2010,14107520,107,CH4 ,10PPBC, 9,19, 187, 188, 187, 187, 187, 189, 191, 194, 188, 188, 186, 182, 181, 181, 181, 182, 182, 181, 183, 184, 183, 184, 186, 190
2010,14107520,107,CH4 ,10PPBC, 9,20, 188, 191, 188, 189, 197, 201, 202, 202, 198, 195, 184, 181, 181, 181, 182, 182, 182, 183, 184, 184, 184, 184, 189, 192
2010,14107520,107,CH4 ,10PPBC, 9,21, 195, 199, 198, 198, 197, 197, 195, 195, 192, 193, 195, 193, 193, 192, 188, 187, 186, 185, 185, 184, 187, 193, 195, 203
2010,14107520,107,CH4 ,10PPBC, 9,22, 199, 196, 200, 201, 195, 192, 191, 186, 186, 185,9999,9999, 178, 178, 178, 178, 178, 178, 178, 176, 180, 179, 184, 187
2010,14107520,107,CH4 ,10PPBC, 9,23, 191, 201, 203, 196, 201, 204, 197, 196, 198, 199, 189, 191, 188, 188, 187, 187, 187, 187, 186, 187, 189, 191, 189, 189
2010,14107520,107,CH4 ,10PPBC, 9,24, 189, 187, 187, 186, 187, 186, 187, 188, 188, 187, 187, 187, 188, 188, 187, 188, 187, 187, 187, 187, 188, 189, 189, 189
2010,14107520,107,CH4 ,10PPBC, 9,25, 188, 186, 186, 185, 185, 185, 184, 184, 184, 184, 184, 184, 184, 184, 185, 185, 187, 189, 189, 189, 188, 195, 190, 194
2010,14107520,107,CH4 ,10PPBC, 9,26, 197, 204, 206, 204, 199, 213, 206, 197, 212, 192, 190, 191, 191, 188, 189, 189, 188, 188, 188, 190, 191, 194, 204, 197
2010,14107520,107,CH4 ,10PPBC, 9,27, 191, 188, 189, 193, 197, 192, 188, 187, 187, 187, 186, 185, 184, 184, 184, 184, 184, 185, 185, 186, 187, 187, 188, 188
2010,14107520,107,CH4 ,10PPBC, 9,28, 189, 190, 187, 186, 186, 188, 188, 190, 189, 188,9999,9999,9999,9999, 188, 188, 189, 199, 199, 207, 211, 218, 249, 258
2010,14107520,107,CH4 ,10PPBC, 9,29, 225, 204, 197, 204, 211, 189, 187, 187, 188, 188, 188, 189, 191, 189, 191, 189, 189, 190, 191, 191, 193, 194, 196, 200
2010,14107520,107,CH4 ,10PPBC, 9,30, 208, 203, 201, 196, 194, 193, 193, 194, 195, 196, 195, 196, 196, 197, 198, 198, 197, 198, 197, 195, 199, 195, 196, 195
2010,14107520,107,CH4 ,10PPBC, 9,31,9998,9998,9998,9998,9998,9998,9998,9998,9998,9998,9998,9998,9998,9998,9998,9998,9998,9998,9998,9998,9998,9998,9998,9998
2010,14107520,107,CH4 ,10PPBC,10, 1, 194, 194, 191, 191, 191, 190, 191, 192, 191, 191, 190, 189, 190, 189, 187, 186, 186, 187, 188, 188, 191, 192, 193, 204
2010,14107520,107,CH4 ,10PPBC,10, 2, 213, 209, 206, 201, 195, 194, 194, 193, 190, 188, 189, 189, 189, 186, 186, 186, 186, 187, 189, 188, 189, 190, 189, 195
2010,14107520,107,CH4 ,10PPBC,10, 3, 210, 197, 199, 196, 196, 198, 197, 194, 193, 192, 190, 188, 188, 189, 190, 186, 185, 186, 187, 187, 188, 193, 192, 188
2010,14107520,107,CH4 ,10PPBC,10, 4, 187, 200, 215, 216, 204, 198,9999,9999,9999,9999,9999,9999, 199, 201, 204, 199, 199, 202, 199, 198, 197, 192, 191, 194
2010,14107520,107,CH4 ,10PPBC,10, 5, 195, 195, 197, 193, 193, 194, 195, 197, 195, 189,9999,9999,9999,9999, 185, 185, 185, 184, 187, 188, 198, 197, 206, 205
2010,14107520,107,CH4 ,10PPBC,10, 6, 199, 198, 195, 191, 191, 189, 189, 189, 189, 188, 188, 188, 188, 188, 185, 186, 186, 188, 189, 188, 193, 193, 191, 191
2010,14107520,107,CH4 ,10PPBC,10, 7, 191, 190, 192, 192, 193, 193, 194, 195, 193, 191, 190, 189, 190, 188, 191, 189, 188, 192, 194, 194, 192, 191, 191, 192
2010,14107520,107,CH4 ,10PPBC,10, 8, 190, 190, 190, 189, 189, 189, 190, 189, 190, 191, 191, 189, 189, 186, 186, 186, 186, 187, 188, 188, 187, 187, 188, 189
2010,14107520,107,CH4 ,10PPBC,10, 9, 202, 194, 192, 192, 190, 189, 189, 189, 189, 190, 189, 189, 187, 187, 187, 187, 189, 187, 187, 187, 187, 188, 188, 189
2010,14107520,107,CH4 ,10PPBC,10,10, 189, 187, 187, 187, 187, 186, 188, 187, 187, 187, 189, 186, 185, 189, 192, 192, 199, 200, 189, 202, 219, 209, 224, 230
2010,14107520,107,CH4 ,10PPBC,10,11, 239, 233, 235, 213, 217, 220, 218, 193, 186, 189, 191, 196, 193, 185, 184, 184, 184, 189, 196, 194, 199, 198, 203, 215
2010,14107520,107,CH4 ,10PPBC,10,12, 210, 212, 217, 222, 223, 216, 216, 193, 184, 184, 189, 200, 195, 187, 191, 183, 182, 184, 186, 189, 198, 198, 216, 219
2010,14107520,107,CH4 ,10PPBC,10,13, 217, 213, 207, 200, 201, 201, 200, 200, 198, 196, 192,9999,9999,9999, 182, 183, 183, 184, 187, 191, 193, 190, 193, 189
2010,14107520,107,CH4 ,10PPBC,10,14, 191, 191, 191, 197, 209, 189, 189, 190, 190, 190, 189, 187, 187, 187, 187, 186, 186, 186, 186, 187, 187, 204, 193, 189
2010,14107520,107,CH4 ,10PPBC,10,15, 190, 188, 190, 191, 189, 190, 194, 194, 192, 189, 187, 191, 187, 186, 186, 184, 184, 185, 192, 189, 191, 198, 207, 207
2010,14107520,107,CH4 ,10PPBC,10,16, 206, 201, 192, 190, 189, 187, 189, 191, 192, 190, 191, 187, 187, 185, 185, 189, 189, 190, 189, 189, 189, 193, 195, 200
2010,14107520,107,CH4 ,10PPBC,10,17, 205, 207, 202, 194, 190, 190, 192, 190, 191, 190, 191, 191, 188, 192, 195, 198, 198, 199, 202, 195, 199, 197, 198, 191
2010,14107520,107,CH4 ,10PPBC,10,18, 190, 190, 192, 192, 194, 194, 193, 195, 194, 192, 191, 188, 188, 186, 186, 187, 188, 188, 188, 187, 188, 189, 201, 191
2010,14107520,107,CH4 ,10PPBC,10,19, 189, 190, 191, 191, 191, 191, 192, 193, 192, 192, 189, 189, 189,9999, 189, 189, 191, 189, 189, 190, 191, 192, 193, 192
2010,14107520,107,CH4 ,10PPBC,10,20, 192, 190, 191, 191, 191, 192, 192, 192, 192, 194, 192, 193, 193, 193, 193, 194, 194, 194, 195, 195, 197, 204, 199, 199
2010,14107520,107,CH4 ,10PPBC,10,21, 199, 198, 196, 195, 197, 194, 197, 200, 199, 196, 196, 194, 194, 192, 191, 192, 192, 192, 193, 194, 193, 196, 199, 193
2010,14107520,107,CH4 ,10PPBC,10,22, 193, 192, 189, 188, 188, 188, 191, 189, 189, 187, 187, 187, 188, 190, 189, 189, 190, 187, 189, 194, 193, 194, 195, 194
2010,14107520,107,CH4 ,10PPBC,10,23, 192, 190, 191, 192, 190, 192, 193, 194, 191, 189, 188, 188, 188, 190, 188, 189, 188, 187, 188, 188, 189, 192, 201, 224
2010,14107520,107,CH4 ,10PPBC,10,24, 217, 202, 195, 192, 193, 195, 196, 195, 195, 194, 194, 196, 198, 197, 196, 196, 196, 197, 196, 192, 190, 193, 191, 194
2010,14107520,107,CH4 ,10PPBC,10,25, 197, 194, 195, 191, 192, 191, 193, 191, 190, 187, 192, 191, 194, 205, 210, 204, 211, 218, 209, 199, 210, 216, 242, 239
2010,14107520,107,CH4 ,10PPBC,10,26, 209, 195, 194, 194, 194, 196, 190, 187, 186, 184,9999, 184, 190, 185, 185, 187, 190, 191, 194, 193, 188, 189, 188, 189
2010,14107520,107,CH4 ,10PPBC,10,27, 188, 188, 187, 187, 187, 186, 187, 187, 188, 188,9999,9999, 186, 187, 189, 189, 189, 189, 189, 189, 189, 189, 188, 196
2010,14107520,107,CH4 ,10PPBC,10,28, 195, 193, 191, 190, 190, 190, 189, 190, 189, 189, 188, 187, 187, 186, 186, 186, 187, 187, 186, 187, 187, 187, 186, 185
2010,14107520,107,CH4 ,10PPBC,10,29, 186, 187, 187, 187, 187, 187, 188, 189, 189, 187, 192, 186, 186, 185, 185, 186, 187, 188, 194, 193, 193, 195, 193, 191
2010,14107520,107,CH4 ,10PPBC,10,30, 192, 191, 191, 189, 189, 188, 188, 188, 187, 188, 188, 187, 187, 186, 186, 185, 185, 185, 186, 185, 184, 184, 184, 184
2010,14107520,107,CH4 ,10PPBC,10,31, 184, 184, 185, 184, 184, 185, 185, 186, 186, 185, 185, 183, 183, 182, 183, 184, 184, 185, 186, 188, 189, 187, 189, 193
2010,14107520,107,CH4 ,10PPBC,11, 1, 193, 199, 189, 186, 183, 182, 183, 183, 183, 182, 181, 182, 182, 182, 182, 182, 180, 180, 181, 182, 185, 199, 207, 205
2010,14107520,107,CH4 ,10PPBC,11, 2, 211, 213, 212, 211, 205, 205, 206, 203, 186, 185, 186, 185,9999,9999,9999,9999,9999,9999,9999,9999,9999,9999,9999,9999
2010,14107520,107,CH4 ,10PPBC,11, 3,9999,9999,9999,9999,9999,9999,9999,9999,9999,9999,9999,9999,9999,9999,9999,9999,9999,9999,9999,9999,9999,9999,9999,9999
2010,14107520,107,CH4 ,10PPBC,11, 4,9999,9999,9999,9999,9999,9999,9999,9999,9999,9999,9999,9999, 199, 203, 204, 207, 188, 191, 197, 217, 220, 247, 224, 206
2010,14107520,107,CH4 ,10PPBC,11, 5, 197, 201, 203, 203, 204, 203, 204, 200, 193, 192, 192, 191, 191, 189, 185, 184, 186, 195, 214, 220, 230, 234, 228, 211
2010,14107520,107,CH4 ,10PPBC,11, 6, 197, 195, 194, 192, 196, 204, 204, 204, 195, 190, 190, 191, 204, 192, 193, 190, 189, 194, 206, 229, 227, 226, 236, 217
2010,14107520,107,CH4 ,10PPBC,11, 7, 197, 195, 192, 192, 192, 191, 190, 191, 190, 189, 188, 189, 191, 194, 193, 192, 198, 212, 227, 235, 247, 249, 231, 206
2010,14107520,107,CH4 ,10PPBC,11, 8, 201, 196, 192, 195, 199, 200, 199, 199, 196, 192, 196, 192, 194, 193, 193, 190, 191, 193, 191, 190, 195, 201, 201, 202
2010,14107520,107,CH4 ,10PPBC,11, 9, 210, 205, 208, 215, 211, 200, 183, 183, 182, 183, 182, 182, 182, 182, 183,9999,9999, 186, 190, 191, 192, 191, 190, 192
2010,14107520,107,CH4 ,10PPBC,11,10, 192, 190, 194, 199, 202, 208, 215, 223, 222, 214, 195, 188, 186, 185, 184, 185, 185, 189, 190, 189, 191, 192, 194, 199
2010,14107520,107,CH4 ,10PPBC,11,11, 200, 200, 206, 202, 197, 199, 201, 197, 192, 191, 189, 189, 192, 191, 190, 189, 190, 192, 194, 203, 212, 230, 231, 226
2010,14107520,107,CH4 ,10PPBC,11,12, 219, 202, 199, 198, 199, 198, 201, 207, 206, 207, 201, 189, 185, 186, 186, 186, 186, 187, 193, 196, 200, 210, 210, 212
2010,14107520,107,CH4 ,10PPBC,11,13, 207, 206, 200, 199, 202, 206, 209, 214, 197, 194, 196, 195, 194, 194, 190, 191, 191, 192, 193, 202, 215, 212, 209, 203
2010,14107520,107,CH4 ,10PPBC,11,14, 200, 199, 198, 199, 201, 202, 196, 196, 195, 196, 197, 198, 207, 206, 192, 197, 198, 206, 233, 238, 238, 227, 214, 206
2010,14107520,107,CH4 ,10PPBC,11,15, 208, 220, 213, 207, 209, 206, 202, 198, 193, 189, 189, 190, 191, 195, 193, 187, 189, 191, 191, 189, 191, 192, 192, 196
2010,14107520,107,CH4 ,10PPBC,11,16, 193, 190, 192, 191, 189, 194, 198, 193, 189, 189, 189, 190,9999, 188, 188, 188, 188, 188, 188, 189, 188, 199, 198, 195
2010,14107520,107,CH4 ,10PPBC,11,17, 199, 198, 195, 192, 194, 193, 190, 191, 192, 190, 189, 188, 187, 186, 186, 187, 187, 188, 187, 188, 189, 189, 188, 188
2010,14107520,107,CH4 ,10PPBC,11,18, 188, 188, 190, 189, 189, 190, 190, 191, 194, 190, 187, 186, 186, 186, 186, 186, 187, 191, 193, 195, 193, 192, 192, 194
2010,14107520,107,CH4 ,10PPBC,11,19, 194, 193, 190, 189, 189, 189, 190, 190, 189, 189, 188, 188, 188, 189, 190, 187, 186, 189, 190, 189, 196, 210, 210, 202
2010,14107520,107,CH4 ,10PPBC,11,20, 197, 196, 194, 192, 191, 191, 193, 192, 191, 189, 189, 189, 188, 190, 197, 187, 195, 207, 213, 216, 213, 208, 204, 201
2010,14107520,107,CH4 ,10PPBC,11,21, 195, 193, 192, 191, 190, 190, 191, 191, 188, 187, 188, 187, 187, 189, 190, 192, 196, 208, 210, 215, 213, 218, 225, 216
2010,14107520,107,CH4 ,10PPBC,11,22, 203, 202, 199, 196, 198, 201, 201, 196, 194, 194, 194, 193, 191, 191, 191, 192, 191, 191, 191, 192, 193, 192, 193, 193
2010,14107520,107,CH4 ,10PPBC,11,23, 191, 187, 185, 185, 183, 181, 182, 182, 181, 182, 182, 184, 185, 185, 186, 188, 189, 194, 196, 190, 190, 190, 190, 191
2010,14107520,107,CH4 ,10PPBC,11,24, 190, 188, 187, 187, 188, 188, 190, 190, 189, 188, 189, 189, 188,9999, 190, 188, 188, 189, 189, 189, 188, 189, 195, 217
2010,14107520,107,CH4 ,10PPBC,11,25, 214, 208, 207, 199, 198, 196, 197, 196, 195, 195, 195, 196, 198, 205, 204, 203, 203, 204, 200, 199, 199, 197, 195, 193
2010,14107520,107,CH4 ,10PPBC,11,26, 193, 197, 200, 191, 192, 193, 196, 198, 199, 195, 192, 188, 187, 188, 204, 201, 190, 191, 190, 200, 202, 194, 191, 189
2010,14107520,107,CH4 ,10PPBC,11,27, 189, 189, 190, 188, 187, 187, 189, 189, 189, 187, 187, 186, 189, 187, 185, 185, 186, 187, 188, 187, 189, 195, 207, 219
2010,14107520,107,CH4 ,10PPBC,11,28, 212, 212, 217, 214, 213, 198, 197, 195, 195, 187, 185, 185, 185, 185, 184, 186, 187, 190, 194, 192, 189, 191, 190, 189
2010,14107520,107,CH4 ,10PPBC,11,29, 190, 194, 189, 189, 188, 195, 197, 208, 201, 189, 193, 191, 187, 185, 186, 187, 188, 190, 192, 196, 203, 206, 193, 194
2010,14107520,107,CH4 ,10PPBC,11,30, 195, 200, 199, 192, 191, 191, 190, 190, 189, 188,9999,9999, 190, 189, 190, 192, 190, 194, 197, 197, 193, 190, 190, 195
2010,14107520,107,CH4 ,10PPBC,11,31,9998,9998,9998,9998,9998,9998,9998,9998,9998,9998,9998,9998,9998,9998,9998,9998,9998,9998,9998,9998,9998,9998,9998,9998
2010,14107520,107,CH4 ,10PPBC,12, 1, 198, 201, 200, 208, 206, 210, 210, 209, 204, 199, 197, 196, 193, 195, 190, 190, 192, 194, 193, 195, 198, 222, 236, 221
2010,14107520,107,CH4 ,10PPBC,12, 2, 204, 198, 198, 196, 194, 194, 196, 199, 197, 195, 194, 195, 196, 197, 197, 197, 198, 202, 204, 209, 212, 208, 207, 202
2010,14107520,107,CH4 ,10PPBC,12, 3, 202, 198, 196, 196, 194, 187, 181, 180, 179, 177, 178, 179, 180, 181, 181, 181, 181, 181, 184, 185, 187,9999,9999,9999
2010,14107520,107,CH4 ,10PPBC,12, 4,9999,9999,9999,9999,9999, 187, 194, 193, 188, 188, 187, 186, 186, 187, 187, 187, 190, 196, 191, 191, 192, 198, 199, 196
2010,14107520,107,CH4 ,10PPBC,12, 5, 201, 202, 202, 201, 207, 205, 224, 209, 202, 193, 196, 201, 203, 197, 191, 191, 194, 214, 222, 244, 243, 251, 213, 200
2010,14107520,107,CH4 ,10PPBC,12, 6, 200, 198, 195, 192, 191, 193, 193, 194, 192, 191, 192, 197, 194, 198, 191, 187, 192, 196, 208, 228, 227, 213, 222, 224
2010,14107520,107,CH4 ,10PPBC,12, 7, 214, 207, 207, 209, 212, 204, 212, 211, 198, 196,9999,9999, 191, 190, 190, 192, 192, 191, 191, 191, 192, 191, 190, 190
2010,14107520,107,CH4 ,10PPBC,12, 8, 189, 188,9999, 187, 186, 186, 187, 191, 190, 188, 186, 186, 185, 186, 187, 189, 195, 192, 191, 192, 191, 193, 194, 195
2010,14107520,107,CH4 ,10PPBC,12, 9, 196, 194, 193, 191, 190, 192, 194, 192, 190, 189, 187, 189, 186, 185, 186, 188, 193, 193, 194, 199, 197, 204, 206, 203
2010,14107520,107,CH4 ,10PPBC,12,10, 217, 221, 205, 214, 211, 217, 205, 205, 202, 192, 191, 191, 192, 190, 188, 190, 192, 198, 207, 203, 190, 195, 207, 219
2010,14107520,107,CH4 ,10PPBC,12,11, 216, 225, 230, 214, 205, 202, 202, 211, 194, 185, 185, 185, 186, 186, 184, 184, 184, 186, 186, 186, 186, 187, 186, 189
2010,14107520,107,CH4 ,10PPBC,12,12, 197, 202, 199, 196, 193, 192, 192, 190, 190, 189, 189, 189, 190, 190, 194, 193, 197, 197, 191, 192, 192, 192, 196, 192
2010,14107520,107,CH4 ,10PPBC,12,13, 193, 192, 194, 193, 192, 192, 192, 192, 192, 192, 191, 191, 191, 191, 191, 191, 190, 191, 191, 191, 191, 193, 191, 191
2010,14107520,107,CH4 ,10PPBC,12,14, 195, 195, 193, 189, 187, 188, 187, 190, 191, 195, 192, 190, 188, 189, 189, 186, 186, 187, 189, 191, 205, 209, 211, 203
2010,14107520,107,CH4 ,10PPBC,12,15, 213, 230, 224, 230, 227, 200, 198, 196, 188, 187, 189, 188, 190, 187, 189,9999, 189, 188, 188, 190, 190, 192, 195, 191
2010,14107520,107,CH4 ,10PPBC,12,16, 193, 199, 196, 194, 193, 189, 192, 194, 195, 192, 187, 188, 195, 189, 189, 196, 197, 194, 196, 196, 195, 193, 196, 197
2010,14107520,107,CH4 ,10PPBC,12,17, 199, 200, 197, 195, 193, 196, 206, 209, 201, 191, 187, 187, 188, 189, 190, 191, 189, 194, 218, 218, 223, 232, 232, 211
2010,14107520,107,CH4 ,10PPBC,12,18, 208, 206, 199, 199, 201, 201, 201, 211, 208, 196, 194, 193, 194, 200, 206, 197, 191, 191, 192,9999,9999,9999,9999,9999
2010,14107520,107,CH4 ,10PPBC,12,19,9999,9999,9999, 191, 192, 193, 196, 195, 195, 193, 194, 194, 195, 196, 192, 192, 192, 194, 205, 211, 208, 215, 205, 198
2010,14107520,107,CH4 ,10PPBC,12,20, 200, 197, 194, 198, 200, 202, 205, 207, 206, 202, 186, 185, 184, 185, 188, 206, 223, 248, 259, 231, 211, 214, 211, 210
2010,14107520,107,CH4 ,10PPBC,12,21, 201, 209, 226, 212, 208, 204, 200, 199, 197, 196,9999,9999, 195, 195, 196, 195, 196, 196, 197, 196, 195, 193, 192, 191
2010,14107520,107,CH4 ,10PPBC,12,22, 192, 193, 194, 200, 191, 188, 189, 189, 192, 189, 185, 185, 182, 183, 184, 184, 189, 197, 222, 223, 217, 234, 234, 245
2010,14107520,107,CH4 ,10PPBC,12,23, 237, 229, 217, 220, 224, 216, 221, 219, 190, 185, 185, 186, 185, 186, 187, 186, 189, 191, 200, 214, 216, 212, 220, 230
2010,14107520,107,CH4 ,10PPBC,12,24, 227, 230, 224, 220, 194, 191, 190, 191, 189, 190, 188, 187, 188,9999, 188, 188, 189,9999,9999,9999,9999,9999,9999,9999
2010,14107520,107,CH4 ,10PPBC,12,25,9999,9999,9999,9999,9999,9999,9999,9999,9999,9999,9999,9999,9999,9999,9999,9999,9999,9999,9999,9999,9999,9999,9999,9999
2010,14107520,107,CH4 ,10PPBC,12,26,9999,9999,9999,9999,9999,9999,9999,9999,9999,9999,9999,9999,9999,9999,9999,9999,9999,9999,9999,9999,9999,9999,9999,9999
2010,14107520,107,CH4 ,10PPBC,12,27,9999,9999,9999,9999,9999,9999,9999,9999,9999,9999,9999,9999,9999,9999,9999,9999,9999,9999, 215, 225, 219, 220, 214, 211
2010,14107520,107,CH4 ,10PPBC,12,28, 215, 212, 209, 211, 221, 221, 214, 221, 213, 203, 198, 193, 185, 185, 185,9999, 185, 186,9999, 186, 188, 192, 193, 197
2010,14107520,107,CH4 ,10PPBC,12,29, 200, 205, 208, 204, 205, 207, 203, 219, 203, 194, 191, 189,9999,9999,9999,9999,9999,9999,9999,9999,9999,9999,9999,9999
2010,14107520,107,CH4 ,10PPBC,12,30,9999, 203, 200, 193, 193, 193, 199, 206, 198, 187, 188, 189, 188, 189, 189, 200, 199, 195, 192, 192, 193, 193, 196, 197
2010,14107520,107,CH4 ,10PPBC,12,31, 200, 201, 199, 198, 195, 193, 194, 197, 193, 189, 186,9999,9999,9999,9999,9999,9999, 200, 204, 220, 216, 207, 204, 205
2010,14107520,107,CH4 ,10PPBC, 1, 1, 213, 213, 222, 229, 220, 223, 231, 231, 212, 193,9999,9999,9999, 190, 190, 190, 191, 198, 195, 194, 201, 202, 208, 209
2010,14107520,107,CH4 ,10PPBC, 1, 2, 213, 200, 191, 202, 205, 202, 201, 202, 196, 197, 194, 190, 188, 191, 194, 191, 190, 205, 207, 197,9999,9999,9999,9999
2010,14107520,107,CH4 ,10PPBC, 1, 3,9999,9999,9999,9999,9999,9999,9999,9999,9999,9999,9999,9999,9999,9999,9999,9999,9999,9999,9999,9999,9999,9999,9999,9999
2010,14107520,107,CH4 ,10PPBC, 1, 4,9999,9999,9999,9999,9999,9999,9999,9999,9999,9999,9999,9999,9999,9999,9999,9999,9999,9999,9999,9999,9999,9999,9999,9999
2010,14107520,107,CH4 ,10PPBC, 1, 5,9999,9999,9999,9999,9999,9999,9999,9999,9999,9999,9999,9999,9999,9999,9999,9999,9999,9999,9999,9999,9999,9999,9999,9999
2010,14107520,107,CH4 ,10PPBC, 1, 6,9999,9999,9999,9999,9999,9999,9999,9999,9999,9999,9999,9999,9999,9999,9999,9999,9999,9999,9999,9999,9999,9999,9999,9999
2010,14107520,107,CH4 ,10PPBC, 1, 7,9999,9999,9999,9999,9999,9999,9999,9999,9999,9999,9999,9999,9999,9999,9999,9999,9999,9999,9999,9999,9999,9999,9999,9999
2010,14107520,107,CH4 ,10PPBC, 1, 8,9999,9999,9999,9999,9999,9999,9999,9999,9999,9999,9999,9999,9999,9999,9999,9999,9999,9999,9999,9999,9999,9999,9999,9999
2010,14107520,107,CH4 ,10PPBC, 1, 9,9999,9999,9999,9999,9999,9999,9999,9999,9999,9999,9999,9999,9999,9999,9999,9999,9999,9999,9999,9999,9999,9999,9999,9999
2010,14107520,107,CH4 ,10PPBC, 1,10,9999,9999,9999,9999,9999,9999,9999,9999,9999,9999,9999,9999,9999,9999,9999,9999,9999,9999,9999,9999,9999,9999,9999,9999
2010,14107520,107,CH4 ,10PPBC, 1,11,9999,9999,9999,9999,9999,9999,9999,9999,9999,9999,9999,9999,9999,9999,9999,9999,9999,9999,9999,9999,9999,9999,9999,9999
2010,14107520,107,CH4 ,10PPBC, 1,12,9999,9999,9999,9999,9999,9999,9999,9999,9999,9999,9999,9999,9999,9999,9999,9999,9999,9999,9999,9999,9999,9999,9999,9999
2010,14107520,107,CH4 ,10PPBC, 1,13,9999,9999,9999,9999,9999,9999,9999,9999,9999,9999,9999,9999,9999,9999,9999,9999,9999,9999,9999,9999,9999,9999,9999,9999
2010,14107520,107,CH4 ,10PPBC, 1,14,9999,9999,9999,9999,9999,9999,9999,9999,9999,9999,9999,9999,9999,9999, 191, 190, 190, 192, 210, 232, 237, 228, 216, 208
2010,14107520,107,CH4 ,10PPBC, 1,15, 203, 203, 200, 201, 200, 203, 213, 221, 221, 207, 199, 198, 195, 191, 211, 229, 222, 192, 205, 207, 228, 216, 201, 198
2010,14107520,107,CH4 ,10PPBC, 1,16, 200, 199, 195, 197, 197, 192, 191, 190, 188, 188,9999,9999,9999,9999,9999,9999,9999,9999,9999,9999,9999,9999,9999,9999
2010,14107520,107,CH4 ,10PPBC, 1,17,9999,9999,9999,9999,9999,9999,9999,9999,9999,9999,9999,9999,9999,9999,9999,9999,9999,9999,9999,9999,9999,9999,9999, 206
2010,14107520,107,CH4 ,10PPBC, 1,18, 225, 225, 230, 221, 219, 219, 223, 234, 213, 196, 192,9999,9999, 188, 187, 188, 189, 196, 203, 238, 237, 238, 204, 194
2010,14107520,107,CH4 ,10PPBC, 1,19, 193, 193, 196, 203, 206, 202, 214, 219, 212, 196, 192, 190, 189, 190, 187, 185, 185, 189, 208, 228, 197, 194, 201, 208
2010,14107520,107,CH4 ,10PPBC, 1,20, 214, 208, 208, 200, 199, 199, 201, 201, 194, 193, 190, 189, 187, 188, 186, 186, 188, 191,9999,9999,9999,9999,9999,9999
2010,14107520,107,CH4 ,10PPBC, 1,21,9999,9999,9999,9999,9999,9999,9999, 191, 190, 189, 189, 188, 186, 187, 188, 191, 191, 194, 201, 199, 217, 216, 197, 195
2010,14107520,107,CH4 ,10PPBC, 1,22,9999,9999,9999,9999,9999, 189, 192, 196, 196, 193, 192, 192, 189, 188, 185, 187, 187, 190, 195, 222, 218, 199, 195, 206
2010,14107520,107,CH4 ,10PPBC, 1,23, 207, 208, 213, 209, 216, 211, 211, 211, 201, 198, 197, 195, 191, 193, 196, 193, 192, 192, 193, 194, 193, 194, 197, 198
2010,14107520,107,CH4 ,10PPBC, 1,24, 197, 196, 191, 191, 194, 195, 197, 199, 199, 195, 195, 194, 192, 200, 198, 198, 199, 201, 196, 196, 194, 194, 194, 193
2010,14107520,107,CH4 ,10PPBC, 1,25, 197, 197, 196, 195, 195, 194, 195, 200, 200, 193, 192, 191, 190,9999,9999, 190, 190, 194, 194, 194,9999,9999,9999,9999
2010,14107520,107,CH4 ,10PPBC, 1,26,9999,9999, 196, 198, 200, 213, 219, 228, 210, 195, 193, 195, 202, 193, 189, 188, 188, 191, 193, 192, 193, 194, 194, 194
2010,14107520,107,CH4 ,10PPBC, 1,27, 196, 195, 201, 201, 206, 220, 224, 228, 223, 206, 198, 194, 190, 190, 190, 189, 193, 194,9999,9999,9999,9999,9999,9999
2010,14107520,107,CH4 ,10PPBC, 1,28,9999,9999,9999, 196, 199, 196, 200, 201, 195, 193, 191, 190, 189, 189, 189, 192, 191,9999,9999,9999,9999,9999,9999,9999
2010,14107520,107,CH4 ,10PPBC, 1,29,9999,9999,9999,9999,9999,9999,9999,9999, 192, 191, 195, 189, 188, 188, 187, 187, 188, 191, 195, 196, 199, 210, 205, 202
2010,14107520,107,CH4 ,10PPBC, 1,30, 202, 202, 201, 202, 203, 199,9999,9999,9999,9999,9999,9999,9999,9999,9999,9999,9999,9999,9999,9999,9999,9999,9999,9999
2010,14107520,107,CH4 ,10PPBC, 1,31,9999,9999, 200, 199, 202, 203, 210, 208, 197,9999,9999,9999,9999,9999,9999,9999,9999,9999, 194, 194, 202, 226, 210, 209
2010,14107520,107,CH4 ,10PPBC, 2, 1, 214, 223, 226, 224, 227, 224, 221, 226, 219, 195, 190, 190, 187,9999, 188, 186, 185, 191, 201, 191, 192, 193, 197,9999
2010,14107520,107,CH4 ,10PPBC, 2, 2,9999,9999,9999,9999,9999,9999,9999, 194, 196, 195, 195, 198, 194, 190, 189, 190, 188, 191, 193, 194, 192, 195, 208, 206
2010,14107520,107,CH4 ,10PPBC, 2, 3, 219, 208, 203, 202, 205, 209, 210, 208, 200, 198, 202, 202, 195, 197, 189, 190, 192, 191, 198, 209, 195, 198, 212, 201
2010,14107520,107,CH4 ,10PPBC, 2, 4, 201, 199, 200, 199, 202, 203, 202, 207, 205, 199, 194, 200, 200, 205, 195, 192, 192, 197, 232, 237, 263, 237, 254, 228
2010,14107520,107,CH4 ,10PPBC, 2, 5, 200, 216, 205, 205, 203, 200, 198, 199, 195, 194, 193, 191, 191, 194, 189, 190, 198, 201, 215, 224, 222, 228, 216, 205
2010,14107520,107,CH4 ,10PPBC, 2, 6, 194, 196, 208, 205, 205, 203, 203, 202, 204, 202, 200, 194, 194, 195, 198, 200, 201, 204, 210, 216, 206, 205, 202, 199
2010,14107520,107,CH4 ,10PPBC, 2, 7, 199, 207, 212, 210, 210, 222, 215, 205, 195, 190, 188, 187, 187, 188, 189, 190, 190, 191, 191, 191,9999,9999,9999,9999
2010,14107520,107,CH4 ,10PPBC, 2, 8,9999,9999,9999,9999,9999,9999, 191, 193, 193, 190, 191, 192, 192, 190, 189, 190, 190, 189, 190, 190, 190, 200, 191, 191
2010,14107520,107,CH4 ,10PPBC, 2, 9, 190,9999, 189, 190, 189, 189, 189, 190, 192, 190,9999, 191, 188, 188, 189, 198, 188, 193, 201, 218, 205, 223, 201,9999
2010,14107520,107,CH4 ,10PPBC, 2,10,9999,9999,9999,9999,9999,9999,9999,9999, 190, 189, 189, 189, 189, 190, 192, 190, 189, 195, 206, 201, 193,9999,9999,9999
2010,14107520,107,CH4 ,10PPBC, 2,11,9999,9999,9999,9999, 191, 191, 191, 190, 192, 192, 192, 192, 192, 194, 192, 191, 191, 191, 193, 194, 194, 192, 191, 191
2010,14107520,107,CH4 ,10PPBC, 2,12, 188, 188, 188, 188, 188, 187, 189, 188, 187, 188, 186, 188, 188, 188, 189, 189, 189, 190, 191, 191, 191, 198, 205, 207
2010,14107520,107,CH4 ,10PPBC, 2,13,9999, 204, 201, 206, 196, 199, 200, 200, 191, 189, 187, 187,9999,9999,9999,9999,9999,9999,9999, 204, 198, 198, 196, 197
2010,14107520,107,CH4 ,10PPBC, 2,14, 196, 193,9999,9999,9999,9999, 191, 195, 195, 193, 194, 195, 196, 199, 195, 194, 194, 193, 194, 197, 196, 195, 194, 193
2010,14107520,107,CH4 ,10PPBC, 2,15, 191, 189, 189, 188, 188, 188, 188, 190, 189, 186, 186, 187, 182, 181, 182, 183, 172, 183,9999,9999,9999,9999,9999,9999
2010,14107520,107,CH4 ,10PPBC, 2,16,9999,9999,9999,9999, 192, 194, 196, 199, 194, 192, 191, 199, 190, 191, 188, 187, 188, 189, 196, 202, 216, 224, 209, 204
2010,14107520,107,CH4 ,10PPBC, 2,17, 202, 202, 204, 203, 204, 204, 204, 208, 208, 209, 215, 196, 193, 194,9999,9999,9999, 180, 182, 184, 184, 183, 185, 190
2010,14107520,107,CH4 ,10PPBC, 2,18,9999,9999,9999,9999,9999,9999,9999,9999, 182, 183, 184, 180, 180, 179, 180, 181, 180,9999,9999,9999,9999,9999,9999,9999
2010,14107520,107,CH4 ,10PPBC, 2,19,9999,9999,9999,9999,9999,9999,9999,9999, 187, 185, 186, 188, 187, 187, 186, 186, 185, 186, 187, 188, 188, 190, 198, 202
2010,14107520,107,CH4 ,10PPBC, 2,20, 193, 197, 196, 192, 190, 188, 189, 189, 190, 190, 189, 189, 189, 189, 189, 189, 188, 192, 192,9999,9999,9999,9999,9999
2010,14107520,107,CH4 ,10PPBC, 2,21,9999,9999,9999,9999,9999,9999,9999,9999, 188, 187, 187, 186, 186, 187, 184, 183, 184, 186, 187, 188, 187, 193, 189, 189
2010,14107520,107,CH4 ,10PPBC, 2,22, 189, 189, 190, 190, 190, 191, 200, 201, 193, 189,9999, 188, 188, 188, 185, 184, 185,9999, 186, 188, 188, 189, 189, 189
2010,14107520,107,CH4 ,10PPBC, 2,23, 189, 191, 192, 191, 194, 195, 193, 192, 190, 188, 190, 188, 190, 184, 184, 183, 184, 187, 192, 201, 206, 206, 195, 194
2010,14107520,107,CH4 ,10PPBC, 2,24, 190, 190, 204, 196, 192, 193, 194, 200, 194, 191, 191, 199, 192, 201,9999, 182, 183, 183, 191, 187, 191, 196, 192,9999
2010,14107520,107,CH4 ,10PPBC, 2,25,9999,9999,9999,9999,9999,9999,9999,9999,9999,9999,9999,9999,9999,9999,9999,9999,9999,9999,9999,9999,9999,9999,9999,9999
2010,14107520,107,CH4 ,10PPBC, 2,26,9999,9999,9999,9999,9999,9999,9999,9999,9999,9999,9999, 187, 187, 187, 187, 186, 186, 188, 191, 191, 190, 190, 190, 190
2010,14107520,107,CH4 ,10PPBC, 2,27, 196, 202, 204, 202, 201, 198, 195, 197, 196, 195,9999,9999,9999,9999,9999,9999,9999,9999, 183, 184, 190, 195, 195, 197
2010,14107520,107,CH4 ,10PPBC, 2,28, 203, 202,9999,9999,9999, 188, 189, 189, 190, 191, 189, 188, 188, 188, 190, 189, 189, 190, 189, 190, 191, 190, 189, 188
2010,14107520,107,CH4 ,10PPBC, 2,29,9998,9998,9998,9998,9998,9998,9998,9998,9998,9998,9998,9998,9998,9998,9998,9998,9998,9998,9998,9998,9998,9998,9998,9998
2010,14107520,107,CH4 ,10PPBC, 2,30,9998,9998,9998,9998,9998,9998,9998,9998,9998,9998,9998,9998,9998,9998,9998,9998,9998,9998,9998,9998,9998,9998,9998,9998
2010,14107520,107,CH4 ,10PPBC, 2,31,9998,9998,9998,9998,9998,9998,9998,9998,9998,9998,9998,9998,9998,9998,9998,9998,9998,9998,9998,9998,9998,9998,9998,9998
2010,14107520,107,CH4 ,10PPBC, 3, 1,9999,9999,9999,9999,9999,9999,9999,9999,9999,9999,9999,9999,9999,9999,9999,9999,9999,9999,9999,9999,9999,9999,9999,9999
2010,14107520,107,CH4 ,10PPBC, 3, 2,9999,9999,9999,9999,9999,9999,9999,9999,9999,9999,9999,9999,9999,9999,9999,9999,9999,9999,9999,9999,9999,9999,9999,9999
2010,14107520,107,CH4 ,10PPBC, 3, 3,9999,9999,9999,9999,9999,9999,9999,9999,9999,9999,9999,9999,9999,9999,9999,9999,9999,9999,9999,9999,9999,9999,9999,9999
2010,14107520,107,CH4 ,10PPBC, 3, 4,9999,9999,9999,9999,9999,9999,9999,9999,9999,9999,9999,9999,9999,9999,9999,9999,9999,9999,9999,9999,9999,9999,9999,9999
2010,14107520,107,CH4 ,10PPBC, 3, 5,9999,9999,9999,9999,9999,9999,9999,9999,9999,9999,9999,9999,9999,9999,9999,9999,9999,9999,9999,9999,9999,9999,9999,9999
2010,14107520,107,CH4 ,10PPBC, 3, 6,9999,9999,9999,9999,9999,9999,9999,9999,9999,9999,9999,9999,9999,9999,9999,9999,9999,9999,9999,9999,9999,9999,9999,9999
2010,14107520,107,CH4 ,10PPBC, 3, 7,9999,9999,9999,9999,9999,9999,9999,9999,9999,9999,9999,9999,9999,9999,9999,9999,9999,9999,9999,9999,9999,9999,9999,9999
2010,14107520,107,CH4 ,10PPBC, 3, 8,9999,9999,9999,9999,9999,9999,9999,9999,9999,9999,9999,9999,9999,9999,9999,9999,9999,9999,9999,9999,9999,9999,9999,9999
2010,14107520,107,CH4 ,10PPBC, 3, 9,9999,9999,9999,9999,9999,9999,9999,9999,9999,9999,9999,9999,9999,9999,9999,9999,9999,9999,9999,9999,9999,9999,9999,9999
2010,14107520,107,CH4 ,10PPBC, 3,10,9999,9999,9999,9999,9999,9999,9999,9999,9999,9999,9999,9999,9999,9999,9999,9999,9999,9999,9999,9999,9999,9999,9999,9999
2010,14107520,107,CH4 ,10PPBC, 3,11,9999,9999,9999,9999,9999,9999,9999,9999,9999,9999,9999,9999,9999,9999,9999,9999,9999,9999,9999,9999,9999,9999,9999,9999
2010,14107520,107,CH4 ,10PPBC, 3,12,9999,9999,9999,9999,9999,9999,9999,9999,9999,9999,9999,9999,9999,9999,9999,9999,9999,9999,9999,9999,9999,9999,9999,9999
2010,14107520,107,CH4 ,10PPBC, 3,13,9999,9999,9999,9999,9999,9999,9999,9999,9999,9999,9999,9999,9999,9999,9999,9999,9999,9999,9999,9999,9999,9999,9999,9999
2010,14107520,107,CH4 ,10PPBC, 3,14,9999,9999,9999,9999,9999,9999,9999,9999,9999,9999,9999,9999,9999,9999,9999,9999,9999,9999,9999,9999,9999,9999,9999,9999
2010,14107520,107,CH4 ,10PPBC, 3,15,9999,9999,9999,9999,9999,9999,9999,9999,9999,9999,9999,9999,9999,9999,9999,9999,9999,9999,9999,9999,9999,9999,9999,9999
2010,14107520,107,CH4 ,10PPBC, 3,16,9999,9999,9999,9999,9999,9999,9999,9999,9999,9999,9999,9999,9999,9999,9999,9999,9999,9999,9999,9999,9999,9999,9999,9999
2010,14107520,107,CH4 ,10PPBC, 3,17,9999,9999,9999,9999,9999,9999,9999,9999,9999,9999,9999,9999,9999,9999,9999,9999,9999,9999,9999,9999,9999,9999,9999,9999
2010,14107520,107,CH4 ,10PPBC, 3,18,9999,9999,9999,9999,9999,9999,9999,9999,9999,9999,9999,9999,9999,9999,9999,9999,9999,9999,9999,9999,9999,9999,9999,9999
2010,14107520,107,CH4 ,10PPBC, 3,19,9999,9999,9999,9999,9999,9999,9999,9999,9999,9999,9999,9999,9999,9999,9999,9999,9999,9999,9999,9999,9999,9999,9999,9999
2010,14107520,107,CH4 ,10PPBC, 3,20,9999,9999,9999,9999,9999,9999,9999,9999,9999,9999,9999,9999,9999,9999,9999,9999,9999,9999,9999,9999,9999,9999,9999,9999
2010,14107520,107,CH4 ,10PPBC, 3,21,9999,9999,9999,9999,9999,9999,9999,9999,9999,9999,9999,9999,9999,9999,9999,9999,9999,9999,9999,9999,9999,9999,9999,9999
2010,14107520,107,CH4 ,10PPBC, 3,22,9999,9999,9999,9999,9999,9999,9999,9999,9999,9999,9999,9999,9999,9999,9999,9999,9999,9999,9999,9999,9999,9999,9999,9999
2010,14107520,107,CH4 ,10PPBC, 3,23,9999,9999,9999,9999,9999,9999,9999,9999,9999,9999,9999,9999,9999,9999,9999,9999,9999,9999,9999,9999,9999,9999,9999,9999
2010,14107520,107,CH4 ,10PPBC, 3,24,9999,9999,9999,9999,9999,9999,9999,9999,9999,9999,9999,9999,9999,9999,9999,9999,9999,9999,9999,9999,9999,9999,9999,9999
2010,14107520,107,CH4 ,10PPBC, 3,25,9999,9999,9999,9999,9999,9999,9999,9999,9999,9999,9999,9999,9999,9999,9999,9999,9999,9999,9999,9999,9999,9999,9999,9999
2010,14107520,107,CH4 ,10PPBC, 3,26,9999,9999,9999,9999,9999,9999,9999,9999,9999,9999,9999,9999,9999,9999,9999,9999,9999,9999,9999,9999,9999,9999,9999,9999
2010,14107520,107,CH4 ,10PPBC, 3,27,9999,9999,9999,9999,9999,9999,9999,9999,9999,9999,9999,9999,9999,9999,9999,9999,9999,9999,9999,9999,9999,9999,9999,9999
2010,14107520,107,CH4 ,10PPBC, 3,28,9999,9999,9999,9999,9999,9999,9999,9999,9999,9999,9999,9999,9999,9999,9999,9999,9999,9999,9999,9999,9999,9999,9999,9999
2010,14107520,107,CH4 ,10PPBC, 3,29,9999,9999,9999,9999,9999,9999,9999,9999,9999,9999,9999,9999,9999,9999,9999,9999,9999,9999,9999,9999,9999,9999,9999,9999
2010,14107520,107,CH4 ,10PPBC, 3,30,9999,9999,9999,9999,9999,9999,9999,9999,9999,9999,9999,9999,9999,9999,9999,9999,9999,9999,9999,9999,9999,9999,9999,9999
2010,14107520,107,CH4 ,10PPBC, 3,31,9999,9999,9999,9999,9999,9999,9999,9999,9999,9999,9999,9999,9999,9999,9999,9999,9999,9999,9999,9999,9999,9999,9999,9999
2010,14108020,108,CH4 ,10PPBC, 4, 1, 187, 187, 187, 186, 186, 187, 186, 187, 190, 191, 189, 189, 189, 189, 187, 187, 187, 187, 186, 188, 186, 185, 184, 184
2010,14108020,108,CH4 ,10PPBC, 4, 2, 184, 183, 183, 183, 182, 183, 182, 182, 184, 183, 183, 185, 185, 187, 205, 192, 188, 190, 195, 195, 195, 189, 189, 189
2010,14108020,108,CH4 ,10PPBC, 4, 3, 188, 191, 189, 189, 188, 189, 189, 189, 190, 189, 190, 190, 190, 189, 188, 190, 188, 188, 189, 194, 192, 191, 190, 191
2010,14108020,108,CH4 ,10PPBC, 4, 4, 194, 195, 195, 193, 192, 191, 191, 191, 191, 190, 191, 192, 194, 191, 191, 191, 192, 192, 201, 196, 195, 195, 195, 194
2010,14108020,108,CH4 ,10PPBC, 4, 5, 194, 192, 193, 193, 192, 191, 192, 194, 193, 195, 197, 196, 196, 198, 197, 197, 196, 197, 195, 196, 196, 198, 199, 200
2010,14108020,108,CH4 ,10PPBC, 4, 6, 199, 199, 198, 197, 199, 198, 197, 196, 188, 188, 189, 190, 190,9999,9999, 189, 189, 191, 192, 191, 191, 189, 188, 187
2010,14108020,108,CH4 ,10PPBC, 4, 7, 186, 185, 184, 184, 185, 185, 185, 196, 194, 193, 196, 196, 190, 189, 194, 189, 189, 192, 192, 189, 193, 189, 188, 191
2010,14108020,108,CH4 ,10PPBC, 4, 8, 192, 192, 190, 190, 191, 190, 191, 191, 191, 192, 191, 192, 191, 192, 191, 192, 191, 191, 191, 191, 190, 190, 192, 196
2010,14108020,108,CH4 ,10PPBC, 4, 9, 192, 192, 191, 190, 195, 201, 198, 196, 201, 197, 195, 193, 190, 191, 190, 188, 188, 188, 190, 190, 192, 189, 193, 197
2010,14108020,108,CH4 ,10PPBC, 4,10,9999, 194, 194, 192, 191, 190, 191, 191, 192, 205, 223, 212, 198, 195, 194, 189, 186, 186, 190, 190, 194, 186, 186, 186
2010,14108020,108,CH4 ,10PPBC, 4,11, 186, 186, 186, 186, 185, 186, 186, 186, 189, 189, 190, 194, 198, 194, 188, 187, 186, 186, 190, 193, 195, 190, 188, 190
2010,14108020,108,CH4 ,10PPBC, 4,12, 192, 192, 191, 190, 190, 189, 190, 190, 188, 189,9999,9999, 188, 188, 188, 187, 185, 186, 186, 187, 186, 186, 186, 185
2010,14108020,108,CH4 ,10PPBC, 4,13, 184, 183, 182, 183, 183, 184, 185, 184, 186, 186, 186, 186, 185, 185, 185, 186, 185, 184, 184, 183, 183, 183, 183, 183
2010,14108020,108,CH4 ,10PPBC, 4,14, 184, 189, 189, 187, 186, 186, 187, 187, 188, 189, 189, 187, 188, 188, 189, 189, 188, 188, 187, 187, 188, 192, 191, 191
2010,14108020,108,CH4 ,10PPBC, 4,15, 190, 189, 189, 188, 188, 188, 188, 187, 190, 191, 189, 188, 189, 190, 189, 190, 191, 190, 188, 191, 190, 189, 199, 195
2010,14108020,108,CH4 ,10PPBC, 4,16, 193, 189, 187, 188, 190, 191, 189, 189, 187, 187, 188, 191, 193, 194, 188, 190, 188, 188, 187, 189, 188, 188, 188, 188
2010,14108020,108,CH4 ,10PPBC, 4,17, 188, 187, 186, 186, 186, 187, 186, 185, 188, 187, 187, 187, 186, 186, 189, 188, 188, 188, 188, 187, 188, 196, 201, 203
2010,14108020,108,CH4 ,10PPBC, 4,18, 205, 203, 192, 192, 191, 193, 206, 199, 199, 198, 197, 196, 194, 193, 190, 190, 190, 191, 192, 192, 191, 191, 191, 191
2010,14108020,108,CH4 ,10PPBC, 4,19, 191, 190, 195, 196, 194, 195, 195, 195, 200, 200, 198,9999,9999, 190, 190, 192, 190, 191, 190, 192, 195, 193, 191, 188
2010,14108020,108,CH4 ,10PPBC, 4,20, 188, 187, 187, 187, 187, 186, 186, 185, 196, 188, 188, 185, 186, 187, 192, 191, 188, 189, 186, 187, 190, 198, 196, 190
2010,14108020,108,CH4 ,10PPBC, 4,21, 204, 195, 192, 193, 192, 194, 197, 196, 197, 197, 203, 204, 197, 191, 194, 189, 189, 187, 190, 187, 186, 186, 190, 191
2010,14108020,108,CH4 ,10PPBC, 4,22, 198, 197, 193, 190, 190, 191, 190, 191, 193, 193, 192, 192, 191, 190, 190, 189, 189, 189, 194, 207, 195, 189, 188, 187
2010,14108020,108,CH4 ,10PPBC, 4,23, 186, 186, 187, 187, 187, 186, 187, 187, 189, 189, 194, 194, 191, 195, 191, 191, 189, 194, 194, 193, 188, 186, 187, 187
2010,14108020,108,CH4 ,10PPBC, 4,24, 187, 187, 186, 186, 186, 187, 187, 188, 190, 192, 189, 188, 187, 187, 188, 190, 194, 193, 191, 192, 190, 192, 191, 191
2010,14108020,108,CH4 ,10PPBC, 4,25, 191, 190, 188, 189, 192, 193, 194, 195, 197, 194, 194, 190, 189, 189, 190, 190, 190, 190, 189, 190, 190, 190, 190, 190
2010,14108020,108,CH4 ,10PPBC, 4,26, 191, 194, 193, 192, 191, 192, 193, 192, 192, 200,9999, 191, 191, 191, 190, 190, 190, 190, 190, 188, 206, 210, 207, 195
2010,14108020,108,CH4 ,10PPBC, 4,27, 195, 193, 193, 200, 194, 194, 193, 194, 194, 196, 208, 201, 199, 195, 188, 187, 187, 187, 187, 190, 187, 186, 186, 185
2010,14108020,108,CH4 ,10PPBC, 4,28, 185, 185, 185, 186, 196, 186, 185, 183, 195, 189, 187, 186, 187, 187, 187, 187, 187, 188, 188, 189, 188, 189, 192, 193
2010,14108020,108,CH4 ,10PPBC, 4,29, 192, 191, 191, 191, 187, 184, 184, 185, 186, 184, 183, 183, 183, 184, 184, 185, 185, 186, 186, 187, 187, 187, 187, 187
2010,14108020,108,CH4 ,10PPBC, 4,30, 190, 190, 190, 190, 189, 189, 190, 194, 189, 189, 188, 189, 190, 189, 190, 190, 190, 189, 190, 190, 188, 190, 191, 191
2010,14108020,108,CH4 ,10PPBC, 4,31,9998,9998,9998,9998,9998,9998,9998,9998,9998,9998,9998,9998,9998,9998,9998,9998,9998,9998,9998,9998,9998,9998,9998,9998
2010,14108020,108,CH4 ,10PPBC, 5, 1, 191, 192, 190, 189, 192, 192, 190, 190, 191, 189, 189, 187, 188, 187, 187, 187, 187, 187, 188, 188, 189, 189, 190, 191
2010,14108020,108,CH4 ,10PPBC, 5, 2, 191, 192, 192, 193, 193, 192, 192, 193, 199, 199, 196, 194, 192, 189, 189, 187, 187, 187, 187, 188, 188, 188, 188, 189
2010,14108020,108,CH4 ,10PPBC, 5, 3, 189, 188, 188, 191, 193, 198, 197, 198, 199, 200, 198, 191, 188, 187, 187, 186, 186, 186, 186, 186, 187, 185, 185, 185
2010,14108020,108,CH4 ,10PPBC, 5, 4, 186, 186, 185, 186, 185, 186, 186, 186, 187, 186, 187, 186, 185, 185, 186, 186, 186, 186, 186, 185, 185, 186, 186, 186
2010,14108020,108,CH4 ,10PPBC, 5, 5, 185, 184, 184, 186, 186, 186, 191, 191, 193, 193, 192, 194, 198, 188, 185, 185, 184, 185, 185, 185, 185, 184, 184, 184
2010,14108020,108,CH4 ,10PPBC, 5, 6, 184, 184, 184, 183, 183, 182, 182, 182, 184, 182, 185, 181, 182, 181, 183, 182, 182, 182, 184, 184, 185, 181, 180, 180
2010,14108020,108,CH4 ,10PPBC, 5, 7, 180, 180, 180, 179, 180, 179, 179, 179, 184, 181, 183, 182, 181, 182, 181, 183, 181, 181, 181, 180, 178, 182, 176, 179
2010,14108020,108,CH4 ,10PPBC, 5, 8, 185, 186, 185, 184, 184, 189, 188, 187, 188, 189, 187, 185, 187, 188, 187, 188, 186, 186, 187, 187, 187, 184, 184, 184
2010,14108020,108,CH4 ,10PPBC, 5, 9, 184, 183, 184, 185, 192, 192, 191, 191, 202, 198, 191, 190, 190, 188, 188, 188, 189, 189, 188, 188, 189, 197, 189, 188
2010,14108020,108,CH4 ,10PPBC, 5,10,9999,9999, 188, 190, 193, 193, 192, 193, 193, 193, 193, 193, 191, 192, 192, 190,9999,9999,9999, 191, 194, 193, 194, 189
2010,14108020,108,CH4 ,10PPBC, 5,11, 189, 188, 188, 188, 186, 185, 186, 187, 185, 189, 187, 190, 195, 186, 187, 187, 193, 192, 191, 189, 192, 188, 190, 191
2010,14108020,108,CH4 ,10PPBC, 5,12, 190, 189, 189, 188, 188, 188, 188, 188, 189, 197, 193,9999,9999,9999,9999, 187, 187, 188, 189, 189, 190, 191, 191, 194
2010,14108020,108,CH4 ,10PPBC, 5,13, 192, 192, 192, 191, 190, 189, 190, 190, 189, 189, 189, 189, 189, 188, 190, 192, 192, 193, 192, 189, 190, 190, 190, 190
2010,14108020,108,CH4 ,10PPBC, 5,14, 190, 190, 190, 190, 189, 189, 190, 190, 190, 196, 190, 190, 190, 190, 190, 190, 189, 193, 197, 190, 190, 191, 192, 191
2010,14108020,108,CH4 ,10PPBC, 5,15,9999, 185, 189, 192, 191, 189, 187, 187, 187, 188, 188, 186, 187, 187, 187, 187, 187, 186, 187, 188, 188, 188, 189, 190
2010,14108020,108,CH4 ,10PPBC, 5,16, 188, 187, 188, 188, 189, 189, 190, 187, 187, 186, 186, 186, 185, 185, 185, 185, 184, 184, 185, 185, 186, 186, 186, 186
2010,14108020,108,CH4 ,10PPBC, 5,17, 186, 188, 192, 193, 193, 193, 192, 191, 190, 193,9999,9999, 191, 190, 190, 189, 189, 190, 190, 190, 197, 189, 186, 186
2010,14108020,108,CH4 ,10PPBC, 5,18,9999, 184, 185, 185, 186, 185, 188, 184, 187, 186, 187, 187, 186, 186, 186, 187, 188, 186, 186, 186, 185, 185, 183, 183
2010,14108020,108,CH4 ,10PPBC, 5,19, 183, 183, 183, 183, 183, 183, 183, 183, 186, 186, 185, 187, 185, 185, 186, 186, 186, 185, 189, 187, 187, 185, 182, 182
2010,14108020,108,CH4 ,10PPBC, 5,20, 181, 181, 181, 181, 181, 181, 181, 182, 183, 181, 181, 181, 181, 184, 184, 187, 188, 188, 191, 188, 189, 189, 188, 188
2010,14108020,108,CH4 ,10PPBC, 5,21,9999, 190, 189, 189, 191, 196, 194, 192, 191, 192, 194, 193, 194, 191, 189, 191, 191, 192, 189, 189, 190, 189, 188, 188
2010,14108020,108,CH4 ,10PPBC, 5,22, 189, 190, 213, 203, 209, 219, 203, 199, 196, 195, 196, 199, 197, 197, 196, 196, 194, 196, 195, 194, 193, 192, 190, 190
2010,14108020,108,CH4 ,10PPBC, 5,23, 190, 189, 197, 197, 207, 191, 196, 211, 214, 214, 207, 197, 195, 194, 192, 187, 196, 198, 200, 196, 193, 188, 195, 201
2010,14108020,108,CH4 ,10PPBC, 5,24,9999, 199, 194, 186, 187, 187, 187, 187, 187, 186, 186, 186,9999,9999,9999,9999,9999, 191, 186, 178, 176, 180, 182, 182
2010,14108020,108,CH4 ,10PPBC, 5,25, 183, 183, 183, 183, 183, 183, 184, 184, 196, 187, 187, 186, 186, 189, 187, 188, 188, 189, 190, 190, 191, 188, 185, 185
2010,14108020,108,CH4 ,10PPBC, 5,26, 185, 184, 184, 184, 184, 184, 184, 188, 189, 191, 189, 194, 190, 188, 183, 183, 183, 183, 187, 189, 183, 183, 185, 188
2010,14108020,108,CH4 ,10PPBC, 5,27,9999, 186, 186, 182, 184, 188, 187, 185, 186, 186, 185, 187, 186, 187, 187, 191, 189, 188, 188, 189, 185, 185, 185, 185
2010,14108020,108,CH4 ,10PPBC, 5,28, 184, 186, 184, 184, 184, 184, 184, 188, 189, 188, 185, 184, 185, 184, 185, 187, 186, 185, 183, 183, 183, 183, 183, 183
2010,14108020,108,CH4 ,10PPBC, 5,29, 182, 182, 184, 192, 193, 190, 188, 189, 186, 186, 187, 186, 188, 190, 187, 186, 185, 186, 187, 190, 186, 186, 185, 185
2010,14108020,108,CH4 ,10PPBC, 5,30,9999, 187, 187, 184, 187, 187, 187, 188, 188, 189, 189, 187, 184, 183, 183, 187, 185, 185, 183, 183, 184, 183, 183, 183
2010,14108020,108,CH4 ,10PPBC, 5,31, 184, 187, 188, 187, 189, 192, 187, 186, 186, 186, 185, 182, 183, 183, 185, 186, 186, 184, 182, 182, 182, 181, 181, 182
2010,14108020,108,CH4 ,10PPBC, 6, 1, 186, 188, 186, 190, 188, 184, 185, 184, 184, 185,9999,9999,9999, 184, 183, 185, 183, 184, 184, 183, 184, 188, 189, 187
2010,14108020,108,CH4 ,10PPBC, 6, 2, 186, 185, 186, 187, 186, 184, 182, 184, 183, 184, 186, 187, 186, 188, 186, 186, 187, 189, 187, 188, 194, 186, 185, 183
2010,14108020,108,CH4 ,10PPBC, 6, 3, 184, 184, 186, 189, 187, 195, 198, 198, 188, 186, 186, 186, 185, 183, 183, 182, 184, 182, 181, 181, 182, 183, 183, 182
2010,14108020,108,CH4 ,10PPBC, 6, 4, 182, 182, 183, 183, 183, 184, 184, 184, 182, 182, 182, 182, 182, 182, 182, 181, 181, 181, 181, 181, 181, 181, 182, 183
2010,14108020,108,CH4 ,10PPBC, 6, 5, 185, 186, 186, 187, 187, 188, 188, 188, 195, 195, 191, 191, 188, 190, 191, 194, 190, 187, 187, 194, 194, 190, 192, 187
2010,14108020,108,CH4 ,10PPBC, 6, 6, 186, 187, 191, 212, 203, 196, 194, 189, 190, 187, 188, 186, 185, 184, 184, 185, 184, 183, 183, 183, 184, 184, 184, 185
2010,14108020,108,CH4 ,10PPBC, 6, 7, 184, 185, 185, 186, 192, 190, 190, 190, 193, 189, 188, 185, 184, 183, 185, 188, 186, 189, 184, 183, 183, 183, 184, 184
2010,14108020,108,CH4 ,10PPBC, 6, 8, 183, 184, 187, 191, 188, 190, 192, 194, 189, 190,9999, 192, 190, 189, 185, 191, 187, 184, 184, 184, 183, 184, 186, 185
2010,14108020,108,CH4 ,10PPBC, 6, 9, 195, 192, 188, 189, 190, 187, 189, 191, 193, 194, 191, 188, 192, 191, 187, 185, 187, 191, 197, 190, 188, 191, 193, 190
2010,14108020,108,CH4 ,10PPBC, 6,10, 190, 189, 189, 188, 188, 189, 189, 188, 196, 194, 196, 187, 189, 185, 181, 187, 186, 185, 184, 183, 189, 185, 195, 188
2010,14108020,108,CH4 ,10PPBC, 6,11, 188, 193, 196, 196, 186, 186, 186, 192, 186, 184, 187, 185, 185, 188, 186, 188, 188, 184, 182, 181, 181, 182, 182, 182
2010,14108020,108,CH4 ,10PPBC, 6,12, 182, 181, 181, 181, 181, 182, 182, 184, 184, 184, 185, 185, 183, 186, 184, 183, 184, 183, 184, 186, 186, 182, 180, 180
2010,14108020,108,CH4 ,10PPBC, 6,13, 180, 180, 180, 181, 180, 181, 181, 181, 181, 181, 181, 181, 181, 181, 181, 181, 182, 182, 182, 182, 182, 182, 182, 182
2010,14108020,108,CH4 ,10PPBC, 6,14, 182, 182, 182, 185, 183, 181, 184, 184, 185, 184, 192, 191, 190, 191, 188, 186, 185, 183, 184, 183, 184, 184, 184, 184
2010,14108020,108,CH4 ,10PPBC, 6,15, 185, 185, 185, 186, 184, 183, 184, 185, 184, 186, 184, 183, 186,9999, 187, 189, 191, 190, 189, 187, 189, 185, 185, 185
2010,14108020,108,CH4 ,10PPBC, 6,16, 185, 185, 182, 172, 170, 169, 170, 169, 173, 175, 177, 177, 179, 182, 183, 185, 188, 186, 186, 186, 188, 190, 184, 185
2010,14108020,108,CH4 ,10PPBC, 6,17, 185, 184, 188, 183, 188, 191, 192, 187, 186, 185, 190, 192, 189, 189, 189, 188, 189, 189, 191, 186, 188, 185, 182, 179
2010,14108020,108,CH4 ,10PPBC, 6,18, 179, 178, 178, 179, 178, 179, 186, 191, 189, 190, 184, 186, 185, 183, 180, 177, 176, 176, 177, 180, 180, 182, 178, 170
2010,14108020,108,CH4 ,10PPBC, 6,19, 170, 170, 170, 169, 169, 169, 170, 179, 188, 187, 201, 188, 176, 178, 180, 180, 179, 180, 181, 178, 175, 173, 171, 172
2010,14108020,108,CH4 ,10PPBC, 6,20, 171, 170, 170, 170, 171, 170, 171, 172, 172, 172, 173, 173, 173, 172, 172, 174, 173, 173, 173, 174, 174, 173, 171, 172
2010,14108020,108,CH4 ,10PPBC, 6,21, 173, 173, 172, 171, 171, 171, 173, 173, 177, 177, 178,9999, 174, 174, 173, 172, 172, 176, 178, 178, 180, 179, 178, 177
2010,14108020,108,CH4 ,10PPBC, 6,22, 174, 174, 175, 175, 174, 174, 175, 176, 180, 180, 177, 178, 177, 177, 177, 181, 180, 178, 183, 184, 182, 183, 179, 175
2010,14108020,108,CH4 ,10PPBC, 6,23, 174, 174, 175, 175, 176, 175, 174, 173, 175, 174, 175, 174, 173, 175, 176, 174, 178, 178, 183, 182, 177, 178, 186, 184
2010,14108020,108,CH4 ,10PPBC, 6,24, 183, 184, 184, 185, 186, 189, 186, 188, 192, 191, 214, 204, 193, 192, 197, 198, 199, 197, 198, 197, 192, 193, 192, 188
2010,14108020,108,CH4 ,10PPBC, 6,25, 188, 189, 189, 187, 186, 185, 188, 194, 200, 200, 202, 205, 201, 195, 198, 192, 186, 186, 192, 187, 182, 186, 180, 179
2010,14108020,108,CH4 ,10PPBC, 6,26, 181, 180, 180, 178, 178, 178, 179, 176, 178, 178, 178, 178, 179, 178, 179, 178, 182, 181, 179, 178, 180, 180, 176, 175
2010,14108020,108,CH4 ,10PPBC, 6,27, 174, 174, 174, 174, 174, 174, 174, 174, 174, 174, 174, 173, 173, 173, 173, 173, 173, 173, 173, 173, 173, 173, 173, 173
2010,14108020,108,CH4 ,10PPBC, 6,28, 172, 172, 173, 173, 173, 174, 178, 183, 188, 190, 193, 187, 197, 187, 183, 181, 181, 181, 186, 190, 188, 190, 186, 186
2010,14108020,108,CH4 ,10PPBC, 6,29, 187, 187, 189, 190, 191, 190, 191, 189, 193, 197, 203, 189,9999, 191, 192, 183, 187, 185, 189, 182, 177, 173, 177, 186
2010,14108020,108,CH4 ,10PPBC, 6,30, 185, 185, 193, 186, 181, 180, 177, 178, 180, 178, 179, 181, 188, 179, 178, 179, 182, 186, 182, 187, 183, 181, 180, 178
2010,14108020,108,CH4 ,10PPBC, 6,31,9998,9998,9998,9998,9998,9998,9998,9998,9998,9998,9998,9998,9998,9998,9998,9998,9998,9998,9998,9998,9998,9998,9998,9998
2010,14108020,108,CH4 ,10PPBC, 7, 1,9999, 178, 177, 177, 177, 178, 178, 179, 182, 180, 176, 176, 176, 177, 179, 176, 181, 179, 175, 181, 184, 181, 177, 177
2010,14108020,108,CH4 ,10PPBC, 7, 2, 179, 184, 183, 182, 183, 185, 186, 192, 191, 181, 176, 177, 177, 179, 177, 182, 178, 179, 179, 181, 180, 181, 180, 175
2010,14108020,108,CH4 ,10PPBC, 7, 3, 175, 175, 176, 176, 177, 177, 177, 181, 181, 181, 181, 182, 184, 181, 182, 182, 182, 180, 180, 180, 174, 173, 173, 171
2010,14108020,108,CH4 ,10PPBC, 7, 4, 171, 171, 171, 172, 174, 178, 181, 185, 185, 184, 189, 192, 188, 186, 185, 181, 181, 182, 181, 181, 183, 186, 185, 192
2010,14108020,108,CH4 ,10PPBC, 7, 5, 194, 200, 196, 197, 189, 185, 187, 191, 192, 196, 199, 193, 193,9999, 187, 183, 186, 184, 187, 189, 197, 191, 186, 182
2010,14108020,108,CH4 ,10PPBC, 7, 6, 181, 180, 181, 182, 185, 187, 188, 189, 186, 182, 183, 182, 183, 184, 187, 187, 191, 194, 197, 199, 197, 194, 191, 189
2010,14108020,108,CH4 ,10PPBC, 7, 7, 188, 188, 188, 188, 189, 189, 192, 205, 197, 189, 190, 191, 194, 195, 194, 192, 191, 191, 191, 189, 192, 192, 183, 182
2010,14108020,108,CH4 ,10PPBC, 7, 8, 182, 182, 181, 181, 182, 183, 188, 190, 188, 186, 182, 186, 189, 192, 192, 192, 189, 187, 184, 183, 186, 183, 181, 175
2010,14108020,108,CH4 ,10PPBC, 7, 9, 176, 176, 176, 176, 176, 177, 178, 179, 182, 185, 186, 189, 184, 183, 181, 182, 183, 181, 183, 175, 177, 175, 174, 173
2010,14108020,108,CH4 ,10PPBC, 7,10, 176, 176, 177, 177, 178, 178, 178, 179, 181, 180, 181, 184, 182, 183, 184, 185, 185, 184, 189, 192, 185, 188, 185, 185
2010,14108020,108,CH4 ,10PPBC, 7,11, 189, 192, 193, 195, 196, 196, 195, 193, 193, 195, 188, 184, 184, 178, 176, 176, 174, 172, 172, 171, 172, 171, 171, 171
2010,14108020,108,CH4 ,10PPBC, 7,12, 171, 171, 171, 171, 171, 171, 171, 172, 174, 174,9999, 175, 174, 174, 174, 175, 174, 175, 175, 174, 175, 175, 174, 172
2010,14108020,108,CH4 ,10PPBC, 7,13, 172, 173, 173, 174, 174, 175, 177, 174, 177, 175, 176, 178, 174, 174, 177, 177, 177, 189, 190, 191, 193, 195, 194, 205
2010,14108020,108,CH4 ,10PPBC, 7,14, 211, 193, 200, 203, 181, 176, 174, 174, 178, 175, 177, 177, 176, 177, 176, 176, 177, 179, 179, 176, 177, 180, 175, 173
2010,14108020,108,CH4 ,10PPBC, 7,15, 173, 173, 173, 173, 173, 174, 174, 174, 181, 177, 177, 176, 178, 177, 176, 178, 177, 178, 179, 176, 178, 179, 177, 175
2010,14108020,108,CH4 ,10PPBC, 7,16, 174, 175, 174, 175, 174, 174, 175, 177, 178, 179, 177, 178, 179, 177, 176, 178, 177, 177, 181, 178, 182, 180, 176, 175
2010,14108020,108,CH4 ,10PPBC, 7,17, 174, 174, 174, 174, 174, 175, 175, 175, 177, 178, 178, 179, 178, 180, 179, 181, 177, 179, 181, 182, 181, 181, 178, 176
2010,14108020,108,CH4 ,10PPBC, 7,18, 175, 175, 175, 175, 176, 176, 176, 176, 176, 175, 175, 175, 175, 175, 175, 175, 174, 175, 175, 175, 175, 175, 175, 175
2010,14108020,108,CH4 ,10PPBC, 7,19, 175, 175, 175, 175, 175, 175, 175, 176, 176, 176, 175, 177, 175, 175, 175, 174, 175, 176, 176, 175, 175, 176, 176, 176
2010,14108020,108,CH4 ,10PPBC, 7,20, 175, 176, 176, 176, 176, 176, 178, 181, 182, 180,9999,9999, 177, 178, 177, 180, 177, 181, 178, 183, 183, 185, 176, 173
2010,14108020,108,CH4 ,10PPBC, 7,21, 173, 174, 174, 174, 174, 174, 176, 186, 190, 187, 189, 200, 185, 179, 179, 177, 177, 179, 178, 182, 181, 181, 179, 174
2010,14108020,108,CH4 ,10PPBC, 7,22, 174, 175, 175, 176, 177, 176, 176, 178, 179, 176, 177, 176, 176, 177, 177, 178, 178, 179, 181, 177, 176, 176, 175, 172
2010,14108020,108,CH4 ,10PPBC, 7,23, 176, 176, 176, 177, 178, 177, 184, 186, 185, 185, 189, 191, 189, 185, 182, 180, 180, 179, 182, 175, 175, 172, 172, 172
2010,14108020,108,CH4 ,10PPBC, 7,24, 175, 175, 175, 176, 177, 182, 185, 188, 193, 191, 189, 186, 185, 182, 182, 181, 180, 179, 178, 183, 178, 180, 177, 178
2010,14108020,108,CH4 ,10PPBC, 7,25, 178, 178, 179, 179, 179, 178, 178, 174, 173, 173, 172, 172, 172, 172, 173, 174, 175, 176, 175, 173, 175, 176, 178, 179
2010,14108020,108,CH4 ,10PPBC, 7,26, 181, 187, 185, 181, 180, 180, 183, 187, 187, 184, 177, 176, 175,9999, 176, 174, 176, 177, 179, 175, 178, 177, 179, 178
2010,14108020,108,CH4 ,10PPBC, 7,27, 175, 172, 172, 172, 172, 172, 172, 172, 174, 175, 176, 174, 174, 174, 173, 175, 175, 177, 174, 175, 176, 176, 173, 172
2010,14108020,108,CH4 ,10PPBC, 7,28, 172, 171, 172, 172, 172, 172, 172, 174, 175, 175, 176, 176, 176, 176, 177, 175, 176, 179, 177, 179, 178, 180, 176, 174
2010,14108020,108,CH4 ,10PPBC, 7,29, 174, 174, 174, 174, 174, 174, 175, 174, 178, 180, 176, 176, 173, 176, 176, 174, 175, 174, 173, 173, 174, 172, 171, 170
2010,14108020,108,CH4 ,10PPBC, 7,30, 170, 169, 169, 169, 169, 169, 169, 170, 175, 173, 173, 170, 173, 174, 173, 172, 173, 172, 174, 173, 181, 176, 174, 171
2010,14108020,108,CH4 ,10PPBC, 7,31, 172, 173, 173, 173, 174, 175, 176, 177, 176, 177, 175, 173, 173, 172, 176, 177, 178, 181, 180, 178, 181, 184, 177, 174
2010,14108020,108,CH4 ,10PPBC, 8, 1, 175, 175, 175, 175, 175, 176, 176, 176, 176, 175, 174, 174, 175, 176, 177, 178, 178, 178, 177, 173, 172, 172, 173, 172
2010,14108020,108,CH4 ,10PPBC, 8, 2, 171, 171, 171, 171, 172, 173, 172, 172, 173, 175, 175, 174, 173, 172, 172, 175, 172, 177, 174, 177, 178, 176, 172, 171
2010,14108020,108,CH4 ,10PPBC, 8, 3, 170, 170, 170, 170, 170, 170, 171, 173, 174, 174, 173,9999, 172, 174, 174, 172, 171, 170, 172, 171, 173, 173, 173, 170
2010,14108020,108,CH4 ,10PPBC, 8, 4, 171, 170, 171, 171, 171, 171, 171, 175, 173, 174, 174, 174, 175, 174, 174, 173, 174, 176, 177, 177, 177, 178, 173, 170
2010,14108020,108,CH4 ,10PPBC, 8, 5, 170, 170, 170, 170, 170, 171, 171, 172, 176, 175, 175, 175, 174, 175, 176, 175, 174, 175, 178, 176, 175, 178, 172, 171
2010,14108020,108,CH4 ,10PPBC, 8, 6, 171, 171, 171, 171, 171, 172, 172, 174, 175, 177, 174, 175, 175, 178, 175, 175, 179, 181, 177, 177, 180, 181, 179, 177
2010,14108020,108,CH4 ,10PPBC, 8, 7, 177, 176, 176, 177, 177, 178, 179, 178, 181, 181, 182, 180, 180, 180, 179, 178, 177, 177, 177, 176, 176, 176, 175, 173
2010,14108020,108,CH4 ,10PPBC, 8, 8, 172, 172, 172, 172, 172, 173, 172, 172, 172, 172, 172, 172, 172, 171, 172, 172, 172, 172, 172, 172, 172, 172, 171, 171
2010,14108020,108,CH4 ,10PPBC, 8, 9, 171, 171, 171, 171, 171, 172, 172, 173, 174, 176, 175, 183, 176, 176, 174, 179, 177, 178, 180, 181, 179, 178, 173, 172
2010,14108020,108,CH4 ,10PPBC, 8,10, 171, 172, 172, 173, 172, 174, 173, 172, 173, 171, 174, 171, 170, 172, 176, 174, 175, 177, 173, 172, 177, 177, 171, 171
2010,14108020,108,CH4 ,10PPBC, 8,11, 171, 170, 171, 170, 170, 170, 170, 175, 175, 172, 173,9999, 173, 173, 172, 173, 171, 172, 172, 173, 175, 174, 169, 168
2010,14108020,108,CH4 ,10PPBC, 8,12, 168, 168, 168, 168, 169, 168, 169, 169, 171, 171, 172, 171, 171, 173, 176, 175, 174, 176, 174, 176, 175, 179, 173, 173
2010,14108020,108,CH4 ,10PPBC, 8,13, 173, 172, 172, 173, 174, 174, 174, 175, 175, 179, 180, 179, 182, 185, 181, 176, 176, 181, 180, 179, 180, 177, 174, 175
2010,14108020,108,CH4 ,10PPBC, 8,14, 177, 184, 179, 172, 171, 171, 173, 170, 175, 175, 173, 173, 172, 173, 172, 174, 173, 174, 173, 174, 175, 174, 173, 171
2010,14108020,108,CH4 ,10PPBC, 8,15, 171, 171, 171, 171, 171, 171, 171, 171, 171, 170, 170, 170, 171, 171, 171, 172, 171, 171, 171, 171, 171, 170, 170, 170
2010,14108020,108,CH4 ,10PPBC, 8,16, 171, 171, 172, 172, 172, 175, 180, 183, 180, 177, 176, 172, 176, 182, 182, 182, 179, 181, 187, 183, 176, 173, 172, 173
2010,14108020,108,CH4 ,10PPBC, 8,17, 174, 193, 178, 179, 188, 180, 182, 203, 206, 208, 197, 185, 182, 181, 183, 179, 180, 174, 182, 178, 175, 174, 175, 177
2010,14108020,108,CH4 ,10PPBC, 8,18, 176, 175, 178, 187, 186, 184, 187, 194, 193, 190,9999,9999, 187, 178, 177, 173, 174, 175, 175, 177, 186, 181, 184, 187
2010,14108020,108,CH4 ,10PPBC, 8,19,9999, 179, 182, 180, 180, 180, 181, 182, 182, 181, 180, 185, 181, 186, 186, 184, 179, 179, 178, 179, 183, 188, 190, 188
2010,14108020,108,CH4 ,10PPBC, 8,20, 187, 188, 186, 189, 188, 186, 186, 187, 187, 188, 193, 189, 188, 183, 183, 182, 184, 183, 183, 184, 184, 182, 186, 186
2010,14108020,108,CH4 ,10PPBC, 8,21, 185, 186, 191, 195, 194, 198, 193, 188, 185, 185, 186, 184, 183, 181, 181, 183, 183, 184, 186, 185, 186, 187, 179, 178
2010,14108020,108,CH4 ,10PPBC, 8,22, 178, 178, 178, 178, 178, 178, 178, 178, 178, 178, 178, 178, 177, 177, 177, 177, 176, 176, 177, 177, 177, 176, 176, 176
2010,14108020,108,CH4 ,10PPBC, 8,23, 176, 176, 176, 176, 176, 176, 177, 177, 177, 180, 179, 177, 179, 177, 177, 178, 180, 182, 183, 183, 181, 180, 178, 176
2010,14108020,108,CH4 ,10PPBC, 8,24, 176, 176, 176, 176, 176, 176, 176, 178, 180, 179, 181, 181, 179, 181,9999, 179, 181, 181, 181, 179, 183, 181, 180, 177
2010,14108020,108,CH4 ,10PPBC, 8,25, 177, 177, 177, 176, 176, 177, 178, 177, 181, 178, 180, 179, 175, 177, 181, 180, 179, 180, 181, 180, 183, 185, 177, 175
2010,14108020,108,CH4 ,10PPBC, 8,26, 175, 175, 175, 181, 179, 177, 176, 177, 179, 177, 176, 177, 177, 179, 180, 179, 181, 181, 183, 184, 184, 184, 182, 178
2010,14108020,108,CH4 ,10PPBC, 8,27, 178, 178, 177, 177, 179, 185, 188, 187, 185, 186, 184, 178, 178, 176, 177, 176, 175, 176, 180, 175, 178, 178, 173, 170
2010,14108020,108,CH4 ,10PPBC, 8,28, 171, 170, 170, 170, 171, 171, 171, 172, 172, 173, 174, 175, 174, 175, 173, 175, 174, 177, 177, 177, 177, 179, 174, 172
2010,14108020,108,CH4 ,10PPBC, 8,29, 172, 172, 172, 172, 172, 172, 175, 175, 174, 172, 172, 171, 172, 171, 171, 170, 170, 170, 170, 171, 171, 171, 171, 171
2010,14108020,108,CH4 ,10PPBC, 8,30, 171, 171, 171, 172, 179, 188, 191, 195, 205, 201, 188, 181, 180, 187, 182, 178, 174, 180, 180, 178, 173, 170, 173, 171
2010,14108020,108,CH4 ,10PPBC, 8,31, 170, 170, 172, 172, 174, 179, 185, 183, 175, 178, 179, 176, 175,9999, 173, 173, 173, 176, 180, 180, 186, 172, 171, 171
2010,14108020,108,CH4 ,10PPBC, 9, 1, 170, 171, 171, 170, 170, 170, 171, 172, 172, 170, 170, 171, 171, 172, 174, 177, 180, 184, 184, 179, 180, 181, 178, 178
2010,14108020,108,CH4 ,10PPBC, 9, 2, 178, 178, 178, 178, 179, 180, 180, 179, 179, 178, 178, 179, 180, 181, 181, 181, 185, 184, 182, 180, 184, 185, 179, 176
2010,14108020,108,CH4 ,10PPBC, 9, 3, 176, 176, 176, 176, 177, 178, 179, 181, 179, 180, 179, 179, 178, 177, 179, 176, 180, 180, 181, 179, 183, 182, 176, 175
2010,14108020,108,CH4 ,10PPBC, 9, 4, 174, 174, 175, 176, 178, 181, 182, 196, 204, 193, 185, 183, 183, 179, 178, 180, 176, 175, 176, 186, 182, 184, 178, 177
2010,14108020,108,CH4 ,10PPBC, 9, 5, 176, 175, 175, 176, 176, 176, 176, 175, 174, 175, 175, 175, 175, 176, 179, 179, 177, 174, 174, 174, 174, 174, 174, 173
2010,14108020,108,CH4 ,10PPBC, 9, 6, 173, 172, 172, 170, 170, 170, 172, 175, 173, 174, 174,9999, 173, 171, 172, 173, 175, 176, 176, 177, 176, 177, 173, 170
2010,14108020,108,CH4 ,10PPBC, 9, 7, 169, 169, 169, 168, 168, 168, 169, 168, 170, 170, 171, 170, 170, 170, 170, 171, 170, 171, 170, 170, 170, 170, 169, 169
2010,14108020,108,CH4 ,10PPBC, 9, 8, 168, 168, 168, 168, 168, 174, 179, 182, 187, 192, 181, 171, 170, 170, 170, 172, 175, 181, 179, 179, 177, 178, 177, 178
2010,14108020,108,CH4 ,10PPBC, 9, 9, 179, 180, 180, 180, 181, 183, 182, 182, 183, 182, 183, 184, 186, 186, 186, 186, 186, 185, 192, 182, 185, 188, 182, 188
2010,14108020,108,CH4 ,10PPBC, 9,10, 189, 194, 200, 186, 185, 186, 184, 184, 184, 186, 184, 186, 186, 184, 184, 184, 185, 185, 185, 185, 182, 186, 182, 179
2010,14108020,108,CH4 ,10PPBC, 9,11, 179, 179, 179, 179, 177, 178, 179, 178, 181, 181, 184, 182, 182, 181, 182, 183, 179, 185, 190, 189, 186, 186, 183, 178
2010,14108020,108,CH4 ,10PPBC, 9,12, 179, 178, 179, 181, 182, 181, 181, 185, 191, 188, 188, 190, 182, 181, 183, 180, 180, 180, 180, 179, 185, 179, 177, 177
2010,14108020,108,CH4 ,10PPBC, 9,13, 174, 171, 171, 169, 169, 174, 182, 184, 182, 184,9999,9999, 186, 181, 180, 181, 187, 179, 182, 193, 195, 186, 184, 183
2010,14108020,108,CH4 ,10PPBC, 9,14, 187, 180, 181, 181, 188, 187, 182, 182, 182, 183, 183, 182, 183, 183, 184, 187, 189, 188, 188, 185, 186, 185, 184, 187
2010,14108020,108,CH4 ,10PPBC, 9,15, 194, 190, 185, 187, 190, 193, 192, 191, 190, 190, 191, 192, 188, 188, 187, 187, 187, 187, 187, 186, 189, 191, 195, 192
2010,14108020,108,CH4 ,10PPBC, 9,16, 190, 191, 189, 188, 189, 190, 190, 189, 187, 186, 186, 186, 186, 186, 187, 188, 187, 187, 189, 187, 188, 186, 189, 190
2010,14108020,108,CH4 ,10PPBC, 9,17, 191, 193, 193, 194, 195, 193, 194, 192, 191, 198, 192, 189, 188, 187, 186, 184, 188, 190, 191, 184, 186, 186, 188, 194
2010,14108020,108,CH4 ,10PPBC, 9,18, 204, 202, 196, 194, 194, 190, 192, 192, 200, 192, 189, 187, 185, 185, 184, 184, 184, 184, 184, 185, 186, 186, 186, 187
2010,14108020,108,CH4 ,10PPBC, 9,19, 191, 189, 193, 188, 188, 189, 188, 188, 188, 186, 185, 182, 183, 182, 182, 184, 183, 182, 182, 183, 182, 182, 184, 185
2010,14108020,108,CH4 ,10PPBC, 9,20, 185, 185, 185, 191, 189, 185, 189, 193, 193, 189, 183, 182, 182, 183, 183, 183, 183, 184, 184, 184, 184, 184, 185, 186
2010,14108020,108,CH4 ,10PPBC, 9,21, 187, 192, 196, 197, 197, 194, 195, 199, 197, 196, 194, 194, 193,9999, 187, 189, 189, 193, 199, 189, 185, 200, 189, 187
2010,14108020,108,CH4 ,10PPBC, 9,22, 188, 190, 191, 190, 186, 185, 186, 186, 185, 184, 184, 183, 184, 185, 184, 182, 184, 185, 183, 180, 179, 183, 187, 188
2010,14108020,108,CH4 ,10PPBC, 9,23, 190, 192, 194, 211, 209, 198, 206, 211, 187, 188, 195, 190, 190, 188, 188, 188, 192, 188, 188, 188, 189, 188, 188, 189
2010,14108020,108,CH4 ,10PPBC, 9,24, 189, 189, 186, 188, 189, 188, 189, 191, 189, 188, 192, 190, 193, 192, 189, 188, 188, 187, 187, 188, 188, 189, 189, 189
2010,14108020,108,CH4 ,10PPBC, 9,25, 188, 187, 187, 186, 186, 186, 186, 185, 186, 185, 185, 185, 185, 185, 187, 189, 192, 191, 195, 193, 193, 192, 191, 191
2010,14108020,108,CH4 ,10PPBC, 9,26, 192, 192, 194, 196, 197, 199, 200, 198, 201, 208, 198, 195, 193, 192, 189, 197, 189, 190, 194, 193, 195, 196, 192, 196
2010,14108020,108,CH4 ,10PPBC, 9,27, 194, 196, 193, 190, 194, 191, 193, 191, 189, 188, 189, 187, 186, 186, 186, 186, 186, 186, 187, 187, 188, 190, 190, 188
2010,14108020,108,CH4 ,10PPBC, 9,28, 188, 191, 187, 186, 186, 186, 186, 187, 193, 193, 200, 209,9999,9999,9999, 187, 189, 195, 190, 196, 197, 201, 204, 197
2010,14108020,108,CH4 ,10PPBC, 9,29, 197, 193, 192, 193, 192, 189, 190, 188, 188, 187, 189, 190, 196, 193, 198, 190, 188, 189, 189, 189, 191, 194, 201, 194
2010,14108020,108,CH4 ,10PPBC, 9,30, 199, 201, 199, 198, 194, 194, 194, 194, 194, 196, 195, 195, 195, 198, 201, 200, 202, 209, 192, 196, 188, 196, 197, 192
2010,14108020,108,CH4 ,10PPBC, 9,31,9998,9998,9998,9998,9998,9998,9998,9998,9998,9998,9998,9998,9998,9998,9998,9998,9998,9998,9998,9998,9998,9998,9998,9998
2010,14108020,108,CH4 ,10PPBC,10, 1, 194, 192, 199, 190, 191, 191, 192, 192, 191, 191, 191, 190, 194, 193, 190, 195, 196, 205, 188, 187, 190, 192, 193, 190
2010,14108020,108,CH4 ,10PPBC,10, 2, 187, 187, 199, 196, 191, 194, 190, 195, 194, 188, 189, 189, 189, 187, 186, 188, 197, 187, 186, 189, 194, 201, 193, 189
2010,14108020,108,CH4 ,10PPBC,10, 3, 192, 203, 196, 194, 195, 195, 195, 195, 195, 194, 197, 202, 198, 195, 191, 193, 192, 197, 204, 204, 195, 193, 202, 195
2010,14108020,108,CH4 ,10PPBC,10, 4, 190, 189, 194, 189, 194, 205, 202, 198, 197, 199, 198,9999,9999, 202, 202, 207, 211, 211, 211, 198, 193, 192, 189, 191
2010,14108020,108,CH4 ,10PPBC,10, 5, 192, 194, 193, 195, 193, 194, 197, 192, 190, 191, 189, 189, 189, 188, 198, 195, 193, 196, 195, 192, 190, 197, 195, 199
2010,14108020,108,CH4 ,10PPBC,10, 6, 197, 196, 197, 192, 192, 190, 190, 190, 190, 191, 190, 194, 196, 189, 193, 188, 188, 189, 189, 189, 188, 188, 193, 191
2010,14108020,108,CH4 ,10PPBC,10, 7, 190, 190, 192, 192, 192, 193, 195, 195, 194, 192, 192, 192, 190, 189, 189, 189, 189, 189, 189, 189, 191, 193, 191, 193
2010,14108020,108,CH4 ,10PPBC,10, 8, 192, 191, 192, 191, 191, 191, 190, 191, 196, 189, 189, 189, 188, 188, 188, 188, 188, 190, 196, 195, 193, 195, 188, 190
2010,14108020,108,CH4 ,10PPBC,10, 9, 193, 203, 192, 193, 191, 190, 190, 190, 190, 190, 190, 189, 189, 188, 188, 189, 188, 187, 187, 186, 189, 190, 190, 189
2010,14108020,108,CH4 ,10PPBC,10,10, 188, 188, 189, 190, 189, 189, 188, 188, 191, 189, 188, 187, 192, 195, 195, 192, 192, 184, 185, 187, 187, 188, 194, 190
2010,14108020,108,CH4 ,10PPBC,10,11, 190, 190, 190, 196, 194, 190, 187, 192, 195, 191, 189, 194, 193, 187, 185, 185, 186, 188, 191, 191, 189, 186, 189, 188
2010,14108020,108,CH4 ,10PPBC,10,12, 189, 198, 224, 196, 195, 200, 197, 185, 184, 185,9999, 199, 194, 186, 191, 183, 184, 188, 188, 188, 186, 191, 192, 198
2010,14108020,108,CH4 ,10PPBC,10,13, 196, 198, 202, 202, 201, 199, 199, 200, 200, 199, 200, 192, 188, 186, 185, 185, 185, 184, 192, 193, 194, 198, 193, 199
2010,14108020,108,CH4 ,10PPBC,10,14, 200, 196, 196, 195, 191, 196, 191, 192, 193, 189, 187, 187, 186, 187, 188, 186, 187, 189, 193, 188, 187, 188, 201, 192
2010,14108020,108,CH4 ,10PPBC,10,15, 188, 190, 189, 190, 189, 190, 193, 193, 192, 187, 187, 187, 186, 186, 186, 186, 192, 189, 188, 189, 188, 191, 200, 201
2010,14108020,108,CH4 ,10PPBC,10,16, 202, 200, 192, 190, 190, 188, 190, 193, 188, 190, 189, 189, 188, 187, 189, 189, 189, 189, 189, 188, 189, 191, 191, 189
2010,14108020,108,CH4 ,10PPBC,10,17, 194, 200, 200, 196, 190, 189, 191, 191, 191, 191, 191, 191, 194, 195, 193, 190, 192, 190, 191, 196, 195, 196, 199, 197
2010,14108020,108,CH4 ,10PPBC,10,18, 191, 192, 192, 193, 192, 194, 193, 194, 194, 193, 191,9999,9999, 185, 184, 185, 184, 183, 187, 192, 186, 185, 185, 195
2010,14108020,108,CH4 ,10PPBC,10,19, 188, 187, 187, 188, 189, 189, 189, 190, 189, 189, 187, 187, 187, 186, 187, 190, 186, 190, 188, 189, 188, 190, 190, 190
2010,14108020,108,CH4 ,10PPBC,10,20, 189, 189, 188, 188, 188, 189, 189, 189, 188, 190, 190, 190, 191, 191, 190, 192, 192, 191, 191, 192, 194, 197, 196, 192
2010,14108020,108,CH4 ,10PPBC,10,21, 192, 191, 191, 190, 190, 190, 193, 194, 195, 195, 194, 192, 193, 190, 188, 188, 190, 190, 188, 190, 190, 192, 192, 190
2010,14108020,108,CH4 ,10PPBC,10,22, 190, 189, 186, 186, 185, 185, 186, 186, 186, 186, 187, 187, 184, 185, 184, 184, 185, 185, 185, 184, 185, 185, 186, 189
2010,14108020,108,CH4 ,10PPBC,10,23, 191, 188, 187, 188, 188, 188, 189, 189, 190, 189, 185, 187, 190, 188, 185, 185, 185, 190, 195, 190, 188, 186, 188, 188
2010,14108020,108,CH4 ,10PPBC,10,24, 210, 196, 191, 189, 187, 190, 191, 193, 193, 194, 197, 198, 197, 199, 202, 198, 213, 195, 194, 189, 188, 189, 189, 190
2010,14108020,108,CH4 ,10PPBC,10,25, 192, 194, 190, 188, 187, 188, 188, 188, 187, 187, 190,9999,9999,9999, 204, 198, 208, 206, 195, 196, 202, 203, 199, 225
2010,14108020,108,CH4 ,10PPBC,10,26, 214, 196, 193, 194, 210, 204, 204, 195, 193, 187, 189, 191, 188, 190, 189, 188, 189, 189, 190, 191, 191, 191, 190, 190
2010,14108020,108,CH4 ,10PPBC,10,27, 190, 190, 189, 189, 189, 189, 189, 189, 190, 191, 192, 193, 194, 195, 195, 195, 193, 192, 191, 191, 192, 197, 195, 193
2010,14108020,108,CH4 ,10PPBC,10,28, 197, 196, 193, 192, 192, 191, 191, 191, 190, 190, 190, 189, 189, 189, 189, 189, 189, 189, 188, 188, 189, 189, 189, 188
2010,14108020,108,CH4 ,10PPBC,10,29, 189, 189, 191, 191, 191, 191, 197, 197, 191, 190, 189, 189, 190, 192, 191, 194, 191, 189, 189, 189, 189, 189, 190, 194
2010,14108020,108,CH4 ,10PPBC,10,30, 193, 193, 193, 192, 191, 190, 190, 189, 190, 190, 191, 190, 190, 189, 188, 188, 188, 187, 188, 187, 187, 186, 186, 186
2010,14108020,108,CH4 ,10PPBC,10,31, 186, 186, 187, 186, 187, 187, 187, 188, 188, 188, 189, 190, 189, 189, 188, 189, 188, 189, 189, 191, 192, 193, 198, 191
2010,14108020,108,CH4 ,10PPBC,11, 1, 187, 192, 192, 187, 185, 185, 185, 185, 185, 185, 185, 184, 184, 185, 185, 187, 187, 184, 185, 184, 184, 186, 192, 194
2010,14108020,108,CH4 ,10PPBC,11, 2, 189, 187, 187, 189, 190, 191, 188, 190, 188, 188, 189, 189, 188,9999,9999, 188, 187, 184, 185, 188, 186, 187, 190, 189
2010,14108020,108,CH4 ,10PPBC,11, 3, 187, 187, 186, 187, 188, 188, 188, 189, 190, 189, 189, 190, 195, 191, 190, 188, 187, 188, 191, 190, 190, 192, 192, 190
2010,14108020,108,CH4 ,10PPBC,11, 4, 191, 190, 189, 189, 189, 191, 190, 190, 191, 194, 197, 198, 195, 188, 189, 189, 190, 197, 191, 197, 207, 201, 212, 209
2010,14108020,108,CH4 ,10PPBC,11, 5, 200, 193, 192, 192, 193, 192, 192, 192, 192, 191, 195, 193, 190, 187, 187, 187, 186, 190, 191, 194, 197, 189, 200, 203
2010,14108020,108,CH4 ,10PPBC,11, 6, 197, 196, 195, 192, 191, 191, 194, 196, 199, 195, 193, 204, 205, 191, 189, 191, 193, 194, 197, 197, 203, 210, 200, 209
2010,14108020,108,CH4 ,10PPBC,11, 7, 202, 194, 193, 191, 191, 189, 188, 190, 189, 189, 190, 191, 197, 196, 194, 192, 197, 198, 199, 197, 196, 195, 204, 211
2010,14108020,108,CH4 ,10PPBC,11, 8, 204, 197, 192, 190, 192, 194, 194, 194, 193, 194, 196, 192, 198, 195, 196, 196, 195, 200, 190, 191, 186, 188, 194, 202
2010,14108020,108,CH4 ,10PPBC,11, 9, 198, 199, 202, 190, 183, 183, 183, 184, 186, 185, 185, 184, 184, 184, 185, 186, 187, 188, 189, 190, 191, 190, 188, 188
2010,14108020,108,CH4 ,10PPBC,11,10, 188, 187, 187, 189, 190, 188, 192, 199, 201, 192,9999, 188, 189, 187, 187, 187, 186, 186, 188, 189, 189, 190, 190, 192
2010,14108020,108,CH4 ,10PPBC,11,11, 193, 191, 191, 191, 191, 189, 190, 191, 194, 196, 197, 195, 193, 191, 189, 190, 192, 191, 195, 194, 193, 202, 208, 209
2010,14108020,108,CH4 ,10PPBC,11,12, 209, 211, 201, 198, 197, 197, 196, 196, 205, 208, 204, 194, 190, 190, 192, 191, 189, 195, 189, 197, 195, 191, 197, 199
2010,14108020,108,CH4 ,10PPBC,11,13, 201, 198, 193, 194, 196, 200, 198, 197, 196, 195, 195, 195, 195, 199, 190, 191, 192, 196, 192, 189, 195, 206, 206, 199
2010,14108020,108,CH4 ,10PPBC,11,14, 195, 195, 195, 195, 196, 197, 199, 196, 194, 198, 204, 198, 210, 200, 193, 193, 194, 197, 207, 199, 200, 204, 204, 205
2010,14108020,108,CH4 ,10PPBC,11,15, 203, 215, 209, 207, 203, 200, 197, 193, 191, 190, 192, 197, 196, 195, 189, 189, 188, 188, 190, 189, 188, 189, 191, 187
2010,14108020,108,CH4 ,10PPBC,11,16, 189, 189, 194, 194, 190, 191, 191, 190, 191, 189, 190, 192, 190, 190, 191,9999, 188, 188, 187, 187, 187, 187, 188, 192
2010,14108020,108,CH4 ,10PPBC,11,17, 198, 197, 195, 192, 192, 193, 191, 189, 192, 191, 189, 188, 188, 187, 186, 187, 187, 187, 187, 186, 187, 188, 187, 187
2010,14108020,108,CH4 ,10PPBC,11,18, 187, 189, 189, 189, 188, 187, 188, 190, 190, 190, 189, 188, 189, 197, 188, 187, 187, 189, 189, 190, 191, 191, 190, 191
2010,14108020,108,CH4 ,10PPBC,11,19, 191, 189, 188, 187, 187, 186, 188, 190, 190, 189, 188, 189, 190, 205, 190, 191, 202, 197, 190, 190, 193, 198, 202, 204
2010,14108020,108,CH4 ,10PPBC,11,20, 198, 194, 194, 191, 190, 190, 190, 190, 191, 191, 191, 199, 298, 190, 191, 188, 188, 191, 198, 207, 212, 205, 197, 195
2010,14108020,108,CH4 ,10PPBC,11,21, 193, 192, 190, 190, 189, 189, 188, 189,9999,9999,9999,9999,9999,9999,9999,9999,9999,9999,9999,9999,9999,9999,9999,9999
2010,14108020,108,CH4 ,10PPBC,11,22,9999,9999,9999,9999,9999,9999,9999,9999,9999,9999,9999,9999,9999,9999, 193, 196, 193, 192, 191, 191, 193, 192, 194, 194
2010,14108020,108,CH4 ,10PPBC,11,23, 196, 189, 187, 187, 186, 184, 184, 183, 184, 184, 185, 186, 187, 188, 189, 190, 190, 191, 196, 195, 191, 192, 190, 192
2010,14108020,108,CH4 ,10PPBC,11,24, 191, 190, 190, 189, 190, 191, 192, 194, 193, 191, 192, 196, 194, 193, 193, 191, 192, 192, 199, 205, 196, 197, 199, 194
2010,14108020,108,CH4 ,10PPBC,11,25, 208, 208, 208, 202, 198, 197, 197, 197, 196, 199, 199, 200, 210, 205, 207, 197, 197, 206, 207, 201, 200, 199, 198, 195
2010,14108020,108,CH4 ,10PPBC,11,26, 196, 196, 208, 193, 192, 192, 193, 194, 197, 194, 195, 195, 196, 202, 204, 209, 200, 192, 200, 191, 188, 189, 191, 193
2010,14108020,108,CH4 ,10PPBC,11,27, 190, 191, 191, 191, 190, 189, 190, 190, 191, 191, 193, 195, 196, 194, 189, 190, 191, 190, 190, 192, 190, 193, 199, 205
2010,14108020,108,CH4 ,10PPBC,11,28, 207, 201, 195, 198, 186, 187, 187, 187, 188, 189, 189, 189, 189, 188, 188, 189, 191, 189, 190, 193, 191, 191, 191, 191
2010,14108020,108,CH4 ,10PPBC,11,29, 191, 194, 190, 189, 189, 190, 193, 197, 202, 205, 204, 200,9999, 192, 189, 191, 193, 192, 192, 193, 195, 198, 194, 194
2010,14108020,108,CH4 ,10PPBC,11,30, 195, 196, 197, 194, 193, 193, 192, 192, 192, 192, 200, 196, 192, 192, 194, 194, 203, 210, 204, 199, 197, 193, 190, 192
2010,14108020,108,CH4 ,10PPBC,11,31,9998,9998,9998,9998,9998,9998,9998,9998,9998,9998,9998,9998,9998,9998,9998,9998,9998,9998,9998,9998,9998,9998,9998,9998
2010,14108020,108,CH4 ,10PPBC,12, 1, 197, 199, 201, 200, 200, 201, 202, 206, 206, 198, 210, 212, 199, 203, 200, 195, 195, 206, 191, 198, 194, 195, 207, 216
2010,14108020,108,CH4 ,10PPBC,12, 2, 211, 201, 198, 198, 196, 196, 196, 196, 200, 199, 198, 198, 199, 205, 204, 200, 202, 202, 203, 201, 203, 207, 207, 205
2010,14108020,108,CH4 ,10PPBC,12, 3, 205, 204, 203, 203, 193, 183, 182, 182, 183, 183, 184, 186, 187, 187, 187, 186, 185, 185, 186, 188, 189, 190, 189, 188
2010,14108020,108,CH4 ,10PPBC,12, 4, 188, 188, 188, 188, 188, 188, 189, 191, 193, 191, 190, 189, 191, 191, 190, 190, 191, 193, 194, 193, 195, 194, 192, 192
2010,14108020,108,CH4 ,10PPBC,12, 5, 192, 193, 192, 191, 192, 190, 189, 189, 193, 200, 203, 209, 211, 203, 193, 193, 194, 202, 196, 222, 203, 209, 216, 205
2010,14108020,108,CH4 ,10PPBC,12, 6, 200, 198, 196, 194, 194, 195, 197, 196, 197, 196, 199,9999,9999,9999, 195, 193, 194, 198, 202, 192, 194, 199, 201, 205
2010,14108020,108,CH4 ,10PPBC,12, 7, 204, 203, 202, 202, 211, 207, 213, 209, 210, 204, 200, 196, 193, 190, 190, 192, 193, 191, 190, 190, 194, 192, 189, 189
2010,14108020,108,CH4 ,10PPBC,12, 8, 189, 188, 188, 187, 186, 186, 187, 187, 189, 188, 188, 199, 187, 187, 188, 188, 188, 189, 192, 192, 191, 192, 193, 195
2010,14108020,108,CH4 ,10PPBC,12, 9, 193, 192, 191, 189, 189, 190, 190, 191, 189, 190, 193, 192, 190, 188, 189, 190, 192, 191, 190, 190, 191, 192, 192, 195
2010,14108020,108,CH4 ,10PPBC,12,10, 194, 195, 193, 191, 190, 192, 191, 192, 192, 192, 193, 193, 192, 190, 190, 191, 196, 195, 218, 195, 190, 190, 198, 199
2010,14108020,108,CH4 ,10PPBC,12,11, 198, 194, 191, 197, 209, 204, 194, 187, 189, 191, 189, 190, 188, 187, 186, 186, 186, 186, 189, 190, 187, 186, 186, 187
2010,14108020,108,CH4 ,10PPBC,12,12, 189, 196, 195, 195, 194, 193, 191, 190, 190, 191, 190, 191, 196, 199, 195, 191, 192, 192, 191, 196, 199, 191, 191, 194
2010,14108020,108,CH4 ,10PPBC,12,13, 193, 193, 193, 193, 192, 193, 192, 192, 193, 192, 191,9999,9999, 187, 186, 186, 185, 185, 186, 186, 188, 189, 188, 189
2010,14108020,108,CH4 ,10PPBC,12,14, 191, 195, 193, 190, 188, 187, 185, 185, 186, 189, 191, 189, 190, 195, 189, 189, 185, 185, 187, 188, 195, 193, 199, 190
2010,14108020,108,CH4 ,10PPBC,12,15, 186, 185, 182, 181, 181, 183, 183, 185, 189, 188, 188, 191, 187, 188, 186, 188, 192, 191, 192, 186, 185, 185, 185, 185
2010,14108020,108,CH4 ,10PPBC,12,16, 185, 185, 184, 184, 189, 188, 190, 189, 187, 184, 185, 186, 187, 190, 188, 186, 192, 194, 193, 191, 190, 191, 190, 192
2010,14108020,108,CH4 ,10PPBC,12,17, 191, 192, 192, 192, 188, 186, 189, 190, 190, 188, 186, 186, 187, 193, 189, 189, 191, 188, 187, 195, 190, 196, 191, 214
2010,14108020,108,CH4 ,10PPBC,12,18, 206, 203, 199, 191, 190, 190, 188, 196, 189, 189, 186, 192, 196, 197, 200, 203, 195, 188, 188, 189, 189, 191, 189, 188
2010,14108020,108,CH4 ,10PPBC,12,19, 188, 187, 188, 187, 187, 189, 190, 191, 191, 190, 192, 192, 190, 194, 189, 189, 193, 191, 188, 195, 197, 199, 198, 194
2010,14108020,108,CH4 ,10PPBC,12,20, 193, 193, 192, 191, 190, 189, 190, 191, 187, 187,9999, 185, 185, 184, 183, 198, 213, 210, 205, 199, 194, 193, 194, 194
2010,14108020,108,CH4 ,10PPBC,12,21, 195, 204, 212, 208, 199, 197, 195, 193, 192, 194, 195, 197, 195, 194, 194, 194, 193, 193, 192, 191, 189, 188, 187, 187
2010,14108020,108,CH4 ,10PPBC,12,22, 188, 189, 191, 190, 187, 184, 183, 183, 184, 184, 184, 182, 183, 184, 183, 184, 189, 186, 186, 190, 196, 192, 196, 192
2010,14108020,108,CH4 ,10PPBC,12,23, 188, 190, 188, 187, 190, 187, 186, 185, 185, 183, 184, 184, 183, 183, 184, 184, 185, 186, 187, 188, 192, 190, 193, 191
2010,14108020,108,CH4 ,10PPBC,12,24, 190, 191, 194, 187, 184, 184, 184, 184, 186, 185, 185, 186, 186, 186, 186, 186, 185, 187, 188, 190, 189, 191, 190, 187
2010,14108020,108,CH4 ,10PPBC,12,25, 189, 189, 188, 186, 184, 183, 181, 181, 181, 181, 182, 182, 183, 184, 184, 184, 184, 183, 183, 182, 182, 182, 181, 181
2010,14108020,108,CH4 ,10PPBC,12,26, 181, 180, 180, 181, 181, 181, 181, 180, 180, 181, 181, 181, 182, 182, 182, 182, 182, 182, 182, 182, 182, 183, 184, 183
2010,14108020,108,CH4 ,10PPBC,12,27, 182, 182, 182, 182, 182, 182, 182, 182, 183, 184, 186, 187, 186, 187, 187, 187, 196, 193, 192, 188, 189, 189, 199, 197
2010,14108020,108,CH4 ,10PPBC,12,28, 193, 192, 194, 190, 186, 187, 185, 186, 188, 195, 198, 188, 187, 187, 186, 188, 185, 185, 186, 184, 186, 184, 183, 189
2010,14108020,108,CH4 ,10PPBC,12,29, 192, 192, 188, 191, 192, 189, 190, 188, 188, 190, 190, 188, 187, 189, 190, 187, 187, 189, 188, 187, 187, 187, 186, 187
2010,14108020,108,CH4 ,10PPBC,12,30, 189, 189, 189, 189, 188, 187, 188, 193, 191, 185, 188, 187, 185, 186, 184, 190, 197, 190, 187, 186, 186, 187, 189, 191
2010,14108020,108,CH4 ,10PPBC,12,31, 193, 192, 194, 192, 191, 192, 190, 187, 187, 185, 184, 183, 183, 183, 183, 183, 184, 185, 189, 193, 187, 187, 187, 185
2010,14108020,108,CH4 ,10PPBC, 1, 1, 187, 187, 185, 184, 186, 186, 186, 183, 184, 186, 184, 187, 190, 190, 190, 187, 187, 187, 187, 187, 190, 194, 195, 195
2010,14108020,108,CH4 ,10PPBC, 1, 2, 191, 183, 183, 182, 189, 194, 195, 192, 193, 193, 189, 192, 191, 190, 190, 189, 189, 189, 191, 190, 187, 186, 186, 187
2010,14108020,108,CH4 ,10PPBC, 1, 3, 184, 185, 185, 188, 187, 187, 187, 187, 187, 188, 187, 188, 187, 192, 191, 187, 189, 190, 187, 196, 199, 199, 201, 199
2010,14108020,108,CH4 ,10PPBC, 1, 4, 191, 188, 185, 186, 186, 184, 184, 185, 187, 187, 186, 185, 184, 185, 185, 186, 187, 187, 187, 188, 188, 187, 187, 187
2010,14108020,108,CH4 ,10PPBC, 1, 5, 187, 186, 186, 186, 185, 185, 184, 185, 187, 188, 189, 186, 187, 189, 186, 187, 187, 186, 188, 187, 186, 191, 185, 185
2010,14108020,108,CH4 ,10PPBC, 1, 6, 184, 182, 181, 181, 181, 184, 187, 186, 185, 184, 184, 184, 186,9999,9999, 187, 190, 188, 189, 189, 190, 191, 187, 187
2010,14108020,108,CH4 ,10PPBC, 1, 7, 186, 186, 186, 185, 185, 186, 186, 187, 186, 186, 186, 187, 188, 189, 189, 189, 190, 190, 189, 190, 190, 189, 187, 186
2010,14108020,108,CH4 ,10PPBC, 1, 8, 187, 187, 187, 187, 187, 188, 187, 187, 188, 190, 194, 191, 192, 191, 193, 196, 192, 191, 201, 207, 191, 192, 193, 199
2010,14108020,108,CH4 ,10PPBC, 1, 9, 200, 200, 191, 187, 185, 184, 184, 185, 185, 184, 184, 185, 185, 185, 185, 186, 192, 193, 198, 185, 185, 188, 188, 189
2010,14108020,108,CH4 ,10PPBC, 1,10, 187, 187, 187, 188, 188, 188, 188, 188, 188, 187, 187, 188, 188, 190, 190, 191, 190, 190, 190, 190, 190, 191, 191, 190
2010,14108020,108,CH4 ,10PPBC, 1,11, 189, 187, 187, 187, 188, 188, 188, 189, 189, 189, 194, 196, 196, 194,9999, 192, 190, 192, 194, 190, 191, 192, 199, 192
2010,14108020,108,CH4 ,10PPBC, 1,12, 194, 194, 199, 196, 195, 193, 193, 192, 193, 193, 197, 196, 203, 199, 197, 196, 196, 196, 197, 188, 188, 188, 188, 189
2010,14108020,108,CH4 ,10PPBC, 1,13, 188, 189, 187, 186, 186, 186, 186, 187, 188, 188, 188, 188, 188, 189, 190, 192, 193, 191, 191, 190, 191, 191, 191, 191
2010,14108020,108,CH4 ,10PPBC, 1,14, 190, 190, 189, 189, 190, 192, 194, 198, 201, 197, 197, 194, 195, 193, 192, 193, 193, 190, 195, 197, 197, 208, 211, 203
2010,14108020,108,CH4 ,10PPBC, 1,15, 200, 196, 194, 194, 193, 194, 201, 201, 204, 204, 205, 195, 188, 187, 189, 198, 190, 186, 192, 193, 194, 197, 198, 194
2010,14108020,108,CH4 ,10PPBC, 1,16, 192, 191, 190, 190, 191, 189, 185, 185, 185, 185, 186, 186, 187, 187, 187, 188, 188, 188, 188, 189, 189, 188, 187, 186
2010,14108020,108,CH4 ,10PPBC, 1,17, 186, 185, 185, 185, 185, 184, 184, 185, 186, 185,9999,9999, 187, 187, 188, 189, 191, 191, 190, 191, 191, 190, 191, 191
2010,14108020,108,CH4 ,10PPBC, 1,18, 191, 196, 193, 193, 196, 195, 208, 209, 205, 200, 190, 192, 191, 190, 190, 190, 190, 198, 193, 192, 191, 205, 203, 192
2010,14108020,108,CH4 ,10PPBC, 1,19, 191, 192, 190, 189, 190, 190, 192, 194, 196, 189, 189, 193, 197, 193, 191, 190, 189, 190, 196, 194, 196, 188, 188, 188
2010,14108020,108,CH4 ,10PPBC, 1,20, 203, 201, 200, 196, 194, 188, 190, 190, 191, 193, 190, 189, 189, 189, 188, 188, 190, 189, 189, 188, 188, 187, 188, 188
2010,14108020,108,CH4 ,10PPBC, 1,21, 188, 187, 187, 186, 186, 185, 186, 186, 187, 188, 187, 187, 187, 187, 189, 189, 189, 190, 193, 192, 201, 198, 195, 193
2010,14108020,108,CH4 ,10PPBC, 1,22, 191, 188, 189, 186, 186, 187, 187, 188, 189, 189, 193, 196, 191, 190, 189, 188, 187, 187, 201, 191, 199, 194, 192, 198
2010,14108020,108,CH4 ,10PPBC, 1,23, 198, 199, 199, 196, 196, 197, 196, 200, 201, 199, 196, 203, 207, 202, 196, 193, 192, 196, 193, 192, 191, 193, 192, 195
2010,14108020,108,CH4 ,10PPBC, 1,24, 194, 194, 188, 190, 192, 190, 192, 192, 195, 200, 197, 193, 194,9999, 197, 201, 200, 199, 196, 194, 194, 193, 191, 192
2010,14108020,108,CH4 ,10PPBC, 1,25, 193, 194, 193, 192, 192, 191, 192, 193, 194, 192, 191, 191, 192, 193, 192, 193, 193, 193, 193, 193, 191, 190, 190, 191
2010,14108020,108,CH4 ,10PPBC, 1,26, 191, 191, 192, 192, 194, 194, 193, 191, 193, 197, 195, 195, 195, 194, 195, 193, 194, 191, 190, 190, 192, 191, 192, 191
2010,14108020,108,CH4 ,10PPBC, 1,27, 191, 191, 190, 191, 193, 192, 202, 199, 198, 193, 200, 197, 195, 192, 192, 191, 191, 192, 192, 192, 191, 191, 190, 190
2010,14108020,108,CH4 ,10PPBC, 1,28, 190, 189, 189, 191, 192, 192, 196, 195, 190, 191, 189, 189, 190, 191, 192, 193, 193, 192, 190, 190, 190, 189, 190, 190
2010,14108020,108,CH4 ,10PPBC, 1,29, 188, 188, 188, 187, 188, 188, 189, 188, 189, 191, 191, 189, 192, 190, 190, 190, 189, 192, 188, 197, 198, 200, 205, 197
2010,14108020,108,CH4 ,10PPBC, 1,30, 198, 195, 194, 193, 191, 186, 184, 185, 186, 185, 187, 188, 188, 189, 188, 187, 187, 188, 190, 196, 189, 189, 189, 189
2010,14108020,108,CH4 ,10PPBC, 1,31, 191, 190, 191, 191, 190, 191, 192, 193, 191, 188, 188, 188, 189, 190,9999,9999,9999, 186, 186, 185, 189, 191, 196, 200
2010,14108020,108,CH4 ,10PPBC, 2, 1, 194, 197, 198, 198, 194, 189, 187, 186, 188, 188, 185, 187, 188, 188, 188, 190, 196, 198, 189, 187, 187, 188, 189, 187
2010,14108020,108,CH4 ,10PPBC, 2, 2, 187, 186, 186, 186, 187, 186, 186, 188, 192, 192, 192, 195, 190, 186, 189, 188, 189, 187, 193, 192, 190, 187, 186, 194
2010,14108020,108,CH4 ,10PPBC, 2, 3, 206, 202, 196, 193, 196, 197, 197, 198, 195, 197, 202, 194, 193, 192, 191, 191, 193, 204, 194, 190, 189, 190, 191, 191
2010,14108020,108,CH4 ,10PPBC, 2, 4, 189, 188, 188, 187, 193, 195, 194, 196, 199, 200, 203, 202, 202, 212, 203, 193, 188, 190, 193, 201, 196, 200, 209, 214
2010,14108020,108,CH4 ,10PPBC, 2, 5, 205, 208, 202, 199, 198, 195, 192, 191, 191, 190, 191, 192, 195, 197, 189, 190, 202, 196, 199, 207, 209, 216, 216, 197
2010,14108020,108,CH4 ,10PPBC, 2, 6, 196, 190, 193, 202, 199, 201, 198, 196, 197, 196, 195, 193, 193, 194, 196, 200, 204, 207, 210, 203, 206, 203, 202, 195
2010,14108020,108,CH4 ,10PPBC, 2, 7, 193, 196, 198, 196, 197, 197, 200, 196, 191, 188, 186,9999, 188, 188, 190, 196, 190, 190, 189, 189, 188, 188, 187, 186
2010,14108020,108,CH4 ,10PPBC, 2, 8, 186, 185, 185, 184, 185, 185, 192, 189, 193, 188, 189, 193, 190, 187, 187, 187, 186, 188, 197, 192, 187, 187, 187, 186
2010,14108020,108,CH4 ,10PPBC, 2, 9, 186, 185, 186, 186, 185, 184, 183, 184, 184, 184, 184, 185, 185, 186, 188, 192, 184, 187, 190, 191, 200, 191, 191, 186
2010,14108020,108,CH4 ,10PPBC, 2,10, 185, 187, 187, 185, 185, 184, 186, 186, 185, 186, 186, 186, 189, 192, 190, 188, 192, 190, 192, 190, 191, 192, 189, 189
2010,14108020,108,CH4 ,10PPBC, 2,11, 187, 187, 187, 186, 189, 187, 188, 187, 186, 187, 188, 187, 188, 188, 186, 185, 184, 184, 185, 186, 186, 186, 184, 183
2010,14108020,108,CH4 ,10PPBC, 2,12, 183, 182, 181, 182, 181, 181, 182, 183, 183, 183, 183, 184, 185, 185, 184, 186, 184, 184, 185, 185, 185, 187, 191, 194
2010,14108020,108,CH4 ,10PPBC, 2,13, 192, 188, 187, 184, 184, 186, 186, 186, 187, 188, 186, 186, 187, 188, 189, 190, 189, 191, 196, 194, 194, 191, 192, 193
2010,14108020,108,CH4 ,10PPBC, 2,14, 191, 193, 191, 189, 189, 187, 189, 192, 192, 192, 192,9999,9999, 189, 196, 198, 195, 193, 193, 192, 192, 191, 190, 189
2010,14108020,108,CH4 ,10PPBC, 2,15, 186, 184, 184, 184, 184, 186, 186, 186, 185, 191, 194, 193, 192, 192, 192, 191, 192, 191, 192, 195,9999, 195, 185, 192
2010,14108020,108,CH4 ,10PPBC, 2,16, 191, 197, 198, 185, 189, 196, 199, 197, 190, 201, 198, 205, 202, 186, 192, 195, 195, 200, 201, 209, 202, 199, 200, 208
2010,14108020,108,CH4 ,10PPBC, 2,17, 202, 201, 200, 203, 203, 208, 209, 218, 222, 228, 204, 199, 200, 198, 192, 193, 196, 198, 196, 195, 201, 200, 192, 190
2010,14108020,108,CH4 ,10PPBC, 2,18, 187, 185, 185, 185, 184, 183, 183, 185, 190, 191, 191, 190, 190, 190, 191, 190, 191, 191, 192, 192, 193, 193, 193, 193
2010,14108020,108,CH4 ,10PPBC, 2,19, 188, 187, 187, 186, 186, 185, 184, 190, 190, 190, 190, 190, 190, 190, 190, 198, 192, 186, 186, 193, 188,9999,9999, 200
2010,14108020,108,CH4 ,10PPBC, 2,20, 200, 196, 198, 196, 192, 190, 190, 191, 192, 192, 193, 193, 193, 193, 194, 194, 193, 191, 188, 189, 189, 188, 191, 191
2010,14108020,108,CH4 ,10PPBC, 2,21, 187, 187, 190, 190, 189, 191, 190, 189, 190, 189, 189,9999, 189, 189, 187, 187, 187, 187, 188, 188, 188, 188, 188, 192
2010,14108020,108,CH4 ,10PPBC, 2,22, 194, 191, 189, 189, 189, 189, 193, 195, 194, 188, 189, 192, 192, 191, 192, 194, 194, 197, 195, 198, 192, 196, 197, 189
2010,14108020,108,CH4 ,10PPBC, 2,23, 189, 189, 192, 192, 191, 191, 191, 191, 192, 192, 194, 195, 192, 192, 197, 199, 193, 196, 197, 195, 193, 207, 213, 197
2010,14108020,108,CH4 ,10PPBC, 2,24, 194, 200, 193, 201, 197, 200, 204, 202, 202, 194, 193, 196, 197, 199, 193, 189, 194, 196, 195, 203, 193, 198, 188, 187
2010,14108020,108,CH4 ,10PPBC, 2,25, 185, 184, 183, 183, 183, 183, 184, 184, 189, 186, 185, 187, 186, 188, 188, 188, 187, 187, 188, 189, 191, 191, 190, 190
2010,14108020,108,CH4 ,10PPBC, 2,26, 189, 189, 189, 189, 188, 188, 190, 190, 189, 190, 192, 193, 193, 193, 195, 196, 193, 195, 192, 191, 191, 190, 190, 190
2010,14108020,108,CH4 ,10PPBC, 2,27, 190, 191, 200, 203, 200, 199, 198, 197, 200, 198, 186, 186, 187, 187, 187, 187, 187, 187, 187, 187, 188, 195, 194, 197
2010,14108020,108,CH4 ,10PPBC, 2,28, 191, 189, 189, 188, 194, 189, 188, 194, 190, 189, 188, 187, 187,9999,9999, 190, 189, 188, 187, 188, 189, 190, 188, 187
2010,14108020,108,CH4 ,10PPBC, 2,29,9998,9998,9998,9998,9998,9998,9998,9998,9998,9998,9998,9998,9998,9998,9998,9998,9998,9998,9998,9998,9998,9998,9998,9998
2010,14108020,108,CH4 ,10PPBC, 2,30,9998,9998,9998,9998,9998,9998,9998,9998,9998,9998,9998,9998,9998,9998,9998,9998,9998,9998,9998,9998,9998,9998,9998,9998
2010,14108020,108,CH4 ,10PPBC, 2,31,9998,9998,9998,9998,9998,9998,9998,9998,9998,9998,9998,9998,9998,9998,9998,9998,9998,9998,9998,9998,9998,9998,9998,9998
2010,14108020,108,CH4 ,10PPBC, 3, 1, 186, 187, 188, 187, 189, 188, 190, 192, 192, 190, 192, 193, 186, 191, 185, 186, 196, 203, 193, 190, 190, 189, 189, 191
2010,14108020,108,CH4 ,10PPBC, 3, 2, 190, 189, 188, 196, 197, 192, 185, 185, 187, 185, 184, 184, 184, 184, 187, 187, 187, 184, 184, 185, 185, 185, 185, 185
2010,14108020,108,CH4 ,10PPBC, 3, 3, 187, 187, 185, 185, 185, 185, 186, 186, 185, 185, 185, 184, 184, 185, 186, 189, 188, 186, 186, 185, 186, 185, 186, 186
2010,14108020,108,CH4 ,10PPBC, 3, 4, 186, 186, 186, 186, 186, 186, 186, 186, 185, 185, 184, 185, 186, 186, 188, 188, 188, 188, 187, 188, 188, 189, 190, 191
2010,14108020,108,CH4 ,10PPBC, 3, 5, 189, 190, 191, 188, 188, 189, 189, 188, 186, 185, 186, 188, 187, 188, 193, 190, 188, 190, 189, 196, 207, 187, 186, 185
2010,14108020,108,CH4 ,10PPBC, 3, 6, 185, 186, 189, 192, 193, 191, 191, 191, 190, 188, 183, 184, 184, 183, 183, 183, 183, 183, 187, 201, 193, 191, 192, 194
2010,14108020,108,CH4 ,10PPBC, 3, 7, 196, 200, 195, 194, 194, 189, 188, 188, 185, 188, 190, 187, 186,9999,9999,9999, 188, 190, 189, 187, 188, 187, 188, 188
2010,14108020,108,CH4 ,10PPBC, 3, 8, 190, 191, 192, 190, 193, 194, 197, 200, 201, 204, 197, 192, 194, 198, 195, 194, 193, 194, 203, 196, 194, 197, 206, 201
2010,14108020,108,CH4 ,10PPBC, 3, 9, 206, 198, 194, 195, 194, 195, 193, 191, 196, 193, 192, 191, 191, 191, 192, 192, 190, 190, 189, 190, 189, 189, 189, 189
2010,14108020,108,CH4 ,10PPBC, 3,10, 189, 189, 189, 188, 189, 190, 191, 192, 191, 191, 190, 191, 191, 192, 191, 191, 191, 191, 191, 193, 190, 191, 191, 193
2010,14108020,108,CH4 ,10PPBC, 3,11, 197, 195, 198, 196, 192, 191, 191, 190, 191, 191, 191, 191, 190, 190, 190, 194, 194, 193, 193, 192, 191, 191, 191, 192
2010,14108020,108,CH4 ,10PPBC, 3,12, 191, 192, 194, 195, 196, 203, 197, 195, 194, 195, 192, 195, 194, 194, 195, 197, 197, 204, 204, 210, 202, 201, 197, 195
2010,14108020,108,CH4 ,10PPBC, 3,13, 193, 195, 197, 197, 197, 197, 198, 198, 198, 203, 205, 201, 197, 197, 195, 192, 190, 190, 192, 191, 192, 192, 193, 192
2010,14108020,108,CH4 ,10PPBC, 3,14, 191, 191, 191, 192, 191, 190, 190, 190, 191, 190, 190, 189, 188, 189, 189, 189, 189, 188, 190, 192, 190, 186, 186, 186
2010,14108020,108,CH4 ,10PPBC, 3,15, 186, 186, 189, 194, 193, 195, 199, 191, 193, 190, 191, 192, 192,9999, 190, 191, 195, 197, 193, 194, 196, 197, 196, 190
2010,14108020,108,CH4 ,10PPBC, 3,16, 189, 198, 196, 190, 190, 191, 194, 192, 191, 192, 189, 189, 189, 188, 188, 189, 189, 190, 190, 190, 190, 191, 191, 190
2010,14108020,108,CH4 ,10PPBC, 3,17, 190, 190, 190, 190, 190, 190, 190, 190, 190, 191, 190, 190, 188, 189, 189, 191, 189, 190, 190, 190, 190, 190, 190, 189
2010,14108020,108,CH4 ,10PPBC, 3,18, 188, 189, 188, 188, 189, 189, 189, 190, 190, 190, 192, 191, 192, 192, 191, 192, 194, 194, 195, 193, 189, 188, 188, 187
2010,14108020,108,CH4 ,10PPBC, 3,19, 187, 187, 186, 186, 186, 187, 186, 186, 186, 186, 187, 187, 188, 188, 186, 186, 187, 187, 188, 190, 193, 197, 197, 197
2010,14108020,108,CH4 ,10PPBC, 3,20, 195, 193, 191, 190, 192, 195, 192, 194, 195, 199, 204, 220, 192, 190, 190, 188, 187, 187, 186, 186, 186, 185, 184, 184
2010,14108020,108,CH4 ,10PPBC, 3,21, 184, 184, 184, 184, 184, 184, 184, 185, 194, 193, 194, 193, 197, 193, 187, 187, 191, 192, 193, 192, 193, 195, 186, 187
2010,14108020,108,CH4 ,10PPBC, 3,22, 187, 186, 186, 196, 188, 189, 189, 189, 189, 188, 190,9999, 191, 192, 193, 192, 193, 192, 192, 195, 197, 190, 192, 198
2010,14108020,108,CH4 ,10PPBC, 3,23, 200, 198, 193, 192, 191, 191, 191, 192, 190, 193, 190, 193, 195, 192, 189, 190, 195, 189, 194, 194, 191, 189, 190, 188
2010,14108020,108,CH4 ,10PPBC, 3,24, 191, 191, 194, 191, 190, 191, 188, 194, 194, 191, 189, 189, 188, 190, 188, 188, 189, 194, 189, 191, 190, 195, 191, 190
2010,14108020,108,CH4 ,10PPBC, 3,25, 192, 191, 194, 191, 189, 194, 197, 202, 193, 191, 191, 190, 190, 191, 192, 190, 189, 191, 194, 190, 188, 187, 189, 192
2010,14108020,108,CH4 ,10PPBC, 3,26, 194, 191, 190, 189, 188, 188, 190, 189, 188, 187, 188, 189, 190, 189, 190, 190, 190, 189, 189, 189, 189, 189, 188, 188
2010,14108020,108,CH4 ,10PPBC, 3,27, 187, 187, 187, 188, 187, 189, 189, 189, 190, 188, 188, 191, 289, 192, 411, 305, 191, 190, 191, 191, 190, 190, 189, 189
2010,14108020,108,CH4 ,10PPBC, 3,28, 189, 190, 192, 187, 190, 190, 190, 188, 188, 188,9999,9999, 182, 183, 183, 181, 182, 188, 190, 184, 187, 200, 188, 184
2010,14108020,108,CH4 ,10PPBC, 3,29, 183, 182, 182, 183, 186, 187, 187, 186, 189, 190, 187, 187, 185, 184, 187, 183, 183, 189, 184, 194, 187, 186, 187, 185
2010,14108020,108,CH4 ,10PPBC, 3,30, 185, 185, 186, 186, 188, 188, 186, 186, 187, 188, 190, 190, 185, 182, 185, 187, 187, 186, 181, 183, 186, 183, 185, 183
2010,14108020,108,CH4 ,10PPBC, 3,31, 183, 183, 183, 184, 182, 182, 183, 184, 186, 187, 186, 185, 184, 188, 183, 182, 182, 182, 183, 184, 184, 183, 183, 183
2010,14110510,110,CH4 ,10PPBC, 4, 1, 201, 202, 199, 192, 186, 184, 184, 184, 184, 183, 183, 183, 182, 181, 181, 182, 182, 182, 183, 183, 183, 183, 183, 183
2010,14110510,110,CH4 ,10PPBC, 4, 2, 183, 183, 182, 182, 182, 182, 182, 182, 182, 181, 182, 182, 183, 185,9999,9999, 188, 188, 188, 188, 190, 189, 190, 190
2010,14110510,110,CH4 ,10PPBC, 4, 3, 190, 188, 185, 185, 185, 185, 186, 187, 186, 187, 188, 186, 185, 184, 184, 184, 185, 185, 186, 189, 190, 190, 192, 191
2010,14110510,110,CH4 ,10PPBC, 4, 4, 192, 193, 191, 191, 192, 195, 192, 190, 190, 193, 191, 193, 191, 191, 192, 193, 194, 190, 190, 191, 191, 191, 190, 190
2010,14110510,110,CH4 ,10PPBC, 4, 5, 188, 188, 189, 188, 188, 189, 189, 191, 191, 190, 191, 189, 189, 192, 190, 191, 190, 189, 190, 189, 192, 191, 192, 193
2010,14110510,110,CH4 ,10PPBC, 4, 6, 194, 195, 192, 191, 192, 192, 191, 193, 193, 189, 187, 184, 181, 181, 181, 181, 181, 181, 181, 182, 183, 184, 185, 186
2010,14110510,110,CH4 ,10PPBC, 4, 7, 184, 181, 181, 180, 180, 180, 183, 189, 186, 187, 188, 190, 185, 192, 185,9999,9999, 186, 186, 187, 187, 187, 188, 187
2010,14110510,110,CH4 ,10PPBC, 4, 8, 188, 187, 187, 187, 187, 188, 188, 187, 187, 187, 188, 189, 187, 188, 187, 187, 188, 188, 189, 189, 188, 189, 190, 191
2010,14110510,110,CH4 ,10PPBC, 4, 9, 195, 192, 193, 190, 191, 191, 192, 193, 193, 194, 191, 187, 186, 186, 186, 185, 184, 184, 185, 186, 189, 192, 191, 196
2010,14110510,110,CH4 ,10PPBC, 4,10, 202, 194, 191, 189, 187, 188, 188, 188, 187, 188, 190, 189, 191, 187, 187, 185, 184, 183, 183, 183, 185, 185, 185, 186
2010,14110510,110,CH4 ,10PPBC, 4,11, 186, 185, 183, 184, 183, 184, 187, 188, 188, 187, 187, 186, 188, 192, 187, 184, 183, 183, 188, 186, 186, 187, 188, 187
2010,14110510,110,CH4 ,10PPBC, 4,12, 188, 187, 186, 186, 186, 185, 185, 186, 185, 187, 187, 186, 186, 186, 186, 186, 186, 186, 186, 186, 186, 185, 185, 185
2010,14110510,110,CH4 ,10PPBC, 4,13, 184, 184, 183, 184, 184, 183, 183, 184, 183, 182, 180, 180, 179, 180, 181, 181, 181, 181, 182, 182, 182, 183, 183, 184
2010,14110510,110,CH4 ,10PPBC, 4,14, 186, 188, 185, 185, 185, 185, 185, 185, 186, 186, 186, 187, 187, 187, 187,9999,9999, 187, 188, 188, 190, 188, 187, 187
2010,14110510,110,CH4 ,10PPBC, 4,15, 186, 186, 185, 185, 185, 185, 185, 185, 185, 185, 186, 190, 195, 197, 193, 193, 189, 186, 186, 188, 189, 196, 191, 192
2010,14110510,110,CH4 ,10PPBC, 4,16, 191, 190, 185, 185, 186, 185, 185, 187, 186, 186, 186, 187, 186, 186, 186, 187, 185, 186, 185, 186, 186, 186, 185, 186
2010,14110510,110,CH4 ,10PPBC, 4,17, 185, 185, 184, 184, 184, 185, 183, 183, 186, 185, 184, 183, 183, 183, 182, 185, 184, 185, 185, 186, 187, 187, 191, 192
2010,14110510,110,CH4 ,10PPBC, 4,18, 191, 190, 188, 191, 194, 196, 201, 195, 189, 187, 187, 190, 189, 187, 185, 184, 185, 186, 186, 186, 186, 188, 189, 193
2010,14110510,110,CH4 ,10PPBC, 4,19, 205, 202, 201, 191, 191, 192, 190, 190, 191, 192, 190, 186, 185, 185, 186, 186, 185, 185, 186, 186, 186, 186, 186, 186
2010,14110510,110,CH4 ,10PPBC, 4,20, 186, 186, 185, 185, 184, 183, 183, 183, 182, 182, 182, 182, 182, 182, 182, 182, 183, 183, 184, 187, 190, 189, 193, 196
2010,14110510,110,CH4 ,10PPBC, 4,21, 196, 192, 190, 190, 190, 192, 193, 193, 191, 190, 186, 185, 185, 187, 188, 183, 182, 182, 183, 184, 184, 185, 189, 188
2010,14110510,110,CH4 ,10PPBC, 4,22, 188, 188, 187, 188, 189, 189, 190, 190, 189, 189, 189, 189, 188, 188, 187, 187, 187, 187, 187, 187, 187, 187, 187, 187
2010,14110510,110,CH4 ,10PPBC, 4,23, 186, 185, 185, 185, 185, 184, 185, 185, 185, 186,9999,9999, 188, 188, 189, 190, 190, 198, 196, 198, 191, 193, 197, 203
2010,14110510,110,CH4 ,10PPBC, 4,24, 202, 196, 201, 202, 204, 204, 198, 193, 188, 188, 188, 188, 188, 188, 188, 188, 187, 188, 189, 189, 191, 193, 191, 191
2010,14110510,110,CH4 ,10PPBC, 4,25, 190, 190, 190, 193, 193, 193, 193, 191, 191, 191, 191, 191, 189, 188, 188, 187, 188, 188, 188, 189, 190, 191, 190, 190
2010,14110510,110,CH4 ,10PPBC, 4,26, 192, 195, 192, 194, 193, 195, 192, 192, 189, 191, 196, 195, 191, 190, 188, 188, 188, 187, 188, 188, 192, 193, 192, 192
2010,14110510,110,CH4 ,10PPBC, 4,27, 194, 196, 195, 191, 190, 190, 190, 191, 191, 191, 192, 192, 193, 190, 191, 192, 191, 191, 192, 194, 191, 190, 189, 188
2010,14110510,110,CH4 ,10PPBC, 4,28, 187, 188, 187, 187, 186, 187, 189, 192, 189, 188, 187, 187, 187, 186, 187, 186, 187, 187, 189, 189, 192, 194, 201, 205
2010,14110510,110,CH4 ,10PPBC, 4,29, 196, 192, 192, 190, 185, 185, 186, 185, 185, 185, 184, 184, 184, 185, 185, 185, 185, 186, 186, 187, 188, 188, 189, 190
2010,14110510,110,CH4 ,10PPBC, 4,30, 190, 190, 190, 190, 189, 189, 189, 189, 188, 191,9999, 187, 187, 187, 186, 186, 186, 187, 187, 187, 189, 190, 190, 190
2010,14110510,110,CH4 ,10PPBC, 4,31,9998,9998,9998,9998,9998,9998,9998,9998,9998,9998,9998,9998,9998,9998,9998,9998,9998,9998,9998,9998,9998,9998,9998,9998
2010,14110510,110,CH4 ,10PPBC, 5, 1, 190, 191, 192, 193, 195, 197, 199, 194, 191, 189, 188, 187, 187, 187, 187, 187, 187, 187, 189, 189, 189, 189, 190, 191
2010,14110510,110,CH4 ,10PPBC, 5, 2, 192, 194, 195, 194, 194, 192, 191, 190, 191, 191, 190, 188, 187, 187, 187, 186, 186, 186, 186, 187, 188, 188, 188, 189
2010,14110510,110,CH4 ,10PPBC, 5, 3, 191, 191, 193, 192, 193, 193, 195, 193, 193, 193, 192, 189, 187, 185, 185, 184, 185, 184, 184, 184, 184, 184, 184, 183
2010,14110510,110,CH4 ,10PPBC, 5, 4, 183, 183, 183, 183, 184, 184, 184, 184, 183, 183, 183, 182, 182, 182, 183, 184, 183, 183, 182, 182, 182, 182, 185, 184
2010,14110510,110,CH4 ,10PPBC, 5, 5, 183, 183, 183, 186, 189, 190, 193, 194, 191, 192, 193, 193, 191, 189, 187, 185, 186, 186, 186, 186, 186, 186, 186, 186
2010,14110510,110,CH4 ,10PPBC, 5, 6, 185, 185, 185, 185, 185, 185, 184, 184, 183, 183, 182, 182, 182, 181, 181, 181, 181, 181, 181, 181, 181, 181, 181, 182
2010,14110510,110,CH4 ,10PPBC, 5, 7, 182, 182, 182, 181, 181, 182, 182, 182, 182, 182,9999, 181, 181, 181, 181, 180, 180, 180, 181, 180, 181, 180, 184, 190
2010,14110510,110,CH4 ,10PPBC, 5, 8, 190, 189, 186, 185, 185, 185, 186, 186, 190, 190, 188, 188, 187, 186, 186, 186, 185, 186, 186, 186, 186, 187, 187, 186
2010,14110510,110,CH4 ,10PPBC, 5, 9, 186, 187, 189, 192, 194, 196, 193, 190, 187, 187, 189, 192, 191, 190, 190, 189, 190, 189, 189, 190, 193, 194, 190, 190
2010,14110510,110,CH4 ,10PPBC, 5,10, 189, 192, 189, 189, 190, 191, 190, 190, 189, 189, 190, 190, 190, 187, 187, 188, 188, 188, 189, 190, 191, 190, 189, 188
2010,14110510,110,CH4 ,10PPBC, 5,11, 188, 189, 188, 188, 189, 190, 192, 193, 190, 188, 187, 188, 188, 188, 189, 191, 191, 189, 189, 189, 191, 191, 189, 190
2010,14110510,110,CH4 ,10PPBC, 5,12, 190, 189, 189, 188, 188, 188, 188, 189, 189, 189,9999, 184, 185, 185, 185, 184, 184, 185, 185, 186, 187, 187, 189, 190
2010,14110510,110,CH4 ,10PPBC, 5,13, 191, 190, 189, 187, 187, 187, 187, 186, 186, 185, 185, 184, 184, 185, 185, 185, 186, 186, 185, 186, 186, 186, 186, 186
2010,14110510,110,CH4 ,10PPBC, 5,14, 186, 186, 187, 187, 187, 186, 186, 186, 186, 185, 185, 186, 187, 188, 187, 187, 187, 187, 186, 185, 190, 189, 189, 190
2010,14110510,110,CH4 ,10PPBC, 5,15, 191, 191, 190, 187, 187, 189, 191, 189, 187, 185, 185, 185, 186, 184, 184, 184, 184, 184, 184, 186, 187, 189, 189, 188
2010,14110510,110,CH4 ,10PPBC, 5,16, 190, 191, 191, 191, 193, 196, 191, 187, 185, 184, 183, 183, 183, 183, 183, 183, 183, 183, 183, 184, 185, 186, 186, 188
2010,14110510,110,CH4 ,10PPBC, 5,17, 189, 193, 192, 194, 193, 192, 192, 190, 186, 187, 187, 187, 187, 185, 184, 184, 183, 183, 184, 184, 185, 186, 186, 186
2010,14110510,110,CH4 ,10PPBC, 5,18, 187, 187, 189, 192, 194, 193, 188, 185, 184, 184,9999,9999, 183, 183, 182, 182, 182, 182, 182, 182, 182, 182, 183, 182
2010,14110510,110,CH4 ,10PPBC, 5,19, 182, 182, 182, 182, 182, 182, 183, 183, 183, 183, 183, 183, 183, 183, 182, 183, 182, 182, 183, 182, 182, 182, 182, 182
2010,14110510,110,CH4 ,10PPBC, 5,20, 183, 182, 182, 182, 182, 182, 182, 182, 183, 182, 182, 182, 182, 182, 189, 187, 188, 188, 189, 189, 190, 190, 190, 190
2010,14110510,110,CH4 ,10PPBC, 5,21, 190, 190, 188, 187, 190, 190, 192, 190, 189, 189, 189, 188, 187, 187, 187, 186, 186, 186, 187, 187, 188, 188, 188, 189
2010,14110510,110,CH4 ,10PPBC, 5,22, 194, 195, 198, 197, 197, 198, 196, 196, 195, 194, 192, 192, 191, 191, 192, 191, 188, 187, 187, 187, 187, 189, 189, 188
2010,14110510,110,CH4 ,10PPBC, 5,23, 187, 188, 188, 191, 193, 196, 196, 195, 195, 192, 191, 189, 190, 191, 191, 188, 191, 189, 188, 189, 188, 185, 186, 186
2010,14110510,110,CH4 ,10PPBC, 5,24, 186, 185, 185, 186, 190, 187, 186, 187, 186, 186, 187, 186, 185, 185, 186, 188, 188, 190, 187, 185, 181, 184, 184, 184
2010,14110510,110,CH4 ,10PPBC, 5,25, 184, 185, 185, 185, 185, 185, 186, 186, 186, 185, 185, 186, 186, 186, 186, 186, 188, 189, 190, 190, 189, 187, 187, 188
2010,14110510,110,CH4 ,10PPBC, 5,26, 188, 187, 187, 187, 187, 188, 190, 190, 190, 190,9999,9999, 186, 186, 186, 187, 189, 187, 187, 186, 190, 190, 193, 186
2010,14110510,110,CH4 ,10PPBC, 5,27, 184, 186, 187, 187, 185, 185, 185, 186, 185, 184, 184, 184, 184, 185, 184, 184, 184, 184, 185, 185, 188, 186, 185, 185
2010,14110510,110,CH4 ,10PPBC, 5,28, 185, 185, 183, 184, 186, 185, 186, 185, 183, 184, 183, 185, 187, 186, 186, 185, 184, 183, 183, 184, 185, 187, 186, 185
2010,14110510,110,CH4 ,10PPBC, 5,29, 185, 184, 185, 189, 189, 186, 185, 185, 187, 194, 196, 191, 192, 189, 187, 192, 191, 193, 192, 187, 191, 191, 187, 189
2010,14110510,110,CH4 ,10PPBC, 5,30, 187, 185, 186, 185, 185, 185, 184, 185, 184, 184, 185, 185, 185, 185, 186, 184, 184, 185, 185, 185, 186, 186, 186, 186
2010,14110510,110,CH4 ,10PPBC, 5,31, 187, 187, 188, 190, 193, 189, 192, 196, 197, 194, 191, 189, 187, 185, 184, 185, 183, 183, 182, 184, 184, 185, 186, 187
2010,14110510,110,CH4 ,10PPBC, 6, 1, 188, 187, 187, 187, 191, 205, 196, 188, 189, 189, 188, 189, 188, 186, 185, 185, 185, 184, 184, 184, 185, 192, 193, 189
2010,14110510,110,CH4 ,10PPBC, 6, 2, 189, 189, 190, 194, 196, 193, 187, 190, 189, 189, 190, 191, 189, 187, 186, 185, 185, 185, 184, 182, 183, 184, 186, 190
2010,14110510,110,CH4 ,10PPBC, 6, 3, 193, 194, 195, 195, 201, 197, 191, 187, 187, 187,9999,9999, 181, 181, 181, 181, 181, 181, 181, 182, 182, 184, 184, 185
2010,14110510,110,CH4 ,10PPBC, 6, 4, 184, 185, 186, 190, 195, 194, 194, 189, 184, 183, 183, 183, 183, 183, 183, 183, 182, 182, 182, 182, 183, 184, 184, 187
2010,14110510,110,CH4 ,10PPBC, 6, 5, 188, 187, 187, 187, 188, 189, 189, 189, 189, 189, 189, 189, 190, 190, 188, 188, 190, 189, 189, 188, 187, 186, 188, 189
2010,14110510,110,CH4 ,10PPBC, 6, 6, 192, 193, 190, 190, 192, 194, 189, 190, 192, 191, 191, 190, 189, 187, 185, 184, 184, 183, 184, 184, 185, 186, 186, 185
2010,14110510,110,CH4 ,10PPBC, 6, 7, 186, 186, 185, 187, 190, 190, 191, 190, 190, 190, 190, 189, 186, 184, 184, 184, 185, 184, 184, 183, 184, 184, 185, 187
2010,14110510,110,CH4 ,10PPBC, 6, 8, 188, 188, 188, 188, 191, 188, 189, 187, 187, 189, 195, 194, 190, 191, 192, 191, 192, 191, 191, 197, 193, 191, 194, 193
2010,14110510,110,CH4 ,10PPBC, 6, 9, 196, 193, 190, 189, 188, 187, 187, 189, 190, 193,9999, 192, 191, 192, 198, 201, 192, 188, 188, 189, 191, 193, 192, 191
2010,14110510,110,CH4 ,10PPBC, 6,10, 190, 188, 188, 188, 189, 189, 189, 189, 188, 189, 188, 188, 190, 187, 186, 185, 186, 186, 183, 188, 189, 189, 190, 189
2010,14110510,110,CH4 ,10PPBC, 6,11, 189, 190, 189, 185, 186, 189, 189, 190, 190, 189, 187, 187, 188, 184, 183, 185, 185, 183, 183, 184, 183, 184, 183, 183
2010,14110510,110,CH4 ,10PPBC, 6,12, 183, 184, 183, 183, 184, 188, 191, 187, 187, 185, 185, 184, 183, 183, 182, 182, 182, 182, 183, 183, 182, 183, 183, 182
2010,14110510,110,CH4 ,10PPBC, 6,13, 182, 182, 182, 182, 182, 182, 182, 182, 183, 183, 183, 182, 183, 182, 183, 183, 183, 183, 183, 183, 183, 184, 184, 183
2010,14110510,110,CH4 ,10PPBC, 6,14, 186, 186, 186, 184, 184, 184, 184, 185, 186, 188, 187, 188, 187, 186, 186, 185, 184, 185, 185, 185, 185, 185, 185, 186
2010,14110510,110,CH4 ,10PPBC, 6,15, 189, 188, 189, 192, 197, 196, 197, 188, 185, 185, 185, 185, 186, 186, 186, 188, 188, 188, 187, 185, 183, 184, 186, 187
2010,14110510,110,CH4 ,10PPBC, 6,16, 187, 188, 185, 175, 173, 173, 173, 173, 174, 175, 177, 178, 180, 182, 184,9999, 185, 185, 187, 188, 187, 188, 187, 189
2010,14110510,110,CH4 ,10PPBC, 6,17, 190, 185, 186, 190, 192, 199, 198, 195, 191, 185, 185, 186, 188, 190, 189, 187, 186, 186, 185, 184, 183, 183, 183, 183
2010,14110510,110,CH4 ,10PPBC, 6,18, 183, 182, 182, 182, 183, 184, 193, 195, 194, 190, 189, 189, 186, 179, 177, 178, 181, 181, 183, 183, 185, 187, 191, 189
2010,14110510,110,CH4 ,10PPBC, 6,19, 191, 181, 173, 174, 173, 173, 177, 187, 189, 189, 189, 183, 179, 181, 182, 184, 183, 184, 183, 182, 180, 176, 176, 175
2010,14110510,110,CH4 ,10PPBC, 6,20, 175, 175, 174, 174, 175, 175, 175, 175, 176, 176, 177, 177, 177, 177, 178, 179, 178, 178, 177, 177, 177, 176, 175, 176
2010,14110510,110,CH4 ,10PPBC, 6,21, 177, 177, 176, 175, 175, 175, 176, 177, 176, 176, 176, 176, 175, 176, 176, 176, 176, 179, 181, 182, 182, 182, 183, 183
2010,14110510,110,CH4 ,10PPBC, 6,22, 179, 178, 182, 182, 179, 179, 181, 183, 181, 178, 177, 177, 178, 178, 178, 178, 177, 177, 177, 179, 179, 179, 179, 179
2010,14110510,110,CH4 ,10PPBC, 6,23, 178, 179, 179, 179, 179, 179, 178, 178, 176, 175, 174, 175, 175, 174, 175, 185, 185, 186, 180, 179, 178, 184, 187, 187
2010,14110510,110,CH4 ,10PPBC, 6,24, 187, 189, 189, 191, 190, 190, 187, 187, 187, 187, 187, 187, 195, 198, 197, 196, 195, 196, 195, 192, 190, 190, 190, 190
2010,14110510,110,CH4 ,10PPBC, 6,25, 191, 195, 193, 198, 193, 189, 190, 194, 193, 192, 191, 192, 192, 193,9999,9999, 184, 183, 185, 185, 185, 184, 186, 183
2010,14110510,110,CH4 ,10PPBC, 6,26, 183, 182, 182, 183, 182, 182, 183, 181, 178, 178, 177, 178, 178, 178, 178, 178, 179, 178, 178, 179, 178, 179, 179, 178
2010,14110510,110,CH4 ,10PPBC, 6,27, 178, 178, 178, 178, 178, 177, 177, 178, 177, 177, 177, 177, 177, 177, 177, 177, 177, 176, 177, 178, 177, 178, 178, 178
2010,14110510,110,CH4 ,10PPBC, 6,28, 178, 177, 178, 181, 180, 179, 183, 186, 191, 188, 185, 186, 191, 201, 195, 191, 186, 188, 190, 189, 188, 188, 188, 193
2010,14110510,110,CH4 ,10PPBC, 6,29, 193, 191, 191, 193, 197, 198, 193, 190, 190, 194, 195, 193, 190, 198, 195,9999, 188, 189, 183, 183, 184, 184, 181, 181
2010,14110510,110,CH4 ,10PPBC, 6,30, 199, 201, 188, 185, 183, 183, 182, 185, 183, 182, 181, 182, 184, 186, 185, 183, 183, 183, 184, 184, 183, 183, 182, 182
2010,14110510,110,CH4 ,10PPBC, 6,31,9998,9998,9998,9998,9998,9998,9998,9998,9998,9998,9998,9998,9998,9998,9998,9998,9998,9998,9998,9998,9998,9998,9998,9998
2010,14110510,110,CH4 ,10PPBC, 7, 1, 182, 181, 181, 181, 182, 181, 181, 183, 182, 181, 180, 181, 180, 177, 177, 177, 177, 177, 177, 179, 180, 179, 180, 182
2010,14110510,110,CH4 ,10PPBC, 7, 2, 185, 187, 186, 187, 188, 190, 191, 192, 190, 189, 190, 182, 180, 179, 179, 178, 177, 178, 178, 178, 178, 179, 180, 180
2010,14110510,110,CH4 ,10PPBC, 7, 3, 179, 179, 179, 191, 195, 195, 197, 196, 194, 189, 185, 183, 183, 182, 180, 181, 181, 180, 180, 179, 176, 176, 176, 176
2010,14110510,110,CH4 ,10PPBC, 7, 4, 176, 176, 178, 180, 181, 186, 190, 191, 189, 188, 189, 189, 188, 187, 186, 186, 187, 186, 185, 188, 188, 190, 196, 199
2010,14110510,110,CH4 ,10PPBC, 7, 5, 201, 202, 203, 201, 201, 192, 191, 191, 189, 190, 200, 193, 190, 189, 189, 189, 187, 187, 187, 188, 187, 188, 187, 186
2010,14110510,110,CH4 ,10PPBC, 7, 6, 187, 189, 190, 192, 193, 194, 192, 193, 193, 190, 185, 186, 186, 187, 187, 188, 191, 195, 196, 196, 196, 196, 194, 193
2010,14110510,110,CH4 ,10PPBC, 7, 7, 193, 193, 192, 192, 193, 194, 199, 197, 196, 195, 199, 195, 192, 192, 192, 191,9999, 187, 186, 184, 182, 182, 181, 181
2010,14110510,110,CH4 ,10PPBC, 7, 8, 185, 181, 178, 177, 179, 180, 178, 180, 180, 177, 173, 172, 175, 178, 178, 179, 178, 178, 175, 174, 174, 174, 173, 171
2010,14110510,110,CH4 ,10PPBC, 7, 9, 170, 171, 171, 172, 175, 176, 179, 182, 185, 183, 182, 184, 183, 178,9999,9999,9999, 180, 180, 181, 177, 176, 175, 177
2010,14110510,110,CH4 ,10PPBC, 7,10, 179, 179, 179, 181, 182, 181, 181, 181, 182, 181, 181, 182, 182, 182, 183, 184, 183, 183, 184, 185, 187, 188, 190, 193
2010,14110510,110,CH4 ,10PPBC, 7,11, 195, 195, 196, 199, 198, 198, 198, 195, 192, 192, 192, 189, 186, 181, 179, 177, 177, 177, 176, 176, 176, 176, 176, 175
2010,14110510,110,CH4 ,10PPBC, 7,12, 175, 175, 175, 174, 175, 175, 175, 175, 175, 176, 175, 175, 175, 175, 175, 175, 175, 175, 176, 176, 176, 175, 176, 176
2010,14110510,110,CH4 ,10PPBC, 7,13, 176, 176, 177, 177, 178, 179, 179, 188, 200, 198,9999,9999,9999,9999, 182, 181, 197, 197, 197, 196, 198, 199, 201, 201
2010,14110510,110,CH4 ,10PPBC, 7,14, 202, 205, 205, 206, 207, 202, 197, 182, 181, 182, 182, 182, 181, 181, 181, 181, 181, 181, 182, 182, 182, 182, 182, 182
2010,14110510,110,CH4 ,10PPBC, 7,15, 182, 181, 181, 181, 181, 181, 181, 182, 181, 182, 182, 182, 181, 181, 181, 181, 181, 181, 181, 182, 181, 182, 181, 182
2010,14110510,110,CH4 ,10PPBC, 7,16, 182, 181, 181, 181, 182, 183, 182, 182, 182, 182, 181, 182, 182, 181, 181, 181, 182, 181, 181, 182, 182, 182, 183, 182
2010,14110510,110,CH4 ,10PPBC, 7,17, 182, 182, 182, 181, 182, 182, 182, 182, 183, 183, 182, 183, 183, 183, 182, 183, 182, 183, 183, 183, 183, 183, 183, 183
2010,14110510,110,CH4 ,10PPBC, 7,18, 183, 183, 183, 183, 184, 183, 184, 183, 183, 183, 182, 183, 182, 182, 182, 182, 182, 183, 183, 183, 183, 182, 182, 183
2010,14110510,110,CH4 ,10PPBC, 7,19, 183, 183, 182, 182, 182, 182, 183, 183, 183, 183, 183, 183, 182, 183, 182, 182, 183, 183, 183, 183, 184, 184, 183, 184
2010,14110510,110,CH4 ,10PPBC, 7,20, 184, 184, 184, 184, 185, 185, 188, 192, 192, 189, 189, 187, 184, 184, 184, 184,9999, 183, 183, 184, 185, 185, 184, 184
2010,14110510,110,CH4 ,10PPBC, 7,21, 184, 184, 185, 186, 187, 186, 191, 204, 203, 198, 195, 191, 186, 187, 188, 188, 186, 185, 184, 184, 186, 186, 186, 186
2010,14110510,110,CH4 ,10PPBC, 7,22, 187, 191, 188, 189, 190, 190, 192, 193, 195, 191, 188, 186, 186, 186, 185,9999, 185, 184, 183, 183, 183, 183, 183, 183
2010,14110510,110,CH4 ,10PPBC, 7,23, 185, 187, 188, 188, 188, 191, 196, 196, 196, 195, 193, 193, 193, 192, 192, 188, 184, 183, 183, 182, 183, 184, 184, 184
2010,14110510,110,CH4 ,10PPBC, 7,24, 186, 187, 188, 190, 196, 195, 194, 193, 193, 193, 192, 193, 197, 194, 191, 188, 185, 189, 191, 186, 186, 186, 189, 188
2010,14110510,110,CH4 ,10PPBC, 7,25, 189, 190, 189, 192, 192, 192, 191, 191, 188, 186, 185, 185, 184, 183, 185, 185, 187, 186, 185, 186, 189, 187, 190, 191
2010,14110510,110,CH4 ,10PPBC, 7,26, 193, 193, 189, 186, 188, 191, 192, 189, 190, 187, 185, 184, 183, 184, 183, 183, 183, 185, 186, 187, 185, 187, 191, 196
2010,14110510,110,CH4 ,10PPBC, 7,27, 199, 196, 196, 199, 192, 192, 192, 186, 182, 182, 182, 181, 182, 182, 182, 181, 181, 182, 182, 183, 183, 183, 182, 183
2010,14110510,110,CH4 ,10PPBC, 7,28, 183, 183, 184, 183, 183, 182, 182, 182, 182, 182, 183, 183, 183, 183, 184, 184,9999, 184, 184, 183, 183, 184, 184, 185
2010,14110510,110,CH4 ,10PPBC, 7,29, 184, 185, 184, 185, 185, 185, 185, 185, 185, 185, 184, 183, 183, 183, 183, 182, 182, 182, 182, 182, 181, 181, 181, 181
2010,14110510,110,CH4 ,10PPBC, 7,30, 181, 181, 180, 180, 180, 181, 181, 181, 181, 181, 181, 181, 181, 182, 182, 182, 182, 182, 182, 182, 183, 186, 188, 186
2010,14110510,110,CH4 ,10PPBC, 7,31, 186, 185, 186, 189, 194, 192, 197, 194, 191, 189, 186, 185, 185, 184, 184, 184, 184, 184, 186, 187, 185, 186, 187, 187
2010,14110510,110,CH4 ,10PPBC, 8, 1, 187, 187, 188, 188, 189, 188, 188, 189, 191, 189, 189, 187, 186, 186, 187, 189, 189, 187, 187, 184, 183, 183, 184, 182
2010,14110510,110,CH4 ,10PPBC, 8, 2, 181, 181, 181, 181, 182, 182, 182, 181, 182, 182, 181, 182, 181, 180, 181, 180, 181, 182, 182, 183, 183, 183, 183, 182
2010,14110510,110,CH4 ,10PPBC, 8, 3, 182, 181, 181, 181, 181, 181, 182, 182, 182, 182, 182, 182, 182,9999,9999,9999,9999, 181, 182, 182, 182, 182, 183, 183
2010,14110510,110,CH4 ,10PPBC, 8, 4, 182, 182, 182, 182, 182, 182, 182, 183, 182, 182, 182, 182, 182, 181, 182,9999, 181, 182, 182, 182, 182, 182, 181, 181
2010,14110510,110,CH4 ,10PPBC, 8, 5, 181, 181, 181, 181, 181, 181, 181, 182, 182, 182, 181, 181, 181, 181, 182, 182, 182, 183, 183, 182, 182, 182, 182, 182
2010,14110510,110,CH4 ,10PPBC, 8, 6, 182, 182, 181, 181, 182, 182, 182, 182, 182, 182, 182, 182, 182, 182, 182, 183, 184, 185, 185, 186, 185, 185, 185, 186
2010,14110510,110,CH4 ,10PPBC, 8, 7, 185, 186, 185, 186, 187, 187, 186, 186, 187, 186, 187, 187, 186, 186, 186, 186, 185, 184, 183, 183, 183, 184, 184, 185
2010,14110510,110,CH4 ,10PPBC, 8, 8, 183, 184, 184, 185, 187, 190, 192, 189, 184, 183, 183, 182, 183, 182, 182, 182, 182, 182, 182, 182, 183, 183, 182, 182
2010,14110510,110,CH4 ,10PPBC, 8, 9, 182, 183, 183, 183, 186, 185, 184, 184, 185, 184, 184, 184, 183, 182, 182, 182, 181, 182, 182, 183, 182, 182, 182, 182
2010,14110510,110,CH4 ,10PPBC, 8,10, 181, 183, 187, 188, 186, 186, 186, 184, 181, 181, 181, 181, 181, 181, 181, 181, 181, 181, 182, 182, 181, 181, 181, 181
2010,14110510,110,CH4 ,10PPBC, 8,11, 181, 181, 181, 181, 181, 181, 180, 181, 180, 180, 180, 180, 181, 180, 181, 180, 180, 180, 180, 180, 180, 180, 180, 180
2010,14110510,110,CH4 ,10PPBC, 8,12, 180, 180, 180, 180, 181, 180, 180, 180, 181, 181, 181, 181, 182, 183, 184, 183, 183, 183, 183, 184, 185, 185, 185, 187
2010,14110510,110,CH4 ,10PPBC, 8,13, 185, 188, 192, 192, 190, 193, 190, 187, 188, 191, 190, 193, 198, 196, 194, 192,9999,9999,9999,9999,9999, 196, 197, 201
2010,14110510,110,CH4 ,10PPBC, 8,14, 200, 203, 201, 199, 191, 182, 182, 182, 182, 182, 182, 183, 183, 182, 184, 185, 184, 184, 184, 184, 184, 185, 185, 184
2010,14110510,110,CH4 ,10PPBC, 8,15, 184, 184, 184, 184, 184, 183, 183, 184, 183, 183, 182, 183, 184, 184, 184, 184, 184, 184, 183, 184, 183, 182, 183, 184
2010,14110510,110,CH4 ,10PPBC, 8,16, 184, 187, 186, 185, 187, 192, 201, 198, 191,9999, 190, 194, 187, 186, 186, 185, 188, 190, 189, 188, 184, 183, 183, 185
2010,14110510,110,CH4 ,10PPBC, 8,17, 187, 192, 197, 198, 204, 212, 211, 213, 216, 211, 198, 195, 194, 192, 190, 192, 186, 184, 184, 184, 184, 185, 186, 188
2010,14110510,110,CH4 ,10PPBC, 8,18, 193, 195, 195, 193, 193, 193, 195, 195, 194, 192, 191, 193, 196, 190, 190, 188, 187, 187, 187, 188, 190, 193, 192, 190
2010,14110510,110,CH4 ,10PPBC, 8,19, 191, 191, 191, 190, 197, 199, 198, 198, 201, 197, 195, 197, 196,9999, 194, 194, 194, 193, 191, 193, 193, 195, 195, 195
2010,14110510,110,CH4 ,10PPBC, 8,20, 196, 199, 202, 202, 207, 212, 207, 201, 202, 202, 202, 203, 204, 203, 199, 197, 196, 197, 196, 197, 198, 197, 197, 195
2010,14110510,110,CH4 ,10PPBC, 8,21, 195, 196, 195, 196, 199, 205, 209, 206, 205, 201, 199, 200, 198, 194, 192, 192, 191, 190, 191, 191, 191, 191, 192, 191
2010,14110510,110,CH4 ,10PPBC, 8,22, 191, 190, 190, 190, 191, 191, 191, 191, 191, 191, 191, 190, 190, 190, 189, 189, 189, 189, 189, 189, 189, 189, 190, 189
2010,14110510,110,CH4 ,10PPBC, 8,23, 189, 189, 189, 190, 189, 191, 194, 191, 191, 192, 190, 189, 189, 188, 188, 188, 189, 188, 189, 189, 189, 189, 189, 189
2010,14110510,110,CH4 ,10PPBC, 8,24, 189, 188, 188, 188, 188, 188, 189, 189, 188, 188, 189, 189, 188, 189, 189, 189, 189, 189, 189, 189, 189, 189, 189, 189
2010,14110510,110,CH4 ,10PPBC, 8,25, 189, 188, 189, 189, 190, 191, 189, 189, 189, 189, 188, 188, 187, 187, 187, 187,9999, 188, 188, 187, 187, 187, 187, 188
2010,14110510,110,CH4 ,10PPBC, 8,26, 189, 192, 196, 197, 197, 193, 195, 190, 188, 188, 187, 186, 188, 188, 188, 188, 189, 189, 190, 190, 190, 190, 189, 190
2010,14110510,110,CH4 ,10PPBC, 8,27, 189, 189, 190, 192, 197, 201, 200, 199, 197, 197, 196, 191, 189, 188, 185, 183, 182, 182, 182, 182, 183, 183, 183, 183
2010,14110510,110,CH4 ,10PPBC, 8,28, 182, 182, 182, 183, 183, 183, 184, 183, 183, 183, 183, 183, 183, 183, 182, 183, 183, 183, 183, 184, 183, 183, 184, 184
2010,14110510,110,CH4 ,10PPBC, 8,29, 184, 185, 185, 187, 191, 193, 196, 193, 188, 184, 185, 184, 184, 184, 183, 183, 183, 182, 183, 183, 186, 184, 185, 189
2010,14110510,110,CH4 ,10PPBC, 8,30, 194, 192, 194, 196, 195, 201, 204, 202, 197, 197, 201, 203, 201, 200, 193, 185, 183, 183, 183, 183, 183, 185, 186, 187
2010,14110510,110,CH4 ,10PPBC, 8,31, 187, 187, 184, 187, 198, 198, 201, 205, 207, 195, 193, 190, 188, 186, 184, 184, 184, 186, 187, 185, 184, 186, 185, 184
2010,14110510,110,CH4 ,10PPBC, 9, 1, 184, 185, 183, 185, 184, 186, 187, 186, 186, 184, 183, 183, 183, 183, 184, 184, 185, 187, 189, 189, 189, 189, 189, 190
2010,14110510,110,CH4 ,10PPBC, 9, 2, 190, 189, 189, 189, 189, 190, 193, 191, 190, 190, 190, 189, 189, 189, 189, 189, 189, 189, 189, 190, 189, 189, 188, 188
2010,14110510,110,CH4 ,10PPBC, 9, 3, 188, 189, 190, 191, 192, 195, 195, 192, 189, 188,9999, 187, 188, 187, 187, 187, 188, 188, 188, 189, 188, 188, 189, 189
2010,14110510,110,CH4 ,10PPBC, 9, 4, 190, 189, 188, 192, 191, 192, 195, 193, 191, 192, 194, 195, 194, 193, 191, 188, 188, 187, 188, 188, 187, 187, 188, 188
2010,14110510,110,CH4 ,10PPBC, 9, 5, 191, 190, 190, 190, 189, 188, 192, 191, 189, 187, 188, 187, 187, 187, 187, 187, 186, 187, 187, 188, 188, 188, 187, 186
2010,14110510,110,CH4 ,10PPBC, 9, 6, 185, 184, 183, 182, 183, 182, 183, 183, 183, 183, 183, 183, 182, 182, 182, 181, 183, 185, 186, 185, 183, 183, 183, 181
2010,14110510,110,CH4 ,10PPBC, 9, 7, 181, 181, 181, 181, 181, 181, 181, 182, 181, 182, 181, 182, 181, 181, 181, 182, 182, 182, 183, 182, 182, 182, 182, 182
2010,14110510,110,CH4 ,10PPBC, 9, 8, 182, 182, 182, 185, 191, 192, 193, 195, 196, 201, 205, 188, 181, 181, 193, 195, 194, 191, 190, 190, 189, 189, 189, 189
2010,14110510,110,CH4 ,10PPBC, 9, 9, 191, 192, 192, 192, 192, 193, 193, 193, 193, 193, 193, 193, 194,9999,9999, 192, 192, 191, 192, 193, 192, 194, 204, 204
2010,14110510,110,CH4 ,10PPBC, 9,10, 207, 206, 204, 201, 202, 208, 213, 201, 196, 196, 195, 195, 194, 192, 192, 192, 190, 190, 190, 190, 190, 191, 190, 191
2010,14110510,110,CH4 ,10PPBC, 9,11, 191, 192, 190, 190, 195, 206, 206, 201, 198, 198, 196, 190, 189, 189, 189, 188, 188, 188, 189, 189, 190, 190, 191, 191
2010,14110510,110,CH4 ,10PPBC, 9,12, 192, 194, 196, 202, 199, 198, 197, 204, 205, 204, 202, 208, 206, 198, 195, 194, 194, 192, 192, 191, 191, 196, 191, 189
2010,14110510,110,CH4 ,10PPBC, 9,13, 187, 185, 185, 182, 189, 194, 194, 193, 194, 195, 190, 188, 187, 187, 187, 188, 187, 189, 191, 192, 192, 194, 198, 197
2010,14110510,110,CH4 ,10PPBC, 9,14, 193, 191, 193, 194, 195, 191, 191, 190, 191, 193, 192, 192, 191, 191, 191, 192, 191, 191, 189, 194, 194, 193, 192, 192
2010,14110510,110,CH4 ,10PPBC, 9,15, 193, 197, 195, 195, 193, 194, 194, 193, 192, 192,9999, 194, 195, 194, 194, 197, 195, 194, 193, 194, 194, 195, 195, 196
2010,14110510,110,CH4 ,10PPBC, 9,16, 195, 195, 194, 193, 193, 194, 196, 196, 194, 192, 191, 191, 190, 191, 191,9999,9999,9999, 193, 194, 194, 194, 198, 197
2010,14110510,110,CH4 ,10PPBC, 9,17, 202, 201, 202, 208, 201, 196, 197, 194, 192, 192, 193, 195, 195, 194, 192, 191, 191, 191, 192, 193, 194, 196, 210, 204
2010,14110510,110,CH4 ,10PPBC, 9,18, 197, 197, 199, 197, 199, 201, 202, 199, 194, 194, 195, 194, 194, 193, 191, 191, 192, 192, 193, 193, 195, 194, 193, 194
2010,14110510,110,CH4 ,10PPBC, 9,19, 195, 195, 197, 200, 200, 202, 206, 205, 200, 196, 192, 190, 189, 188, 189, 189, 188, 189, 190, 191, 191, 192, 196, 197
2010,14110510,110,CH4 ,10PPBC, 9,20, 196, 208, 206, 208, 205, 202, 206, 211, 213, 201, 195, 195, 200, 196, 191, 190, 191, 192, 193, 193, 192, 193, 194, 198
2010,14110510,110,CH4 ,10PPBC, 9,21, 204, 207, 205, 208, 208, 207, 203, 204, 199, 197, 197, 197, 197, 196, 195, 193, 192, 192, 192, 193, 193, 195, 197, 201
2010,14110510,110,CH4 ,10PPBC, 9,22, 206, 209, 209, 208, 202, 196, 202, 198, 193, 191, 191, 189, 188, 188, 188, 188, 186, 186, 187, 187, 188, 192, 199, 205
2010,14110510,110,CH4 ,10PPBC, 9,23, 204, 207, 205, 197, 197, 196, 195, 195, 195, 195, 195, 194, 194, 193, 193, 193, 192, 192, 191, 193, 194, 194, 193, 193
2010,14110510,110,CH4 ,10PPBC, 9,24, 192, 192, 193, 194, 194, 195, 194, 194, 194, 193, 192, 192, 192,9999,9999,9999, 192, 191, 191, 192, 193, 193, 192, 192
2010,14110510,110,CH4 ,10PPBC, 9,25, 191, 190, 190, 191, 190, 190, 190, 191, 190, 190, 189, 190, 189, 189, 189, 190, 190, 194, 195, 196, 203, 201, 197, 198
2010,14110510,110,CH4 ,10PPBC, 9,26, 200, 202, 202, 204, 205, 208, 208, 198, 199, 199, 194, 192, 196, 194, 192, 196, 195, 195, 195, 195, 198, 200, 203, 198
2010,14110510,110,CH4 ,10PPBC, 9,27, 198, 198, 199, 197, 195, 194, 193, 192, 192, 191,9999,9999, 189, 189, 189, 189, 188, 189, 189, 190, 191, 192, 193, 192
2010,14110510,110,CH4 ,10PPBC, 9,28, 193, 192, 193, 192, 193, 191, 193, 195, 194, 195, 197, 197, 196, 196, 195, 194, 196, 196, 200, 204, 208, 214, 223, 216
2010,14110510,110,CH4 ,10PPBC, 9,29, 199, 198, 198, 199, 198, 195, 192, 192, 192, 192, 192, 192, 196, 197, 196, 196, 196, 197, 198, 198, 198, 198, 200, 203
2010,14110510,110,CH4 ,10PPBC, 9,30, 207, 203, 200, 201, 201, 199, 198, 199, 200, 200, 200, 200,9999, 199, 201, 199, 200, 201, 202, 202, 200, 200, 200, 199
2010,14110510,110,CH4 ,10PPBC, 9,31,9998,9998,9998,9998,9998,9998,9998,9998,9998,9998,9998,9998,9998,9998,9998,9998,9998,9998,9998,9998,9998,9998,9998,9998
2010,14110510,110,CH4 ,10PPBC,10, 1, 198, 198, 198, 197, 197, 196, 196, 196, 195, 196, 194, 193, 193, 193, 194, 195, 195, 196, 196, 196, 199, 201, 202, 210
2010,14110510,110,CH4 ,10PPBC,10, 2, 210, 209, 207, 202, 202, 201, 200, 199, 197, 196, 195, 196, 195, 194, 193, 193, 192, 192, 193, 194, 196, 197, 198, 206
2010,14110510,110,CH4 ,10PPBC,10, 3, 204, 203, 202, 198, 199, 199, 198, 195, 195, 194, 194, 194, 194, 193, 196, 199, 195, 194, 195, 196, 198, 202, 206, 203
2010,14110510,110,CH4 ,10PPBC,10, 4, 200, 204, 208, 211, 204, 205, 203, 198, 201, 201, 203, 202, 197, 192, 192, 201, 202, 202, 202, 200, 200, 198, 197, 199
2010,14110510,110,CH4 ,10PPBC,10, 5, 200, 202, 202, 199, 198, 197, 197, 197, 200, 199,9999, 195, 196, 193, 194, 195, 193, 193, 194, 196, 200, 205, 207, 207
2010,14110510,110,CH4 ,10PPBC,10, 6, 202, 201, 200, 198, 198, 196, 196, 195, 195, 193, 193, 193, 195, 195, 195, 195, 196, 197, 198, 202, 201, 197, 199, 199
2010,14110510,110,CH4 ,10PPBC,10, 7, 199, 199, 197, 196, 195, 195, 198, 198, 197, 196, 195, 195, 195, 194, 194, 196, 198, 200, 198, 197, 196, 196, 196, 196
2010,14110510,110,CH4 ,10PPBC,10, 8, 196, 196, 195, 196, 196, 197, 198, 199, 198, 197, 196, 198, 197, 195, 196, 194, 194, 194, 195, 195, 196, 195, 196, 200
2010,14110510,110,CH4 ,10PPBC,10, 9, 197, 198, 196, 195, 193, 193, 194, 194, 194, 195, 194, 193, 193, 192, 193, 193, 192, 192, 192, 193, 193, 193, 194, 194
2010,14110510,110,CH4 ,10PPBC,10,10, 193, 194, 192, 192, 192, 194, 193, 195, 196, 195, 193, 193, 191, 192, 192, 190, 190, 192, 194, 195, 204, 208, 221, 218
2010,14110510,110,CH4 ,10PPBC,10,11, 219, 218, 211, 212, 213, 209, 205, 195, 192, 189, 190, 196, 199, 190, 191, 191, 193, 196, 195, 194, 197, 198, 201, 208
2010,14110510,110,CH4 ,10PPBC,10,12, 215, 222, 229, 220, 214, 205, 206, 209, 198, 198, 201, 206, 203, 196, 197, 194, 191, 193, 195, 199, 197, 200, 204, 210
2010,14110510,110,CH4 ,10PPBC,10,13, 209, 215, 212, 204, 205, 204, 204, 204, 202, 199, 196, 196, 201, 199, 196, 194, 196, 201, 201, 199, 200, 212, 208, 205
2010,14110510,110,CH4 ,10PPBC,10,14, 212, 212, 205, 203, 196, 195, 195, 195, 196, 197, 202, 202, 197, 198, 200, 196, 195, 195, 195, 195, 197, 205, 198, 199
2010,14110510,110,CH4 ,10PPBC,10,15, 198, 198, 198, 196, 195, 196, 197, 197, 196, 197,9999, 197, 195, 194, 193, 192, 192, 193, 195, 197, 197, 201, 213, 212
2010,14110510,110,CH4 ,10PPBC,10,16, 206, 202, 196, 195, 193, 193, 194, 196, 195, 196, 197, 198, 195, 196, 194, 193, 195, 195, 196, 199, 200, 204, 202, 204
2010,14110510,110,CH4 ,10PPBC,10,17, 209, 202, 201, 200, 198, 198, 197, 196, 196, 195, 194, 194, 195, 195, 195, 197, 202, 202, 198, 199, 200, 205, 204, 205
2010,14110510,110,CH4 ,10PPBC,10,18, 198, 198, 201, 203, 201, 199, 196, 197, 195, 195, 197, 195, 195, 194, 192, 193, 194, 195, 194, 194, 196, 198, 200, 200
2010,14110510,110,CH4 ,10PPBC,10,19, 198, 195, 194, 193, 193, 194, 194, 194, 194, 193, 193, 193, 193, 193, 193, 194, 194, 194, 195, 196, 195, 196, 195, 196
2010,14110510,110,CH4 ,10PPBC,10,20, 196, 196, 195, 197, 197, 197, 198, 198, 200, 199, 195, 195, 195, 197, 210, 204, 214, 211, 199, 198, 199, 199, 199, 200
2010,14110510,110,CH4 ,10PPBC,10,21, 200, 199, 198, 198, 196, 196, 198, 201, 202, 202,9999,9999, 198, 196, 195, 195, 195, 195, 196, 196, 195, 195, 196, 195
2010,14110510,110,CH4 ,10PPBC,10,22, 195, 197, 197, 194, 193, 193, 197, 196, 194, 193, 192, 192, 192, 193, 193, 193, 195, 198, 196, 195, 194, 194, 193, 193
2010,14110510,110,CH4 ,10PPBC,10,23, 193, 195, 195, 194, 194, 195, 195, 194, 193, 193, 193, 192, 192, 192, 194, 196, 196, 196, 193, 194, 196, 199, 204, 218
2010,14110510,110,CH4 ,10PPBC,10,24, 211, 208, 202, 196, 196, 195, 197, 200, 199, 198, 197, 196, 197, 197, 196, 196, 197, 198, 199, 197, 197, 198, 197, 198
2010,14110510,110,CH4 ,10PPBC,10,25, 200, 198, 199, 201, 199, 197, 196, 194, 195, 195, 195, 196, 195, 194, 195, 210, 213, 220, 232, 237, 241, 239, 230, 229
2010,14110510,110,CH4 ,10PPBC,10,26, 207, 199, 198, 196, 199, 202, 212, 206, 197, 196, 194, 195, 198, 192, 194, 196, 194, 196, 198, 194, 192, 192, 192, 191
2010,14110510,110,CH4 ,10PPBC,10,27, 191, 191, 191, 191, 191, 190, 191, 191, 191, 192, 191, 191, 191, 191, 192, 193, 194, 194, 194, 194, 194, 194, 194, 196
2010,14110510,110,CH4 ,10PPBC,10,28, 197, 194, 194, 193, 192, 193, 193, 193, 193, 193, 193, 192, 191, 190, 191, 191, 191, 191, 191, 191, 191, 191, 191, 192
2010,14110510,110,CH4 ,10PPBC,10,29, 192, 192, 193, 193, 193, 192, 191, 191, 192, 192,9999,9999, 194, 192, 191, 191, 193, 196, 192, 192, 192, 192, 193, 195
2010,14110510,110,CH4 ,10PPBC,10,30, 193, 193, 192, 191, 192, 191, 190, 190, 190, 190, 191, 191, 191, 191, 191, 189, 190, 190, 189, 190, 188, 188, 188, 188
2010,14110510,110,CH4 ,10PPBC,10,31, 189, 189, 188, 189, 188, 188, 189, 189, 189, 188, 189, 189, 190, 190, 190, 191, 191, 192, 194, 195, 195, 195, 195, 194
2010,14110510,110,CH4 ,10PPBC,11, 1, 194, 195, 192, 190, 189, 189, 190, 190, 190, 191, 189, 189, 189, 189, 188, 188, 188, 188, 189, 188, 191, 200, 204, 201
2010,14110510,110,CH4 ,10PPBC,11, 2, 203, 204, 206, 206, 207, 210, 211, 206, 194, 191, 190, 189, 188, 188, 187, 188, 189, 190, 192, 192, 193, 197, 205, 209
2010,14110510,110,CH4 ,10PPBC,11, 3, 213, 204, 198, 195, 194, 194, 195, 194, 194, 193, 193, 192, 193, 195, 197, 195, 193, 196, 194, 193, 195, 194, 194, 194
2010,14110510,110,CH4 ,10PPBC,11, 4, 193, 193, 193, 196, 195, 195, 197, 196, 196, 196, 197, 199, 202, 200, 205,9999, 209, 198, 199, 205, 216, 229, 212, 206
2010,14110510,110,CH4 ,10PPBC,11, 5, 202, 201, 199, 199, 202, 206, 212, 211, 202, 201, 193, 190, 191, 194, 193, 190, 191, 197, 205, 215, 217, 223, 220, 206
2010,14110510,110,CH4 ,10PPBC,11, 6, 198, 199, 197, 196, 195, 196, 201, 199, 194, 193, 192, 192, 195, 200, 198, 196, 194, 198, 204, 209, 221, 224, 222, 209
2010,14110510,110,CH4 ,10PPBC,11, 7, 200, 196, 195, 193, 193, 197, 197, 197, 194, 195, 195, 193, 194, 193, 193, 193, 193, 195, 206, 214, 221, 226, 208, 201
2010,14110510,110,CH4 ,10PPBC,11, 8, 198, 200, 197, 194, 196, 199, 198, 198, 196, 195, 196, 198, 195, 196, 198, 198, 198, 195, 191, 195, 202, 203, 205, 207
2010,14110510,110,CH4 ,10PPBC,11, 9, 207, 206, 207, 210, 208, 196, 190, 191, 191, 190, 189, 189, 188, 189, 190, 190, 192, 193, 195, 198, 197, 195, 196, 196
2010,14110510,110,CH4 ,10PPBC,11,10, 196, 195, 198, 201, 204, 209, 212, 208, 210, 207, 199, 193, 192, 192, 191, 190, 191, 192, 194, 193, 194, 195, 199, 203
2010,14110510,110,CH4 ,10PPBC,11,11, 204, 203, 206, 204, 204, 201, 200, 201, 200, 198, 194, 193, 195, 196, 196, 194, 195, 198, 198, 206, 215, 222, 223, 223
2010,14110510,110,CH4 ,10PPBC,11,12, 216, 210, 206, 203, 202, 201, 202, 204, 207, 209, 207, 195, 191, 191,9999, 193, 194, 192, 193, 195, 199, 202, 206, 208
2010,14110510,110,CH4 ,10PPBC,11,13, 212, 207, 204, 201, 202, 203, 202, 203, 201, 199, 197, 196, 196, 198, 197, 195, 198, 200, 203, 211, 216, 211, 207, 206
2010,14110510,110,CH4 ,10PPBC,11,14, 207, 203, 202, 201, 201, 203, 201, 201, 203, 201, 203, 202, 201, 197, 201, 199, 203, 206, 211, 218, 217, 228, 215, 206
2010,14110510,110,CH4 ,10PPBC,11,15, 206, 211, 212, 210, 211, 212, 211, 206, 200, 195, 194, 195, 197, 196, 200, 195, 194, 193, 193, 194, 194, 194, 197, 196
2010,14110510,110,CH4 ,10PPBC,11,16, 194, 194, 195, 195, 195, 197, 198, 197, 196, 194, 193, 193, 193, 195, 196, 195, 194, 196, 197, 196, 198, 205, 202, 206
2010,14110510,110,CH4 ,10PPBC,11,17, 204, 200, 198, 197, 197, 198, 198, 199, 198, 195, 194, 195, 193,9999, 192, 192, 193, 193, 193, 193, 195, 193, 194, 194
2010,14110510,110,CH4 ,10PPBC,11,18, 194, 194, 194, 194, 193, 193, 193, 194, 193, 193, 192, 191, 191, 191, 190, 190, 190, 192, 194, 195, 196, 198, 198, 197
2010,14110510,110,CH4 ,10PPBC,11,19, 197, 195, 192, 191, 191, 192, 193, 196, 195, 192, 193, 191, 192, 193, 195, 199, 193, 196, 199, 201, 206, 217, 214, 207
2010,14110510,110,CH4 ,10PPBC,11,20, 199, 198, 197, 197, 196, 197, 197, 198, 195, 193, 194, 192, 192, 193, 196, 204, 207, 202, 205, 206, 203, 206, 204, 198
2010,14110510,110,CH4 ,10PPBC,11,21, 197, 200, 197, 195, 194, 194, 195, 194, 193, 192, 192, 191, 191, 192, 193, 195, 195, 198, 201, 206, 207, 208, 210, 205
2010,14110510,110,CH4 ,10PPBC,11,22, 198, 201, 196, 199, 202, 199, 197, 197, 197, 196, 196, 195, 194, 194, 196, 197, 196, 194, 195, 197, 198, 197, 196, 195
2010,14110510,110,CH4 ,10PPBC,11,23, 192, 191, 190, 190, 189, 188, 187, 187, 187, 188, 190, 191, 191, 191, 192, 193, 194, 198, 197, 194, 194, 194, 194, 194
2010,14110510,110,CH4 ,10PPBC,11,24, 194, 193, 192, 192, 192, 192, 194, 194, 193, 194, 194, 193, 193, 195, 197,9999, 196, 195, 197, 197, 197, 202, 216, 213
2010,14110510,110,CH4 ,10PPBC,11,25, 212, 211, 207, 202, 200, 200, 201, 200, 200, 200, 198, 198, 197, 199, 201, 203, 204, 203, 203, 202, 203, 201, 200, 199
2010,14110510,110,CH4 ,10PPBC,11,26, 198, 198, 199, 196, 196, 196, 198, 199, 203, 204, 196, 194, 193, 192, 194, 209, 211, 204, 207, 206, 202, 203, 198, 194
2010,14110510,110,CH4 ,10PPBC,11,27, 195, 194, 193, 194, 193, 193, 194, 194, 193, 192, 192, 192, 193, 196, 193, 192, 192, 194, 195, 196, 198, 202, 205, 208
2010,14110510,110,CH4 ,10PPBC,11,28, 209, 206, 207, 202, 193, 195, 193, 192, 192, 193, 191, 190, 190, 190, 190, 190, 191, 192, 195, 197, 193, 192, 194, 195
2010,14110510,110,CH4 ,10PPBC,11,29, 193, 194, 197, 196, 196, 199, 203, 206, 201, 202, 196, 193, 192, 191, 192, 192, 194, 194, 195, 198, 201, 207, 204, 202
2010,14110510,110,CH4 ,10PPBC,11,30, 204, 207, 200, 198, 196, 197, 198, 197, 198, 197, 195, 197, 233, 202, 194, 194, 194, 196, 197, 197, 195, 194, 196, 200
2010,14110510,110,CH4 ,10PPBC,11,31,9998,9998,9998,9998,9998,9998,9998,9998,9998,9998,9998,9998,9998,9998,9998,9998,9998,9998,9998,9998,9998,9998,9998,9998
2010,14110510,110,CH4 ,10PPBC,12, 1, 201, 204, 205, 207, 206, 205, 207, 211, 209, 201, 199, 200, 196, 195, 199, 197, 200, 202, 208, 212, 227, 235, 227, 215
2010,14110510,110,CH4 ,10PPBC,12, 2, 202, 199, 199, 198, 198, 199, 198, 200, 197, 196,9999, 198, 199, 198, 199, 206, 201, 202, 202, 203, 205, 203, 203, 204
2010,14110510,110,CH4 ,10PPBC,12, 3, 203, 201, 199, 200, 200, 200, 195, 189, 190, 187, 187, 188, 189, 189, 189, 189, 188, 188, 191, 191, 192, 193, 194, 193
2010,14110510,110,CH4 ,10PPBC,12, 4, 193, 192, 192, 193, 193, 193, 195, 197, 195, 194, 193, 193, 193, 193, 192, 192, 192, 195, 196, 194, 195, 195, 198, 198
2010,14110510,110,CH4 ,10PPBC,12, 5, 201, 203, 202, 200, 200, 204, 202, 206, 209, 204, 199, 201, 202, 203, 196, 195, 196, 202, 209, 219, 227, 224, 215, 203
2010,14110510,110,CH4 ,10PPBC,12, 6, 200, 201, 199, 197, 195, 196, 197, 199, 200, 197, 198, 197, 195, 193, 193, 195, 196, 200, 194, 200, 204, 205, 210, 209
2010,14110510,110,CH4 ,10PPBC,12, 7, 211, 207, 206, 209, 216, 213, 209, 208, 204, 201, 200, 199, 194, 192, 192,9999, 194, 193, 193, 194, 194, 193, 192, 192
2010,14110510,110,CH4 ,10PPBC,12, 8, 192, 192, 192, 192, 191, 191, 192, 193, 194, 194, 192, 191, 191, 192, 192, 191, 191, 193, 193, 194, 195, 195, 195, 197
2010,14110510,110,CH4 ,10PPBC,12, 9, 197, 198, 194, 194, 194, 196, 197, 195, 196, 195, 194, 193, 191, 191, 191, 192, 193, 194, 195, 197, 199, 198, 204, 204
2010,14110510,110,CH4 ,10PPBC,12,10, 210, 215, 217, 206, 201, 203, 200, 201, 197, 196, 196, 195, 197, 197, 194, 194, 194, 197, 201, 204, 204, 206, 208, 211
2010,14110510,110,CH4 ,10PPBC,12,11, 214, 217, 216, 221, 210, 205, 205, 199, 191, 191, 190, 189, 188, 189, 188, 188, 188, 188, 189, 189, 190, 191, 190, 191
2010,14110510,110,CH4 ,10PPBC,12,12, 196, 199, 198, 197, 194, 193, 192, 193, 193, 193, 192, 192, 192, 193, 195, 199, 199, 198, 198, 196, 197, 198, 196, 196
2010,14110510,110,CH4 ,10PPBC,12,13, 195, 194, 195, 195, 195, 194, 193, 194, 193, 193, 194, 194, 194, 194, 194, 194, 193, 194, 194, 195, 196, 197, 197, 197
2010,14110510,110,CH4 ,10PPBC,12,14, 199, 201, 203, 197, 194, 194, 193, 193, 198, 197, 197, 198, 193, 192, 194, 197, 197, 195, 199, 203, 207, 211, 211, 205
2010,14110510,110,CH4 ,10PPBC,12,15, 198, 195, 195, 193, 192, 191, 192, 196, 194, 194, 194, 194, 197, 194, 194, 193, 195, 194, 194, 196, 197, 197, 197, 197
2010,14110510,110,CH4 ,10PPBC,12,16, 197, 195, 195, 195, 196, 196, 197, 197, 198, 199, 198, 196, 196, 201, 198, 211, 198, 199, 199, 200, 201, 200, 202, 205
2010,14110510,110,CH4 ,10PPBC,12,17, 204, 203, 204, 204, 208, 209, 207, 209, 208, 200, 197, 194, 193, 193,9999, 200, 198, 199, 205, 225, 231, 228, 222, 215
2010,14110510,110,CH4 ,10PPBC,12,18, 213, 206, 208, 205, 204, 204, 205, 216, 210, 207, 200, 197, 198, 199, 203, 211, 195, 193, 194, 194, 195, 196, 196, 198
2010,14110510,110,CH4 ,10PPBC,12,19, 198, 196, 195, 197, 196, 196, 198, 199, 199, 196, 196, 197, 198, 199, 201, 199, 198, 200, 206, 214, 212, 210, 207, 205
2010,14110510,110,CH4 ,10PPBC,12,20, 201, 200, 199, 199, 205, 209, 210, 210, 202, 198, 193, 191, 190, 190, 192, 198, 200, 202, 206, 212, 207, 204, 200, 199
2010,14110510,110,CH4 ,10PPBC,12,21, 197, 202, 206, 207, 207, 205, 198, 199, 196, 196, 196, 197, 197, 196, 195, 196,9999, 196, 197, 197, 195, 195, 195, 196
2010,14110510,110,CH4 ,10PPBC,12,22, 194, 194, 195, 195, 193, 192, 192, 195, 200, 196, 192, 189, 188, 189, 189, 189, 190, 198, 201, 210, 210, 214, 217, 229
2010,14110510,110,CH4 ,10PPBC,12,23, 238, 229, 222, 216, 220, 228, 230, 229, 225, 196, 191, 190, 190, 189, 190, 191, 192, 193, 198, 206, 217, 217, 223, 221
2010,14110510,110,CH4 ,10PPBC,12,24, 228, 228, 225, 209, 197, 194, 194, 194, 195, 195, 194, 193, 193, 193, 192, 192, 192, 195, 196, 197, 199, 200, 199, 199
2010,14110510,110,CH4 ,10PPBC,12,25, 199, 199, 198, 201, 203, 194, 192, 192, 192, 192, 192, 192, 191, 191, 191, 191, 192, 192, 193, 193, 193, 193, 193, 192
2010,14110510,110,CH4 ,10PPBC,12,26, 192, 192, 191, 192, 191, 191, 192, 192, 193, 192, 192, 191, 191, 190, 190, 191, 191, 192, 192, 193, 194, 194, 195, 195
2010,14110510,110,CH4 ,10PPBC,12,27, 195, 198, 196, 195, 193, 193, 193, 194, 194, 194, 193, 193, 193, 193, 193, 193, 194, 195, 199, 200, 208, 211, 212, 211
2010,14110510,110,CH4 ,10PPBC,12,28, 218, 215, 213, 215, 215, 217, 223, 218, 225, 212, 203, 195, 192, 192, 192, 191,9999, 192, 191, 191, 193, 195, 196, 202
2010,14110510,110,CH4 ,10PPBC,12,29, 204, 209, 209, 207, 208, 210, 211, 214, 213, 202, 198, 196, 194, 195, 193, 194, 195, 197, 195, 195, 195, 197, 199, 204
2010,14110510,110,CH4 ,10PPBC,12,30, 206, 205, 207, 209, 205, 201, 201, 201, 206, 207, 201, 197, 197, 197, 196, 204, 201, 199, 197, 198, 198, 197, 200, 202
2010,14110510,110,CH4 ,10PPBC,12,31, 208, 209, 207, 201, 204, 206, 207, 207, 202, 197, 194, 193, 193, 192, 192, 192, 193, 199, 201, 208, 203, 201, 201, 202
2010,14110510,110,CH4 ,10PPBC, 1, 1, 205, 214, 225, 220, 225, 230, 229, 233, 220, 205, 197, 195, 195, 196, 196, 195, 198, 201, 208, 204, 205, 201, 202, 205
2010,14110510,110,CH4 ,10PPBC, 1, 2, 206, 208, 207, 206, 204, 204, 202, 202, 202, 200, 198, 196, 195, 194, 197, 198, 196, 199, 201, 200, 198, 198, 197, 196
2010,14110510,110,CH4 ,10PPBC, 1, 3, 197, 199, 199, 199, 200, 201, 200, 198, 197, 197, 195, 194, 195, 195, 197, 199, 195, 199, 207, 206, 215, 215, 209, 204
2010,14110510,110,CH4 ,10PPBC, 1, 4, 198, 197, 196, 195, 194, 195, 196, 196, 196, 197, 195, 194, 193, 193, 192, 193, 195, 199, 204, 207, 206, 207, 206, 207
2010,14110510,110,CH4 ,10PPBC, 1, 5, 211, 209, 205, 207, 207, 209, 207, 216, 209, 205, 196, 192, 192, 193, 193, 191, 191, 192, 193, 193, 195, 194, 198, 195
2010,14110510,110,CH4 ,10PPBC, 1, 6, 192, 193, 191, 191, 192, 192, 194, 194, 195, 194, 193, 192, 192, 193, 195, 195, 195, 193, 195, 196, 196, 195, 195, 194
2010,14110510,110,CH4 ,10PPBC, 1, 7, 194, 193, 193, 193, 193, 194, 194, 196, 195, 194, 194, 193, 194, 193, 193, 193,9999,9999, 195, 196, 196, 196, 195, 194
2010,14110510,110,CH4 ,10PPBC, 1, 8, 195, 196, 197, 200, 201, 201, 202, 200, 201, 201, 198, 195, 194, 194, 194, 194, 194, 195, 196, 197, 202, 207, 212, 214
2010,14110510,110,CH4 ,10PPBC, 1, 9, 217, 217, 224, 221, 212, 202, 192, 193, 193, 193, 191, 191, 191, 190, 190, 191, 204, 221, 216, 195, 196, 195, 194, 194
2010,14110510,110,CH4 ,10PPBC, 1,10, 193, 194, 194, 194, 195, 195, 196, 195, 195, 194, 194, 193, 194, 194, 194, 195, 195, 196, 196, 196, 197, 197, 197, 196
2010,14110510,110,CH4 ,10PPBC, 1,11, 195, 195, 195, 196, 196, 197, 198, 197, 200, 201, 198, 197, 196, 195, 195, 198, 200, 198, 202, 209, 215, 217, 220, 214
2010,14110510,110,CH4 ,10PPBC, 1,12, 218, 214, 209, 207, 206, 202, 201, 202, 203, 200, 200, 198, 197, 194, 194,9999,9999,9999,9999, 195, 195, 195, 195, 196
2010,14110510,110,CH4 ,10PPBC, 1,13, 195, 195, 195, 194, 194, 195, 195, 196, 196, 195,9999,9999, 194, 194, 194, 194, 195, 195, 196, 197, 197, 196, 197, 197
2010,14110510,110,CH4 ,10PPBC, 1,14, 199, 198, 197, 198, 202, 202, 207, 207, 209, 203, 201, 202, 204, 200, 198, 196, 196, 199, 203, 209, 217, 221, 217, 209
2010,14110510,110,CH4 ,10PPBC, 1,15, 209, 203, 202, 204, 206, 209, 210, 216, 223, 220, 206, 196, 193, 193, 194, 204, 214, 208, 224, 215, 212, 210, 205, 203
2010,14110510,110,CH4 ,10PPBC, 1,16, 203, 206, 206, 202, 200, 198, 196, 196, 195, 195, 194, 195, 194, 193, 194, 194, 194, 195, 197, 197, 197, 197, 196, 196
2010,14110510,110,CH4 ,10PPBC, 1,17, 196, 197, 196, 196, 200, 203, 212, 219, 223, 211, 198, 195, 193, 193, 193, 193, 193, 194, 196, 196, 196, 197, 199, 204
2010,14110510,110,CH4 ,10PPBC, 1,18, 209, 212, 217, 218, 219, 222, 216, 220, 213, 206, 201, 198, 196, 195, 195, 194, 195, 197, 206, 215, 220, 213, 205, 200
2010,14110510,110,CH4 ,10PPBC, 1,19, 200, 202, 202, 203, 205, 211, 217, 221, 217, 206,9999,9999,9999,9999, 213, 198, 197, 198, 202, 210, 202, 200, 201, 201
2010,14110510,110,CH4 ,10PPBC, 1,20, 203, 205, 205, 203, 203, 205, 209, 211, 204, 201, 198, 196, 196, 194,9999,9999,9999, 197, 196, 196, 195, 195, 196, 196
2010,14110510,110,CH4 ,10PPBC, 1,21, 196, 196, 195, 195, 195, 195, 194, 195, 196, 196, 195, 195, 195, 194, 194, 195, 196, 197, 199, 202, 206, 206, 203, 200
2010,14110510,110,CH4 ,10PPBC, 1,22, 198, 198, 196, 196, 196, 196, 197, 199, 199, 198, 195, 195, 194, 193, 193, 193, 193, 195, 200, 203, 208, 202, 201, 202
2010,14110510,110,CH4 ,10PPBC, 1,23, 204, 208, 207, 206, 210, 209, 210, 213, 207, 204, 202, 201, 200, 198, 200, 201, 201, 200, 200, 201, 199, 200, 201, 202
2010,14110510,110,CH4 ,10PPBC, 1,24, 200, 200, 200, 201, 200, 200, 201, 201, 201, 201, 200, 200, 199, 198, 201, 203, 204, 201, 201, 201, 199, 199, 199, 200
2010,14110510,110,CH4 ,10PPBC, 1,25, 200, 199, 201, 201, 201, 201, 204, 207, 204, 201, 198, 198, 197, 196, 197, 197, 198, 200, 203, 199, 200, 199, 199, 201
2010,14110510,110,CH4 ,10PPBC, 1,26, 201, 201, 202, 202, 204, 209, 216, 218, 211, 206,9999,9999,9999,9999,9999, 193, 194, 198, 197, 197, 196, 196, 197, 198
2010,14110510,110,CH4 ,10PPBC, 1,27, 198, 199, 200, 202, 204, 208, 212, 215, 219, 208, 202, 200, 199, 196, 195, 195, 195, 196, 197, 197, 197, 198, 199, 199
2010,14110510,110,CH4 ,10PPBC, 1,28, 200, 198, 199, 201, 203, 204, 204, 205, 205, 201, 199, 198, 196, 196, 196, 197, 198, 197, 196, 196, 196, 197, 196, 196
2010,14110510,110,CH4 ,10PPBC, 1,29, 199, 199, 198, 197, 197, 197, 198, 198, 198, 197, 198, 199, 198, 197, 196, 195, 195, 198, 200, 205, 211, 213, 210, 211
2010,14110510,110,CH4 ,10PPBC, 1,30, 208, 208, 206, 207, 208, 197, 196, 196, 196, 195, 195, 194, 194, 193, 193, 193, 193, 200, 200, 198, 199, 201, 200, 198
2010,14110510,110,CH4 ,10PPBC, 1,31, 200, 201, 205, 208, 205, 207, 208, 208, 201, 197, 196, 196, 196, 195, 195, 194, 194, 197, 201, 204, 208, 212, 220, 218
2010,14110510,110,CH4 ,10PPBC, 2, 1, 219, 221, 221, 216, 214, 210, 214, 228, 242, 222, 205, 200, 197, 196, 195, 194, 194, 196, 200, 203, 200, 199, 200, 199
2010,14110510,110,CH4 ,10PPBC, 2, 2, 200, 201, 199, 198, 197, 198, 198, 198, 198, 199, 199, 200, 202, 202, 199, 199, 200, 199, 203, 205, 209, 207, 213, 219
2010,14110510,110,CH4 ,10PPBC, 2, 3, 216, 210, 207, 202, 201, 202, 204, 205, 207, 200, 200, 200, 202,9999,9999,9999, 196, 196, 198, 200, 202, 201, 204, 204
2010,14110510,110,CH4 ,10PPBC, 2, 4, 200, 206, 209, 213, 214, 206, 204, 204, 206, 208, 200, 197, 201, 204, 202, 196, 199, 203, 209, 219, 234, 231, 233, 230
2010,14110510,110,CH4 ,10PPBC, 2, 5, 221, 212, 208, 205, 204, 204, 203, 203, 202, 201, 200, 199, 199, 200, 204, 202, 202, 204, 209, 218, 220, 224, 217, 215
2010,14110510,110,CH4 ,10PPBC, 2, 6, 216, 217, 214, 215, 216, 212, 209, 207, 205, 205, 207, 206, 203, 203, 202, 204, 202, 204, 206, 209, 209, 208, 207, 206
2010,14110510,110,CH4 ,10PPBC, 2, 7, 208, 210, 211, 212, 214, 223, 226, 219, 208, 197, 196, 195, 195, 195, 195, 197, 197, 197, 198, 197, 198, 198, 199, 199
2010,14110510,110,CH4 ,10PPBC, 2, 8, 198, 198, 197, 197, 196, 197, 197, 199, 202, 200, 199, 199, 202, 203, 201, 199, 200, 200, 200, 200, 200, 202, 200, 198
2010,14110510,110,CH4 ,10PPBC, 2, 9, 197, 196, 197, 197, 197, 196, 197, 199, 197, 197, 197, 197, 197, 197, 196, 199, 202, 199, 201, 208, 212, 214, 211, 202
2010,14110510,110,CH4 ,10PPBC, 2,10, 198, 198, 197, 196, 195, 195, 195, 196, 197, 197, 196, 196, 197, 197, 200,9999,9999, 211, 203, 202, 200, 199, 199, 198
2010,14110510,110,CH4 ,10PPBC, 2,11, 197, 198, 198, 197, 197, 197, 197, 197, 198, 198, 198, 197, 197, 197, 197, 197, 199, 198, 198, 199, 198, 198, 197, 196
2010,14110510,110,CH4 ,10PPBC, 2,12, 196, 195, 195, 195, 195, 196, 195, 195, 196, 196, 195, 195, 195, 196, 195, 196, 196, 196, 198, 197, 199, 202, 207, 208
2010,14110510,110,CH4 ,10PPBC, 2,13, 206, 205, 207, 208, 205, 207, 208, 208, 201, 198, 198, 198, 198, 198, 198, 201, 200, 201, 205, 206, 201, 204, 203, 201
2010,14110510,110,CH4 ,10PPBC, 2,14, 200, 200, 200, 202, 202, 201, 201, 202, 202, 201, 201, 203, 206, 207, 211, 204, 204, 203, 203, 203, 204, 204, 202, 201
2010,14110510,110,CH4 ,10PPBC, 2,15, 201, 198, 197, 198, 199, 199, 199, 199, 200, 201, 201, 199, 198, 197, 196, 196, 197, 197, 198, 199, 200, 200, 202, 203
2010,14110510,110,CH4 ,10PPBC, 2,16, 203, 204, 206, 208, 211, 213, 212, 208, 207, 205, 204, 205, 207, 200, 198, 198, 198, 200, 203, 210, 209, 213, 212, 212
2010,14110510,110,CH4 ,10PPBC, 2,17, 207, 210, 208, 208, 210, 210, 212, 215, 215, 219, 224, 218, 204, 198, 194, 193, 194, 195, 195, 196, 196, 197, 196, 196
2010,14110510,110,CH4 ,10PPBC, 2,18, 195, 192, 191, 191, 191, 191, 191, 192, 196, 195,9999,9999, 194, 193, 193, 194, 194, 196, 196, 197, 197, 197, 197, 197
2010,14110510,110,CH4 ,10PPBC, 2,19, 197, 197, 197, 197, 197, 198, 198, 198, 198, 197, 197, 197, 200, 199, 197, 199, 200, 199, 198, 199, 201, 203, 205, 203
2010,14110510,110,CH4 ,10PPBC, 2,20, 204, 205, 205, 202, 199, 198, 198, 198, 199, 200, 200, 199, 198, 199, 199, 199, 200, 201, 200, 199, 197, 196, 198, 198
2010,14110510,110,CH4 ,10PPBC, 2,21, 196, 196, 195, 195, 196, 196, 196, 196, 197, 196, 195, 195, 195, 196, 199, 197, 196, 196, 196, 197, 201, 198, 199, 199
2010,14110510,110,CH4 ,10PPBC, 2,22, 200, 198, 198, 199, 204, 203, 204, 204, 203, 199, 198, 197, 196, 196, 197, 198, 198, 197, 197, 197, 199, 198, 201, 201
2010,14110510,110,CH4 ,10PPBC, 2,23, 202, 200, 203, 203, 200, 199, 199, 199, 198, 197, 198, 200, 199, 199, 195, 195, 195, 196, 198, 200, 202, 222, 226, 225
2010,14110510,110,CH4 ,10PPBC, 2,24, 218, 219, 212, 205, 200, 201, 201, 204, 208, 211, 211, 206, 201, 195, 195, 194,9999,9999, 190, 191, 194, 191, 189, 187
2010,14110510,110,CH4 ,10PPBC, 2,25, 187, 187, 186, 186, 186, 186, 186, 186, 186, 185, 184, 184, 184, 184, 184, 184, 184, 186, 187, 188, 192, 192, 193, 192
2010,14110510,110,CH4 ,10PPBC, 2,26, 192, 192, 192, 192, 192, 192, 192, 193, 193, 194, 195, 196, 196, 195, 195, 194, 194, 194, 194, 197, 197, 199, 198, 199
2010,14110510,110,CH4 ,10PPBC, 2,27, 206, 208, 206, 204, 205, 202, 200, 201, 200, 202, 190, 190, 189, 189, 188, 188, 188, 189, 190, 190, 195, 197, 197, 198
2010,14110510,110,CH4 ,10PPBC, 2,28, 197, 196, 195, 194, 193, 193, 193, 193, 194, 193, 193, 192, 192, 192, 193, 192, 192, 192, 192, 192, 193, 193, 193, 193
2010,14110510,110,CH4 ,10PPBC, 2,29,9998,9998,9998,9998,9998,9998,9998,9998,9998,9998,9998,9998,9998,9998,9998,9998,9998,9998,9998,9998,9998,9998,9998,9998
2010,14110510,110,CH4 ,10PPBC, 2,30,9998,9998,9998,9998,9998,9998,9998,9998,9998,9998,9998,9998,9998,9998,9998,9998,9998,9998,9998,9998,9998,9998,9998,9998
2010,14110510,110,CH4 ,10PPBC, 2,31,9998,9998,9998,9998,9998,9998,9998,9998,9998,9998,9998,9998,9998,9998,9998,9998,9998,9998,9998,9998,9998,9998,9998,9998
2010,14110510,110,CH4 ,10PPBC, 3, 1, 192, 191, 192, 192, 191, 192, 193, 195, 194, 194, 194, 196, 197, 199, 203, 204, 198, 196, 197, 193, 195, 195, 195, 196
2010,14110510,110,CH4 ,10PPBC, 3, 2, 196, 197, 199, 198, 198, 198, 202, 203, 201, 199, 193, 190, 191, 191, 190, 191, 190, 189, 189, 191, 192, 193, 195, 196
2010,14110510,110,CH4 ,10PPBC, 3, 3, 196, 192, 190, 191, 191, 191, 191, 191, 191, 191, 191, 190, 191, 190, 191, 190, 191, 191, 192, 191, 192, 192, 193, 194
2010,14110510,110,CH4 ,10PPBC, 3, 4, 194, 195, 195, 195, 197, 197, 198, 195, 193, 192, 192,9999, 192, 192, 193, 193, 193, 193, 194, 196, 197, 199, 199, 200
2010,14110510,110,CH4 ,10PPBC, 3, 5, 202, 202, 202, 202, 203, 204, 204, 201, 194, 193, 193, 193, 193, 193, 193, 192, 192, 193, 193, 194, 194, 194, 196, 196
2010,14110510,110,CH4 ,10PPBC, 3, 6, 197, 197, 202, 204, 201, 199, 200, 201, 201, 197, 190, 189, 189, 188, 187, 187, 188, 197, 205, 205, 201, 200, 204, 203
2010,14110510,110,CH4 ,10PPBC, 3, 7, 201, 200, 200, 199, 197, 193, 193, 193, 193, 193, 195, 194, 193, 192, 192, 192, 193, 194, 196, 195, 196, 195, 195, 194
2010,14110510,110,CH4 ,10PPBC, 3, 8, 196, 196, 197, 197, 197, 200, 201, 202, 200, 197, 194, 193, 193, 195, 197, 195, 193, 192, 194, 204, 207, 203, 208, 210
2010,14110510,110,CH4 ,10PPBC, 3, 9, 208, 197, 197, 198, 200, 201, 205, 201, 196, 196, 196, 193, 191, 190,9999,9999, 189, 189, 189, 190, 191, 192, 191, 192
2010,14110510,110,CH4 ,10PPBC, 3,10, 192, 193, 193, 193, 193, 193, 194, 194, 195, 194, 193, 193, 194, 195, 195, 194, 195, 196, 197, 199, 198, 200, 200, 199
2010,14110510,110,CH4 ,10PPBC, 3,11, 199, 201, 201, 200, 196, 195, 195, 196, 195, 194, 192, 192, 191, 191, 191,9999,9999,9999,9999,9999,9999,9999,9999,9999
2010,14110510,110,CH4 ,10PPBC, 3,12,9999,9999,9999,9999,9999,9999,9999,9999,9999,9999,9999,9999,9999,9999, 194, 195, 195, 197, 199, 204, 200, 197, 195, 201
2010,14110510,110,CH4 ,10PPBC, 3,13, 207, 204, 199, 200, 201, 203, 207, 203, 201, 199, 196, 195, 193, 192, 193, 192, 192, 192, 193, 193, 193, 194, 199, 196
2010,14110510,110,CH4 ,10PPBC, 3,14, 197, 198, 198, 202, 211, 204, 209, 201, 193, 190, 189, 188, 187, 187, 187, 187, 187, 188, 189, 189, 189, 190, 190, 191
2010,14110510,110,CH4 ,10PPBC, 3,15, 192, 197, 199, 195, 194, 196, 196, 194, 194, 196, 196, 195, 198,9999,9999,9999,9999,9999,9999,9999,9999,9999,9999,9999
2010,14110510,110,CH4 ,10PPBC, 3,16,9999,9999,9999,9999,9999,9999,9999,9999,9999,9999,9999,9999,9999,9999,9999,9999,9999, 191, 192, 192, 193, 194, 195, 194
2010,14110510,110,CH4 ,10PPBC, 3,17, 194, 194, 193, 195, 194, 195, 194, 194, 193, 193, 193,9999, 193, 192,9999,9999,9999,9999, 195, 195, 195, 195, 195, 195
2010,14110510,110,CH4 ,10PPBC, 3,18, 195, 195, 195, 194, 195, 195, 195, 194, 194, 194, 193, 194, 195, 193, 193, 193, 193, 193,9999,9999,9999,9999, 193, 193
2010,14110510,110,CH4 ,10PPBC, 3,19, 192, 192, 192, 192, 192, 192, 192, 194, 193, 190, 190, 190, 190, 189, 189, 189, 189, 190, 191, 193, 197, 206, 209, 205
2010,14110510,110,CH4 ,10PPBC, 3,20, 198, 199, 198, 199, 203, 204, 203, 197, 195, 194, 195, 199, 201, 193, 193, 190, 189, 189, 188, 190, 189, 189, 189, 188
2010,14110510,110,CH4 ,10PPBC, 3,21, 188, 188, 188, 187, 188, 188, 188, 196, 195, 195, 195, 195, 195, 195, 195, 193, 195, 194, 193, 194, 193, 193, 194, 199
2010,14110510,110,CH4 ,10PPBC, 3,22, 192, 192, 191, 190, 191, 191, 191, 192, 192, 191, 191, 191, 191, 191, 191, 191, 191, 192, 194, 195, 199, 198, 197, 199
2010,14110510,110,CH4 ,10PPBC, 3,23, 198, 196, 193, 191, 192, 191, 192, 192, 192, 192,9999, 192, 194, 194, 193, 194, 194, 193, 193,9999,9999, 193, 192, 192
2010,14110510,110,CH4 ,10PPBC, 3,24, 193, 196, 196, 197, 199, 199, 200, 201, 198, 194, 195, 195, 194, 193, 192, 191, 191, 191, 193, 193, 193, 195, 195, 197
2010,14110510,110,CH4 ,10PPBC, 3,25, 199, 199, 202, 205, 200, 202, 200, 202, 206, 198, 195, 193, 191, 190, 190, 190, 190, 190, 191, 191, 194, 196, 196, 198
2010,14110510,110,CH4 ,10PPBC, 3,26, 200, 197, 195, 196, 197, 196, 196, 196, 193, 193, 192, 191, 191, 192, 191, 191, 191, 191, 192, 192, 193, 193, 193, 193
2010,14110510,110,CH4 ,10PPBC, 3,27, 194, 193, 194, 195, 194, 195, 194, 194, 194, 194, 193, 192, 199, 212, 205, 194, 193, 193, 194, 196, 195, 197, 195, 194
2010,14110510,110,CH4 ,10PPBC, 3,28, 194, 195, 196, 195, 195, 196, 196, 195, 195, 196, 196, 196, 195, 194, 194, 194, 192, 191, 193, 194, 199, 200, 197, 197
2010,14110510,110,CH4 ,10PPBC, 3,29, 196, 194, 195, 199, 200, 199, 201, 199, 196, 194, 193, 193, 192,9999,9999,9999, 190, 190, 191, 193, 194, 195, 197, 195
2010,14110510,110,CH4 ,10PPBC, 3,30, 195, 195, 194, 195, 194, 194, 195, 194, 192, 193, 193, 194, 192, 190, 190, 190, 190, 190, 192, 195, 202, 203, 192, 191
2010,14110510,110,CH4 ,10PPBC, 3,31, 192, 193, 192, 192, 192, 192, 193, 193, 193, 192, 192, 194, 193, 190, 190, 189, 189, 189, 190, 192, 192, 192, 192, 192
2010,14112020,112,CH4 ,10PPBC, 4, 1,9999, 204, 203, 205, 204, 202, 200, 186, 183, 183, 184, 184, 184, 183, 183, 183, 184, 183, 184, 184, 183, 183, 183, 182
2010,14112020,112,CH4 ,10PPBC, 4, 2, 182, 181, 181, 181, 181, 181, 181, 180, 180, 180, 179, 180, 182, 184, 185, 186, 188, 187, 189, 188, 188, 190, 191, 189
2010,14112020,112,CH4 ,10PPBC, 4, 3, 193, 188, 186, 186, 186, 186, 187, 187, 187, 188, 188, 189, 189, 187, 186, 187, 187, 188, 189, 190, 191, 197, 191, 194
2010,14112020,112,CH4 ,10PPBC, 4, 4,9999, 193, 194, 192, 192, 192, 192, 190, 189, 193, 194, 190, 191, 191, 192, 191, 191, 191, 192, 193, 193, 192, 192, 191
2010,14112020,112,CH4 ,10PPBC, 4, 5, 190, 189, 189, 189, 189, 189, 190, 191, 190, 191, 191, 189, 191, 190, 190, 190, 190, 189, 190, 191, 194, 194, 195, 197
2010,14112020,112,CH4 ,10PPBC, 4, 6, 195, 198, 195, 195, 193, 194, 193, 197, 196, 193,9999,9999, 187, 186, 186, 187, 187, 188, 188, 189, 189, 190, 192, 194
2010,14112020,112,CH4 ,10PPBC, 4, 7, 189, 188, 187, 185, 184, 190, 196, 194, 191, 194, 194, 196, 191, 192, 194, 189, 189, 189, 189, 189, 191, 193, 190, 190
2010,14112020,112,CH4 ,10PPBC, 4, 8, 190, 190, 190, 189, 190, 191, 191, 190, 190, 190, 190, 189, 190, 190, 190, 191, 192, 193, 193, 193, 192, 193, 192, 198
2010,14112020,112,CH4 ,10PPBC, 4, 9,9999, 190, 189, 189, 191, 191, 191, 191, 191, 192, 194, 188, 188, 188, 188, 187, 187, 187, 187, 187, 189, 193, 197, 197
2010,14112020,112,CH4 ,10PPBC, 4,10, 195, 195, 195, 192, 191, 190, 190, 190, 187, 188, 189, 192, 190, 186, 185, 185, 185, 182, 183, 184, 185, 185, 186, 184
2010,14112020,112,CH4 ,10PPBC, 4,11, 185, 186, 184, 183, 183, 186, 189, 190, 188, 188, 187, 187, 186, 190, 191, 186, 183, 183, 185, 185, 186, 187, 190, 189
2010,14112020,112,CH4 ,10PPBC, 4,12,9999, 188, 187, 186, 186, 186, 186, 186, 186, 186, 186, 186, 186,9999,9999, 187, 188, 188, 188, 188, 188, 188, 188, 188
2010,14112020,112,CH4 ,10PPBC, 4,13, 186, 185, 184, 184, 185, 185, 185, 185, 186, 185, 185, 184, 184, 184, 184, 185, 184, 184, 184, 185, 185, 186, 187, 186
2010,14112020,112,CH4 ,10PPBC, 4,14, 191, 190, 188, 188, 188, 188, 188, 188, 188, 188, 188, 188, 190, 191, 190, 190, 190, 190, 191, 191, 192, 191, 191, 190
2010,14112020,112,CH4 ,10PPBC, 4,15,9999, 187, 186, 186, 185, 185, 185, 185, 185, 185, 185, 187, 189, 190, 189, 192, 193, 188, 187, 188, 200, 194, 192, 194
2010,14112020,112,CH4 ,10PPBC, 4,16, 193, 191, 188, 186, 186, 186, 186, 187, 187, 186, 187, 187, 187, 187, 186, 186, 186, 186, 186, 187, 187, 187, 186, 187
2010,14112020,112,CH4 ,10PPBC, 4,17, 186, 185, 185, 184, 185, 186, 185, 184, 186, 185, 185, 183, 184, 184, 184, 188, 187, 188, 188, 188, 189, 189, 193, 194
2010,14112020,112,CH4 ,10PPBC, 4,18,9999, 194, 193, 194, 195, 206, 202, 195, 190, 188, 188, 188, 192, 192, 190, 187, 187, 188, 193, 190, 190, 191, 195, 198
2010,14112020,112,CH4 ,10PPBC, 4,19, 199, 199, 197, 193, 193, 193, 191, 191, 191, 192,9999, 190, 186, 186, 186, 187, 186, 186, 187, 188, 188, 188, 188, 187
2010,14112020,112,CH4 ,10PPBC, 4,20, 186, 185, 185, 185, 185, 184, 183, 183, 182, 182, 182, 182, 182, 181, 182, 182, 181, 182, 183, 184, 187, 188, 192, 190
2010,14112020,112,CH4 ,10PPBC, 4,21, 196, 191, 189, 189, 193, 191, 192, 192, 191, 188, 186, 182, 181, 184, 183, 182, 178, 179, 180, 181, 183, 185, 187, 188
2010,14112020,112,CH4 ,10PPBC, 4,22,9999, 188, 188, 188, 190, 188, 189, 189, 189, 190, 190, 188, 187, 186, 186, 186, 185, 184, 185, 185, 184, 184, 185, 184
2010,14112020,112,CH4 ,10PPBC, 4,23, 184, 183, 183, 183, 183, 183, 183, 184, 184, 185, 185, 185, 185, 184, 185, 186, 187, 187, 188, 192, 193, 197, 187, 187
2010,14112020,112,CH4 ,10PPBC, 4,24, 198, 204, 208, 200, 188, 194, 191, 186, 185, 185, 185, 184, 184, 186, 187, 187, 187, 188, 188, 188, 192, 193, 188, 188
2010,14112020,112,CH4 ,10PPBC, 4,25,9999, 187, 188, 192, 195, 194, 190, 189, 188, 188, 190, 189, 188, 187, 187, 188, 188, 188, 189, 189, 190, 191, 191, 192
2010,14112020,112,CH4 ,10PPBC, 4,26, 195, 192, 192, 193, 191, 195, 192, 190, 189, 189,9999, 191, 190, 191, 188, 187, 187, 187, 188, 191, 193, 193, 193, 191
2010,14112020,112,CH4 ,10PPBC, 4,27, 191, 202, 191, 190, 189, 189, 189, 189, 190, 190, 191, 192, 192, 192, 192, 190, 188, 185, 188, 190, 193, 188, 187, 186
2010,14112020,112,CH4 ,10PPBC, 4,28, 185, 185, 185, 184, 185, 185, 185, 188, 186, 186, 184, 185, 184, 184, 184, 184, 184, 185, 187, 186, 187, 189, 190, 189
2010,14112020,112,CH4 ,10PPBC, 4,29,9999, 192, 197, 191, 187, 184, 184, 184, 184, 183, 183, 183, 183, 183, 184, 184, 184, 185, 187, 189, 189, 189, 189, 191
2010,14112020,112,CH4 ,10PPBC, 4,30, 190, 190, 190, 189, 188, 190, 189, 187, 187, 188, 190, 189, 187, 186, 185, 185, 185, 186, 187, 188, 190, 190, 190, 191
2010,14112020,112,CH4 ,10PPBC, 4,31,9998,9998,9998,9998,9998,9998,9998,9998,9998,9998,9998,9998,9998,9998,9998,9998,9998,9998,9998,9998,9998,9998,9998,9998
2010,14112020,112,CH4 ,10PPBC, 5, 1, 190, 192, 192, 193, 195, 195, 193, 191, 190, 190, 190, 189, 188, 187, 187, 186, 186, 186, 188, 189, 190, 190, 191, 192
2010,14112020,112,CH4 ,10PPBC, 5, 2,9999,9999,9999,9999,9999,9999,9999,9999,9999,9999,9999,9999,9999,9999,9999,9999,9999,9999,9999,9999,9999,9999,9999,9999
2010,14112020,112,CH4 ,10PPBC, 5, 3,9999,9999,9999,9999,9999,9999,9999,9999,9999,9999,9999,9999,9999,9999,9999,9999,9999,9999,9999,9999,9999,9999,9999,9999
2010,14112020,112,CH4 ,10PPBC, 5, 4,9999,9999,9999,9999,9999,9999,9999,9999,9999,9999,9999,9999,9999,9999,9999,9999,9999,9999,9999,9999,9999,9999,9999,9999
2010,14112020,112,CH4 ,10PPBC, 5, 5,9999,9999,9999,9999,9999,9999,9999,9999,9999,9999,9999,9999,9999,9999,9999,9999,9999,9999,9999,9999,9999,9999,9999,9999
2010,14112020,112,CH4 ,10PPBC, 5, 6,9999,9999,9999,9999,9999,9999,9999,9999,9999,9999,9999,9999,9999,9999,9999,9999, 179, 179, 179, 179, 181, 180, 180, 180
2010,14112020,112,CH4 ,10PPBC, 5, 7, 180, 180, 180, 180, 179, 179, 179, 179, 179, 179, 179, 179, 179, 179, 178, 178, 177, 177, 177, 177, 178, 178, 181, 189
2010,14112020,112,CH4 ,10PPBC, 5, 8, 187, 185, 184, 184, 183, 184, 185, 185, 187, 189, 189, 189, 188, 187, 186, 186, 186, 186, 186, 186, 186, 186, 185, 185
2010,14112020,112,CH4 ,10PPBC, 5, 9,9999, 186, 189, 192, 194, 195, 191, 187, 186, 187, 187, 187, 189, 191, 190, 190, 190, 190, 190, 190, 191, 193, 189, 193
2010,14112020,112,CH4 ,10PPBC, 5,10, 192, 190, 190, 189, 192, 191, 189, 189, 189, 189, 190, 190, 191, 189, 186, 187, 188, 188, 190, 190, 190, 190, 188, 188
2010,14112020,112,CH4 ,10PPBC, 5,11, 187, 187, 188, 187, 190, 190, 192, 192, 190, 189,9999,9999, 186, 185, 190, 193, 191, 189, 192, 187, 188, 190, 188, 190
2010,14112020,112,CH4 ,10PPBC, 5,12, 190, 187, 187, 186, 185, 185, 186, 186, 187, 186, 185, 185, 185, 186, 185, 186, 186, 187, 187, 188, 188, 187, 189, 190
2010,14112020,112,CH4 ,10PPBC, 5,13, 190, 191, 190, 187, 189, 188, 187, 186, 186, 186, 186, 186, 187, 187, 188, 188, 188, 188, 188, 187, 187, 188, 188, 187
2010,14112020,112,CH4 ,10PPBC, 5,14,9999, 187, 186, 186, 186, 186, 186, 186, 185, 184, 184, 184, 186, 189, 189, 189, 188, 189, 189, 189, 189, 188, 188, 189
2010,14112020,112,CH4 ,10PPBC, 5,15, 190, 189, 191, 187, 188, 189, 189, 186, 187, 186, 187, 189, 188, 188, 188, 188, 188, 188, 188, 189, 189, 189, 188, 188
2010,14112020,112,CH4 ,10PPBC, 5,16, 190, 190, 191, 191, 193, 196, 192, 188, 186, 186, 185, 186, 186, 185, 185, 185, 185, 185, 186, 186, 186, 187, 189, 191
2010,14112020,112,CH4 ,10PPBC, 5,17,9999, 195, 194, 193, 190, 192, 192, 188, 187, 186, 187, 188, 187, 186, 184, 184, 184, 183, 184, 185, 186, 185, 186, 188
2010,14112020,112,CH4 ,10PPBC, 5,18, 187, 188, 191, 192, 193, 193, 189, 185, 183, 183,9999, 182, 181, 181, 182, 182, 182, 182, 182, 182, 182, 182, 182, 181
2010,14112020,112,CH4 ,10PPBC, 5,19, 181, 181, 181, 181, 181, 180, 180, 180, 181, 181, 181, 181, 181, 181, 181, 181, 180, 180, 180, 180, 180, 179, 179, 180
2010,14112020,112,CH4 ,10PPBC, 5,20, 179, 179, 179, 179, 179, 179, 179, 180, 179, 180, 178, 178, 178, 182, 185, 184, 184, 184, 185, 185, 186, 186, 186, 186
2010,14112020,112,CH4 ,10PPBC, 5,21,9999, 189, 187, 186, 188, 189, 190, 189, 189, 189, 188, 190, 187, 187, 186, 186, 187, 186, 187, 188, 188, 189, 189, 189
2010,14112020,112,CH4 ,10PPBC, 5,22, 191, 194, 198, 199, 198, 197, 196, 195, 192, 193, 196, 195, 193, 192, 193, 192, 191, 189, 188, 189, 189, 189, 190, 190
2010,14112020,112,CH4 ,10PPBC, 5,23, 189, 190, 189, 191, 195, 202, 196, 194, 192, 192, 191, 188, 190, 193, 192, 189, 189, 187, 188, 188, 187, 185, 185, 186
2010,14112020,112,CH4 ,10PPBC, 5,24,9999, 186, 185, 185, 191, 185, 185, 185, 184, 184,9999,9999, 185, 185, 187, 186, 189, 189, 191, 194, 190, 184, 184, 183
2010,14112020,112,CH4 ,10PPBC, 5,25, 184, 184, 184, 184, 184, 185, 185, 188, 186, 185, 185, 185, 186, 186, 186, 186, 188, 189, 190, 191, 190, 188, 187, 188
2010,14112020,112,CH4 ,10PPBC, 5,26, 187, 187, 187, 187, 187, 190, 190, 189, 189, 189, 189, 187, 186, 186, 186, 186, 192, 192, 189, 190, 192, 185, 187, 194
2010,14112020,112,CH4 ,10PPBC, 5,27,9999, 188, 186, 186, 187, 187, 186, 186, 186, 186, 186, 186, 186, 186, 186, 186, 186, 186, 186, 188, 188, 186, 187, 187
2010,14112020,112,CH4 ,10PPBC, 5,28, 186, 185, 185, 185, 185, 185, 186, 184, 184, 185, 186, 187, 190, 190, 190, 188, 187, 186, 185, 186, 186, 187, 187, 187
2010,14112020,112,CH4 ,10PPBC, 5,29, 188, 188, 188, 187, 186, 187, 187, 187, 194, 189, 188, 193, 191, 192, 189, 193, 192, 193, 193, 194, 189, 187, 186, 186
2010,14112020,112,CH4 ,10PPBC, 5,30,9999, 185, 186, 184, 184, 184, 184, 184, 184, 184, 185, 185, 185, 185, 188, 185, 184, 185, 186, 185, 185, 185, 185, 187
2010,14112020,112,CH4 ,10PPBC, 5,31, 188, 186, 188, 189, 190, 189, 189, 189, 192, 197,9999,9999, 187, 186, 186, 185, 186, 184, 184, 184, 184, 186, 190, 188
2010,14112020,112,CH4 ,10PPBC, 6, 1, 188, 188, 188, 190, 197, 188, 187, 187, 187, 188, 190, 191, 191, 188, 187, 186, 186, 186, 187, 188, 188, 190, 190, 190
2010,14112020,112,CH4 ,10PPBC, 6, 2, 189, 190, 191, 193, 194, 202, 215, 201, 192, 191, 194, 193, 190, 189, 189, 189, 188, 187, 185, 186, 185, 185, 186, 190
2010,14112020,112,CH4 ,10PPBC, 6, 3,9999, 191, 195, 203, 216, 212, 199, 188, 188, 191, 188, 185, 184, 184, 182, 182, 181, 182, 182, 182, 182, 183, 183, 183
2010,14112020,112,CH4 ,10PPBC, 6, 4, 184, 184, 185, 190, 194, 194, 194, 186, 184, 182, 182, 182, 181, 182, 181, 181, 182, 181, 181, 181, 182, 183, 183, 186
2010,14112020,112,CH4 ,10PPBC, 6, 5, 186, 185, 185, 186, 185, 186, 186, 186, 186, 187, 187, 187, 187, 189, 188, 188, 187, 186, 185, 185, 185, 185, 186, 191
2010,14112020,112,CH4 ,10PPBC, 6, 6,9999, 189, 188, 190, 190, 191, 190, 192, 192, 191, 191, 190, 190, 188, 185, 184, 184, 184, 184, 184, 185, 185, 187, 186
2010,14112020,112,CH4 ,10PPBC, 6, 7, 188, 189, 187, 190, 199, 190, 191, 192, 191, 190,9999,9999,9999,9999, 183,9999, 181, 184, 183, 183, 184, 184, 184, 185
2010,14112020,112,CH4 ,10PPBC, 6, 8, 186, 187, 189, 187, 187, 190, 190, 193, 190, 190, 193, 200, 195, 192, 189, 187, 192, 198, 194, 194, 189, 189, 192, 194
2010,14112020,112,CH4 ,10PPBC, 6, 9, 192, 193, 192, 190, 187, 186, 187, 188, 190, 191, 195, 192, 189, 191, 192, 197, 199, 195, 189, 189, 191, 196, 191, 190
2010,14112020,112,CH4 ,10PPBC, 6,10,9999, 189, 189, 193, 190, 189, 188, 187, 186, 187, 186, 186, 188, 187, 185, 184, 185, 186, 186, 185, 185, 186, 188, 188
2010,14112020,112,CH4 ,10PPBC, 6,11, 191, 191, 192, 188, 187, 186, 188, 188, 189, 190, 189, 187, 186, 185, 183, 183, 184, 183, 182, 182, 182, 182, 183, 183
2010,14112020,112,CH4 ,10PPBC, 6,12, 183, 183, 182, 183, 184, 188, 189, 186, 186, 184, 184, 184, 182, 181, 181, 181, 180, 180, 181, 181, 181, 181, 181, 181
2010,14112020,112,CH4 ,10PPBC, 6,13,9999, 181, 181, 181, 181, 180, 181, 181, 181, 181, 180, 180, 180, 181, 181, 181, 181, 181, 182, 182, 183, 183, 183, 182
2010,14112020,112,CH4 ,10PPBC, 6,14, 183, 183, 185, 183, 183, 183, 183, 184, 185,9999, 184, 185, 184, 183, 183, 183, 182, 182, 182, 182, 182, 183, 183, 184
2010,14112020,112,CH4 ,10PPBC, 6,15, 185, 186, 187, 190, 192, 193, 191, 188, 185, 182, 182, 181, 181, 182, 183, 184, 185, 185, 184, 182, 180, 181, 183, 184
2010,14112020,112,CH4 ,10PPBC, 6,16, 184, 185, 186, 173, 170, 169, 169, 169, 169, 171, 172, 173, 174, 176, 177, 179, 180, 180, 181, 185, 184, 184, 187, 184
2010,14112020,112,CH4 ,10PPBC, 6,17,9999, 184, 190, 193, 194, 197, 197, 193, 194, 187, 187, 185, 187, 186, 186, 185, 184, 184, 183, 184, 182, 182, 183, 182
2010,14112020,112,CH4 ,10PPBC, 6,18, 182, 182, 182, 183, 186, 194, 197, 194, 193, 190, 190, 187, 187, 180, 174, 175, 179, 179, 181, 181, 183, 186, 186, 188
2010,14112020,112,CH4 ,10PPBC, 6,19, 186, 187, 174, 171, 171, 182, 183, 186, 187, 187, 187, 182, 177, 177, 180, 181, 182, 182, 182, 182, 181, 175, 173, 174
2010,14112020,112,CH4 ,10PPBC, 6,20,9999, 172, 172, 173, 174, 175, 191, 186, 176, 174, 174, 174, 174, 174, 174, 176, 177, 176, 175, 175, 175, 175, 174, 174
2010,14112020,112,CH4 ,10PPBC, 6,21, 175, 175, 174, 173, 173, 173, 174, 176, 174, 174, 174, 174,9999,9999, 173, 173, 174, 175, 178, 179, 180, 180, 182, 183
2010,14112020,112,CH4 ,10PPBC, 6,22, 181, 177, 180, 181, 181, 179, 184, 189, 186, 185, 178, 176, 177, 178, 179, 176, 176, 177, 175, 177, 179, 178, 178, 178
2010,14112020,112,CH4 ,10PPBC, 6,23, 178, 177, 177, 178, 177, 178, 177, 176, 175, 173, 172, 172, 172, 172, 178, 185, 183, 183, 183, 179, 177, 181, 186, 186
2010,14112020,112,CH4 ,10PPBC, 6,24,9999, 189, 192, 192, 189, 187, 187, 187, 188, 187, 188, 188, 188, 193, 196, 197, 196, 196, 195, 194, 192, 192, 193, 193
2010,14112020,112,CH4 ,10PPBC, 6,25, 192, 193, 194, 196, 197, 199, 197, 195, 194, 192, 190, 190, 191, 191, 192, 192, 183, 183, 185, 185, 184, 185, 186, 185
2010,14112020,112,CH4 ,10PPBC, 6,26, 184, 183, 183, 183, 183, 182, 183, 183, 178, 177, 177, 177, 177, 177, 177, 177, 177, 177, 177, 177, 177, 177, 177, 176
2010,14112020,112,CH4 ,10PPBC, 6,27,9999, 174, 174, 174, 174, 174, 174, 174, 173, 173, 173, 173, 173, 172, 172, 172, 173, 173, 172, 173, 174, 174, 177, 177
2010,14112020,112,CH4 ,10PPBC, 6,28, 174, 174, 174, 177, 186, 188, 194, 187, 184, 181,9999, 185, 186, 194, 195, 186, 185, 183, 182, 186, 187, 185, 186, 188
2010,14112020,112,CH4 ,10PPBC, 6,29, 189, 189, 189, 190, 194, 195, 196, 199, 212, 224, 213, 211, 202, 196, 191, 181, 182, 182, 183, 181, 183, 175, 174, 189
2010,14112020,112,CH4 ,10PPBC, 6,30, 188, 183, 183, 180, 180, 179, 179, 180, 179, 178, 178, 179, 179, 181, 186, 184, 183, 181, 182, 182, 181, 181, 180, 180
2010,14112020,112,CH4 ,10PPBC, 6,31,9998,9998,9998,9998,9998,9998,9998,9998,9998,9998,9998,9998,9998,9998,9998,9998,9998,9998,9998,9998,9998,9998,9998,9998
2010,14112020,112,CH4 ,10PPBC, 7, 1,9999, 181, 180, 179, 179, 179, 180, 180, 181, 181, 180, 179, 178, 177, 176, 175, 174, 174, 174, 175, 178, 178, 178, 182
2010,14112020,112,CH4 ,10PPBC, 7, 2, 184, 184, 184, 185, 186, 187, 188, 187, 189, 189, 191, 181, 177, 177, 176, 175, 174, 175, 175, 175, 176, 177, 177, 176
2010,14112020,112,CH4 ,10PPBC, 7, 3, 182, 188, 192, 192, 191, 192, 194, 193, 193, 188, 184, 180, 179, 179, 177, 177, 179, 177, 176, 175, 175, 173, 173, 174
2010,14112020,112,CH4 ,10PPBC, 7, 4,9999, 174, 176, 176, 179, 183, 187, 188, 187, 187, 191, 189, 189, 186, 184, 183, 183, 183, 183, 183, 185, 188, 191, 190
2010,14112020,112,CH4 ,10PPBC, 7, 5, 193, 200, 201, 195, 192, 189, 189, 190, 188, 190,9999,9999, 185, 184, 184, 183, 185, 183, 185, 186, 187, 187, 187, 188
2010,14112020,112,CH4 ,10PPBC, 7, 6, 187, 188, 191, 190, 191, 190, 190, 190, 191, 192, 192, 191, 188, 187, 186, 185, 188, 191, 194, 194, 195, 196, 195, 192
2010,14112020,112,CH4 ,10PPBC, 7, 7, 192, 192, 191, 193, 192, 197, 197, 196, 195, 193, 196, 196, 194,9999,9999, 191, 188, 186, 187, 186, 186, 186, 186, 187
2010,14112020,112,CH4 ,10PPBC, 7, 8,9999, 189, 186, 186, 187, 190, 192, 191, 189, 188, 184, 181, 181, 184, 186, 187, 187, 186, 183, 181, 182, 183, 180, 178
2010,14112020,112,CH4 ,10PPBC, 7, 9, 175, 176, 176, 178, 178, 181, 184, 184, 186, 187, 185, 185, 184, 179, 176, 177, 178, 178, 176, 179, 176, 174, 173, 173
2010,14112020,112,CH4 ,10PPBC, 7,10, 176, 177, 177, 179, 181, 181, 180, 179, 179, 180, 180, 179, 180, 180, 181, 181, 181, 182, 183, 183, 185, 187, 189, 190
2010,14112020,112,CH4 ,10PPBC, 7,11,9999, 195, 196, 197, 195, 195, 196, 194, 191, 189, 188, 184, 182, 179, 175, 174, 173, 173, 171, 171, 171, 171, 171, 171
2010,14112020,112,CH4 ,10PPBC, 7,12, 171, 171, 171, 171, 171, 171, 171, 171, 171, 171, 171, 171,9999, 171, 171, 171, 171, 171, 171, 172, 171, 172, 172, 172
2010,14112020,112,CH4 ,10PPBC, 7,13, 172, 173, 173, 175, 176, 177, 191, 197, 198, 199, 190, 190, 190, 191, 190, 189, 187, 188, 188, 189, 190, 192, 192, 193
2010,14112020,112,CH4 ,10PPBC, 7,14, 194, 195, 194, 192, 194, 192, 186, 179, 173, 173, 173, 173, 173, 173, 173, 173, 173, 173, 173, 173, 174, 174, 174, 174
2010,14112020,112,CH4 ,10PPBC, 7,15,9999, 173, 173, 173, 173, 173, 173, 173, 173, 173, 173, 172, 172, 173, 172, 172,9999, 172, 172, 172, 173, 173, 173, 174
2010,14112020,112,CH4 ,10PPBC, 7,16, 173, 174, 173, 173, 174, 174, 174, 175, 174, 174, 173, 173, 173, 173, 172, 172, 173, 173, 173, 173, 174, 174, 175, 175
2010,14112020,112,CH4 ,10PPBC, 7,17, 174, 174, 174, 174, 174, 175, 175, 175, 175, 174, 174, 175, 175, 175, 175, 174, 174, 174, 174, 174, 175, 175, 176, 176
2010,14112020,112,CH4 ,10PPBC, 7,18,9999, 173, 174, 174, 175, 176, 175, 175, 174, 174, 173, 173, 173, 173, 173, 173, 172, 172, 173, 173, 173, 173, 174, 174
2010,14112020,112,CH4 ,10PPBC, 7,19, 173, 174, 174, 174, 174, 174, 175, 175, 174, 174, 174, 173, 173, 173, 173, 173, 173, 174, 174, 174, 174, 175, 174, 174
2010,14112020,112,CH4 ,10PPBC, 7,20, 174, 175, 175, 176, 176, 179, 184, 186, 185, 184, 183, 180, 177, 176, 175, 176, 175, 174, 175, 175, 177, 176, 177, 177
2010,14112020,112,CH4 ,10PPBC, 7,21,9999, 177, 177, 177, 178, 181, 190, 198, 194, 188,9999, 193, 194, 180, 180, 180, 178, 177, 176, 177, 177, 177, 178, 177
2010,14112020,112,CH4 ,10PPBC, 7,22, 181, 180, 181, 182, 184, 188, 185, 188, 189, 184, 183, 182, 178, 177, 177, 177, 176, 175, 174, 174, 174, 174, 174, 174
2010,14112020,112,CH4 ,10PPBC, 7,23, 175, 176, 177, 177, 179, 181, 186, 188, 188, 187, 182, 181, 182, 183, 183, 181, 177, 174, 174, 173, 173, 175, 174, 174
2010,14112020,112,CH4 ,10PPBC, 7,24,9999, 175, 176, 186, 187, 185, 185, 184, 184, 184, 183, 182, 186, 186, 183, 181, 177, 176, 182, 178, 177, 178, 180, 180
2010,14112020,112,CH4 ,10PPBC, 7,25, 181, 182, 182, 181, 180, 181, 184, 183, 183, 181, 179, 177, 175, 174, 175, 176, 176, 177, 176, 178, 178, 179, 186, 188
2010,14112020,112,CH4 ,10PPBC, 7,26, 190, 186, 181, 183, 184, 185, 182, 181, 182, 180,9999,9999, 174, 173, 174, 173, 174, 174, 176, 177, 179, 179, 180, 182
2010,14112020,112,CH4 ,10PPBC, 7,27, 180, 181, 186, 190, 193, 191, 185, 181, 175, 174, 174, 173, 174, 174, 174, 174, 173, 173, 173, 174, 174, 174, 174, 174
2010,14112020,112,CH4 ,10PPBC, 7,28, 174, 174, 177, 177, 175, 175, 175, 174, 174, 174, 174, 174, 174, 175, 175, 175, 175, 175, 175, 175, 175, 175, 176, 176
2010,14112020,112,CH4 ,10PPBC, 7,29,9999, 176, 175, 175, 175, 175, 176, 175, 175, 175, 174, 173, 173, 173, 173, 173, 173, 172, 172, 173, 172, 172, 171, 171
2010,14112020,112,CH4 ,10PPBC, 7,30, 171, 171, 171, 171, 171, 171, 171, 172, 171, 171, 171, 171, 171, 171, 172, 172, 172, 172, 172, 172, 173, 175, 181, 179
2010,14112020,112,CH4 ,10PPBC, 7,31, 178, 178, 178, 178, 181, 186, 187, 187, 182, 180, 181, 179, 177, 176, 174, 174, 174, 175, 177, 177, 177, 177, 178, 180
2010,14112020,112,CH4 ,10PPBC, 8, 1,9999, 179, 179, 179, 181, 181, 180, 186, 188, 187, 184, 180, 178, 178, 179, 180, 180, 179, 179, 180, 178, 176, 175, 174
2010,14112020,112,CH4 ,10PPBC, 8, 2, 173, 173, 173, 172, 173, 173, 173, 173, 173, 173, 173, 172, 172, 172, 172, 171, 171, 172, 173, 173, 174, 174, 174, 173
2010,14112020,112,CH4 ,10PPBC, 8, 3, 173, 172, 172, 172, 172, 173, 173, 173, 173, 173, 174, 173, 174, 174,9999,9999, 171, 171, 172, 172, 172, 173, 173, 173
2010,14112020,112,CH4 ,10PPBC, 8, 4, 173, 173, 174, 174, 174, 174, 174, 174, 174, 174, 174, 174, 174, 174, 174, 174, 173, 173, 174, 174, 174, 174, 174, 174
2010,14112020,112,CH4 ,10PPBC, 8, 5, 174, 174, 174, 174, 174, 174, 174, 175, 175, 174, 175, 174, 175, 175, 174, 174, 174, 174, 175, 174, 174, 175, 175, 175
2010,14112020,112,CH4 ,10PPBC, 8, 6,9999, 172, 172, 172, 172, 172, 172, 173, 173, 173, 173, 173, 173, 173, 173, 173, 174, 174, 175, 175, 176, 176, 176, 176
2010,14112020,112,CH4 ,10PPBC, 8, 7, 176, 176, 176, 176, 177, 178, 178, 176, 177, 177, 178, 178, 177, 177, 176, 175, 175, 173, 173, 173, 173, 173, 174, 175
2010,14112020,112,CH4 ,10PPBC, 8, 8, 174, 175, 175, 175, 180, 180, 179, 179, 177, 174, 173, 173, 173, 172, 172, 172, 172, 172, 172, 172, 172, 172, 171, 171
2010,14112020,112,CH4 ,10PPBC, 8, 9,9999, 175, 174, 175, 175, 175, 176, 174, 175, 176, 175,9999, 173, 173, 172, 172, 171, 171, 171, 172, 172, 173, 172, 172
2010,14112020,112,CH4 ,10PPBC, 8,10, 172, 172, 173, 174, 177, 173, 173, 172, 172, 171, 171, 171, 171, 171, 171, 171, 170, 171, 171, 172, 171, 171, 172, 171
2010,14112020,112,CH4 ,10PPBC, 8,11, 171, 171, 171, 171, 171, 170, 170, 170, 170, 170, 170, 170, 170, 170, 170, 169, 169, 169, 169, 169, 169, 169, 169, 169
2010,14112020,112,CH4 ,10PPBC, 8,12,9999, 170, 170, 170, 170, 170, 170, 170, 170, 170, 170, 171, 171, 173, 173, 173, 172, 173, 173, 173, 174, 174, 175, 176
2010,14112020,112,CH4 ,10PPBC, 8,13, 178, 175, 181, 180, 178, 178, 180, 180, 181, 182, 183, 185, 190, 185, 183, 181, 181, 181, 181, 181, 183, 185, 193, 192
2010,14112020,112,CH4 ,10PPBC, 8,14, 197, 196, 192, 189, 186, 177, 179, 173, 176, 173, 173, 174, 174, 173, 174, 175, 174, 174, 174, 174, 175, 175, 175, 175
2010,14112020,112,CH4 ,10PPBC, 8,15,9999, 174, 174, 174, 174, 174, 174, 176, 175, 175, 174, 174, 174, 175, 175, 175, 174, 174, 174, 174, 174, 173, 174, 174
2010,14112020,112,CH4 ,10PPBC, 8,16, 175, 176, 184, 192, 196, 197, 193, 187, 185, 183, 184, 185, 185, 180, 178, 178, 177, 178, 179, 180, 179, 175, 176, 176
2010,14112020,112,CH4 ,10PPBC, 8,17, 178, 184, 188, 185, 194, 204, 199, 197, 195, 188,9999, 181, 182, 179, 177, 178, 177, 174, 173, 173, 174, 176, 176, 179
2010,14112020,112,CH4 ,10PPBC, 8,18, 185, 184, 185, 183, 183, 184, 186, 186, 183, 181, 181, 181, 184, 180, 178, 175, 174, 175, 176, 176, 176, 177, 179, 183
2010,14112020,112,CH4 ,10PPBC, 8,19, 182, 189, 189, 193, 187, 184, 184, 186, 186, 189, 187, 185, 184, 185, 185, 183, 183, 182, 181, 181, 183, 185, 186, 188
2010,14112020,112,CH4 ,10PPBC, 8,20,9999, 190, 192, 190, 188, 187, 188, 191, 191, 192, 191, 191, 191, 190, 190, 185, 184, 185, 185, 185, 184, 186, 187, 186
2010,14112020,112,CH4 ,10PPBC, 8,21, 188, 187, 186, 187, 189, 188, 190, 189, 189, 189, 189, 188, 188, 186, 182, 181, 180, 179, 179, 180, 179, 179, 180, 180
2010,14112020,112,CH4 ,10PPBC, 8,22, 180, 179, 179, 179, 180, 179, 179, 179, 179, 179, 179, 179, 178, 178, 178, 178, 177, 177, 178, 177, 177, 178, 178, 178
2010,14112020,112,CH4 ,10PPBC, 8,23,9999, 179, 179, 179, 179, 180, 181, 181, 182, 181, 180, 178, 178, 178, 178, 178, 177, 178, 178, 178, 178, 179, 178, 178
2010,14112020,112,CH4 ,10PPBC, 8,24, 178, 178, 178, 178, 178, 178, 178, 178, 178, 178, 178, 178, 178,9999, 177, 176, 176, 177, 177, 177, 177, 178, 178, 178
2010,14112020,112,CH4 ,10PPBC, 8,25, 178, 178, 178, 179, 181, 184, 182, 180, 178, 178, 177, 177, 177, 177, 177, 176, 176, 176, 176, 177, 177, 178, 177, 178
2010,14112020,112,CH4 ,10PPBC, 8,26, 182, 186, 186, 185, 185, 185, 184, 180, 179, 178, 178, 177, 176, 177, 177, 178, 178, 178, 179, 179, 179, 179, 180, 179
2010,14112020,112,CH4 ,10PPBC, 8,27,9999, 179, 181, 182, 187, 191, 191, 191, 188, 187, 185, 185, 181, 179, 177, 174, 172, 171, 171, 172, 173, 173, 173, 173
2010,14112020,112,CH4 ,10PPBC, 8,28, 173, 172, 172, 173, 173, 175, 174, 175, 176, 175, 174, 174, 173, 173, 173, 173, 173, 173, 173, 173, 173, 174, 175, 175
2010,14112020,112,CH4 ,10PPBC, 8,29, 175, 175, 176, 181, 181, 183, 180, 179, 179, 177, 175, 175, 174, 173, 173, 172, 172, 171, 172, 174, 173, 174, 174, 175
2010,14112020,112,CH4 ,10PPBC, 8,30,9999, 190, 190, 193, 192, 193, 194, 191, 190, 189,9999,9999,9999, 185, 183, 177, 173, 171, 171, 173, 173, 172, 175, 175
2010,14112020,112,CH4 ,10PPBC, 8,31, 174, 175, 177, 183, 187, 189, 193, 195, 198, 191, 187, 181, 178, 176, 175, 173, 173, 173, 176, 176, 175, 174, 174, 173
2010,14112020,112,CH4 ,10PPBC, 9, 1, 172, 173, 172, 172, 172, 173, 175, 175, 175, 175, 179, 239, 180, 174, 174, 174, 175, 176, 178, 179, 179, 179, 179, 179
2010,14112020,112,CH4 ,10PPBC, 9, 2,9999, 179, 178, 178, 179, 181, 180, 179, 179, 180, 180, 180, 179, 179, 179, 178, 178, 178, 178, 178, 178, 177, 177, 177
2010,14112020,112,CH4 ,10PPBC, 9, 3, 177, 178, 179, 179, 183, 184, 183, 181, 179, 178, 178, 177, 177, 176, 175, 175, 176, 176, 176, 177, 177, 177, 177, 178
2010,14112020,112,CH4 ,10PPBC, 9, 4, 178, 178, 178, 180, 180, 184, 183, 179, 180, 181, 181, 184, 182, 183, 181, 178, 176, 176, 176, 176, 176, 177, 177, 177
2010,14112020,112,CH4 ,10PPBC, 9, 5,9999, 179, 179, 179, 179, 178, 180, 183, 179, 178, 177, 177, 177, 177, 176, 176, 176, 175, 175, 176, 176, 176, 176, 176
2010,14112020,112,CH4 ,10PPBC, 9, 6, 174, 173, 172, 171, 171, 171, 172, 171, 172, 172, 173, 173, 172, 171, 170, 170, 170, 172, 173, 172, 171, 171, 171, 170
2010,14112020,112,CH4 ,10PPBC, 9, 7, 170, 170, 170, 170, 170, 170, 170, 170, 171, 170, 170, 169,9999, 171, 170, 171, 171, 172, 172, 172, 172, 173, 174, 175
2010,14112020,112,CH4 ,10PPBC, 9, 8, 174, 177, 180, 182, 184, 185, 186, 186, 187, 189, 191, 183, 172, 172, 187, 185, 184, 183, 181, 181, 181, 180, 181, 181
2010,14112020,112,CH4 ,10PPBC, 9, 9, 184, 184, 184, 184, 184, 185, 185, 186, 186, 186, 186, 186, 186, 186, 185, 188, 187, 186, 186, 186, 186, 194, 197, 199
2010,14112020,112,CH4 ,10PPBC, 9,10,9999, 196, 196, 196, 194, 195, 195, 196, 195, 193, 189, 188, 187, 184, 184, 183, 182, 181, 180, 181, 181, 182, 183, 183
2010,14112020,112,CH4 ,10PPBC, 9,11, 184, 185, 185, 183, 187, 193, 193, 192, 188, 188, 189, 185, 182, 181, 180, 180, 179, 179, 180, 181, 183, 183, 182, 183
2010,14112020,112,CH4 ,10PPBC, 9,12, 183, 184, 191, 191, 191, 196, 194, 195, 196, 204, 200, 205, 193, 187, 186, 184, 184, 183, 187, 183, 190, 188, 181, 182
2010,14112020,112,CH4 ,10PPBC, 9,13,9999, 179, 179, 184, 187, 189, 185, 185, 187, 187,9999,9999,9999,9999, 178, 179, 179, 179, 182, 183, 187, 185, 191, 187
2010,14112020,112,CH4 ,10PPBC, 9,14, 185, 183, 183, 184, 190, 196, 188, 185, 184, 185, 186, 186, 187, 186, 185, 185, 186, 185, 184, 186, 186, 187, 185, 187
2010,14112020,112,CH4 ,10PPBC, 9,15, 189, 188, 188, 188, 188, 190, 190, 189, 188, 189, 190, 190, 190, 189, 189, 188, 188, 188, 189, 189, 190, 191, 191, 193
2010,14112020,112,CH4 ,10PPBC, 9,16,9999, 187, 187, 187, 185, 187, 187, 186, 184, 184, 183, 182, 182, 183, 183, 183, 185, 183, 185, 185, 185, 185, 187, 190
2010,14112020,112,CH4 ,10PPBC, 9,17, 190, 191, 190, 193, 191, 187, 192, 185, 185, 183, 184, 188, 191, 190, 189, 185, 184, 182, 182, 184, 187, 190, 193, 192
2010,14112020,112,CH4 ,10PPBC, 9,18, 192, 190, 189, 192, 195, 192, 194, 189, 186, 184, 185, 185, 184, 185, 183, 182, 182, 183, 182, 183, 183, 182, 182, 182
2010,14112020,112,CH4 ,10PPBC, 9,19,9999, 186, 186, 187, 192, 199, 200, 193, 192, 190, 185, 182, 181, 181, 180, 181, 180, 181, 181, 182, 181, 182, 186, 187
2010,14112020,112,CH4 ,10PPBC, 9,20, 189, 192, 202, 197, 194, 192, 198, 201, 201, 198, 195, 194, 192, 191, 192, 192, 183, 183, 184, 186, 186, 187, 189, 194
2010,14112020,112,CH4 ,10PPBC, 9,21, 199, 200, 199, 196, 199, 196, 195, 194, 190, 189,9999,9999, 190, 192, 187, 185, 184, 184, 184, 184, 185, 187, 189, 192
2010,14112020,112,CH4 ,10PPBC, 9,22, 201, 198, 198, 198, 200, 201, 204, 192, 188, 184, 183, 181, 180, 180, 179, 179, 178, 178, 178, 178, 182, 188, 193, 195
2010,14112020,112,CH4 ,10PPBC, 9,23, 193, 193, 189, 187, 187, 186, 187, 187, 188, 188, 187, 187, 187, 186, 187, 186, 185, 185, 186, 187, 188, 188, 187, 186
2010,14112020,112,CH4 ,10PPBC, 9,24,9999, 185, 186, 187, 189, 189, 189, 189, 188, 187, 187, 187, 187, 187, 187, 186, 186, 186, 186, 187, 188, 188, 187, 186
2010,14112020,112,CH4 ,10PPBC, 9,25, 186, 185, 184, 185, 184, 183, 183, 184, 183, 183, 183, 183, 183, 184, 185, 185, 185, 188, 190, 192, 194, 191, 190, 193
2010,14112020,112,CH4 ,10PPBC, 9,26, 194, 194, 195, 195, 194, 196, 195, 194, 194, 190, 188, 187, 190, 191, 189, 191, 189, 189, 189, 190, 190, 195, 195, 193
2010,14112020,112,CH4 ,10PPBC, 9,27,9999, 192, 192, 189, 188, 186, 185, 185, 185, 184, 184, 182, 182, 182, 181, 182, 182, 182, 182, 183, 184, 184, 185, 185
2010,14112020,112,CH4 ,10PPBC, 9,28, 184, 185, 187, 184, 186, 182, 184, 187, 187, 186, 188, 187, 187,9999,9999,9999, 189, 189, 192, 195, 202, 206, 215, 209
2010,14112020,112,CH4 ,10PPBC, 9,29, 192, 191, 190, 191, 190, 189, 189, 189, 189, 189, 190, 190, 191, 194, 194, 193, 192, 192, 193, 192, 192, 195, 196, 204
2010,14112020,112,CH4 ,10PPBC, 9,30, 212, 203, 200, 199, 197, 196, 196, 197, 198, 198, 197, 195, 197, 196, 196, 195, 196, 196, 196, 195, 196, 198, 196, 195
2010,14112020,112,CH4 ,10PPBC, 9,31,9998,9998,9998,9998,9998,9998,9998,9998,9998,9998,9998,9998,9998,9998,9998,9998,9998,9998,9998,9998,9998,9998,9998,9998
2010,14112020,112,CH4 ,10PPBC,10, 1,9999, 190, 189, 189, 189, 188, 188, 188, 188, 188, 186, 186, 187, 186, 186, 188, 188, 188, 189, 190, 190, 193, 197, 209
2010,14112020,112,CH4 ,10PPBC,10, 2, 198, 200, 199, 194, 190, 194, 196, 191, 188, 189, 186, 188, 186, 189, 189, 188, 187, 186, 187, 189, 189, 190, 202, 193
2010,14112020,112,CH4 ,10PPBC,10, 3, 200, 198, 195, 196, 192, 197, 194, 191, 187, 187, 187, 187, 187, 187, 187, 191, 188, 186, 187, 188, 199, 216, 211, 207
2010,14112020,112,CH4 ,10PPBC,10, 4,9999, 204, 197, 193, 194, 193, 193, 191, 191, 192,9999, 193, 194, 194, 195, 192, 193, 195, 195, 194, 193, 194, 192, 195
2010,14112020,112,CH4 ,10PPBC,10, 5, 194, 196, 194, 191, 191, 190, 190, 190, 190, 198, 192, 188, 189, 188, 188, 187, 187, 187, 189, 192, 194, 200, 203, 195
2010,14112020,112,CH4 ,10PPBC,10, 6, 194, 197, 194, 192, 191, 189, 190, 190, 189, 187, 187, 188, 189, 189, 188, 191, 193, 196, 200, 192, 191, 191, 194, 194
2010,14112020,112,CH4 ,10PPBC,10, 7,9999, 191, 192, 190, 191, 189, 190, 190, 189, 188, 187, 188, 187, 187, 187, 186, 187, 187, 188, 188, 189, 190, 189, 189
2010,14112020,112,CH4 ,10PPBC,10, 8, 189, 189, 188, 189, 190, 190, 191, 192, 190, 189, 189, 189, 189, 190, 188, 186, 187, 187, 188, 187, 189, 192, 196, 188
2010,14112020,112,CH4 ,10PPBC,10, 9, 190, 191, 189, 187, 186, 186, 187, 187, 188, 189, 188, 188, 186, 186, 186, 186, 184, 184, 183, 185, 186, 184, 185, 185
2010,14112020,112,CH4 ,10PPBC,10,10,9999, 188, 185, 185, 186, 187, 189, 188, 188, 190, 186, 184, 184, 186, 188, 186, 184, 184, 187, 190, 194, 195, 197, 201
2010,14112020,112,CH4 ,10PPBC,10,11, 203, 208, 215, 203, 192, 191, 191, 185, 183, 183, 183, 184, 184, 184, 184, 187, 186, 188, 191, 190, 190, 192, 195, 199
2010,14112020,112,CH4 ,10PPBC,10,12, 199, 201, 203, 211, 204, 196, 194, 201, 202, 199, 198, 199, 195, 189, 189, 189, 183, 185, 188, 194, 198, 200, 204, 206
2010,14112020,112,CH4 ,10PPBC,10,13,9999, 216, 198, 196, 198, 199, 199, 198, 194, 190, 188,9999,9999, 194, 191, 186, 186, 185, 187, 192, 195, 197, 198, 200
2010,14112020,112,CH4 ,10PPBC,10,14, 200, 200, 197, 196, 187, 188, 188, 189, 189, 190, 188, 190, 192, 193, 190, 195, 190, 187, 187, 193, 194, 191, 191, 193
2010,14112020,112,CH4 ,10PPBC,10,15, 190, 190, 192, 191, 187, 189, 190, 192, 189, 189, 188, 189, 190, 190, 187, 187, 186, 187, 190, 193, 194, 197, 201, 207
2010,14112020,112,CH4 ,10PPBC,10,16,9999, 193, 190, 189, 186, 186, 186, 188, 188, 188, 189,9999, 191, 193, 190, 187, 189, 190, 190, 191, 190, 190, 195, 206
2010,14112020,112,CH4 ,10PPBC,10,17, 211, 204, 196, 197, 193, 193, 190, 190, 190, 189, 188, 189, 189, 189, 188, 188, 189, 192, 192, 191, 203, 201, 199, 198
2010,14112020,112,CH4 ,10PPBC,10,18, 193, 194, 198, 198, 195, 192, 192, 191, 191, 190, 191, 190, 190, 191, 187, 187, 188, 189, 189, 188, 189, 196, 190, 190
2010,14112020,112,CH4 ,10PPBC,10,19,9999, 188, 187, 186, 186, 186, 187, 186, 186, 187, 187,9999,9999, 186, 186, 186, 186, 187, 187, 188, 189, 189, 189, 189
2010,14112020,112,CH4 ,10PPBC,10,20, 190, 190, 189, 190, 190, 191, 190, 191, 195, 194, 189, 189, 189, 191, 204, 190, 202, 192, 190, 191, 193, 193, 192, 198
2010,14112020,112,CH4 ,10PPBC,10,21, 193, 192, 192, 191, 190, 189, 192, 196, 195, 194, 193, 192, 191, 188, 187, 187, 186, 188, 189, 189, 188, 189, 194, 189
2010,14112020,112,CH4 ,10PPBC,10,22,9999, 191, 190, 187, 187, 187, 191, 189, 187, 187, 187, 186, 187, 186, 187, 186, 186, 186, 187, 187, 187, 187, 187, 188
2010,14112020,112,CH4 ,10PPBC,10,23, 188, 189, 189, 189, 189, 189, 190, 189, 189, 188, 187, 186, 186, 186, 187, 188, 191, 192, 190, 189, 189, 196, 210, 217
2010,14112020,112,CH4 ,10PPBC,10,24, 205, 191, 192, 187, 192, 190, 192, 194, 192, 191, 191, 190, 190, 190, 190, 190, 192, 193, 194, 191, 191, 193, 191, 190
2010,14112020,112,CH4 ,10PPBC,10,25,9999, 192, 194, 193, 192, 189, 187, 188, 188, 187, 188, 190, 187,9999, 187, 190, 209, 221, 227, 231, 224, 224, 234, 215
2010,14112020,112,CH4 ,10PPBC,10,26, 197, 193, 194, 193, 194, 194, 200, 227, 218, 189, 187, 194, 188, 188, 189, 191, 188, 188, 189, 189, 189, 189, 188, 188
2010,14112020,112,CH4 ,10PPBC,10,27, 188, 188, 188, 187, 187, 187, 187, 187, 188, 188, 188, 187, 187, 187, 188, 189, 190, 193, 192, 191, 191, 191, 193, 194
2010,14112020,112,CH4 ,10PPBC,10,28,9999, 189, 189, 187, 186, 187, 187, 187, 188, 187, 187, 184, 183, 183, 184, 183, 183, 184, 184, 185, 184, 185, 184, 184
2010,14112020,112,CH4 ,10PPBC,10,29, 185, 185, 186, 186, 186, 184, 183, 184, 186, 185, 184, 186, 185, 189, 188, 191, 188, 186, 186, 186, 186, 187, 188, 191
2010,14112020,112,CH4 ,10PPBC,10,30, 189, 187, 187, 187, 186, 186, 185, 184, 185, 185, 185, 185, 184, 184, 184, 183, 183, 183, 182, 183, 183, 183, 182, 182
2010,14112020,112,CH4 ,10PPBC,10,31,9999, 185, 185, 185, 184, 184, 184, 186, 186, 185, 185, 185, 186, 186, 186, 187, 187, 188, 189, 189, 191, 190, 189, 188
2010,14112020,112,CH4 ,10PPBC,11, 1, 190, 190, 187, 184, 183, 183, 183, 184, 182, 184, 182, 182, 182, 183, 183, 184, 182, 182, 183, 184, 197, 208, 205, 205
2010,14112020,112,CH4 ,10PPBC,11, 2, 204, 204, 204, 194, 192, 188, 188, 186, 186, 185, 185, 184, 185,9999,9999, 183, 183, 185, 189, 192, 195, 201, 194, 200
2010,14112020,112,CH4 ,10PPBC,11, 3, 202, 189, 188, 188, 187, 188, 188, 189, 188, 187, 187, 186, 187, 188, 193, 191, 192, 190, 189, 190, 191, 190, 191, 189
2010,14112020,112,CH4 ,10PPBC,11, 4, 189, 189, 189, 190, 193, 190, 190, 192, 192, 191, 191, 192, 194, 193, 192, 198, 197, 200, 211, 209, 216, 224, 214, 204
2010,14112020,112,CH4 ,10PPBC,11, 5,9999, 195, 196, 198, 198, 201, 201, 200, 195, 190, 185, 185, 185, 188, 191, 187, 187, 189, 194, 199, 206, 211, 207, 197
2010,14112020,112,CH4 ,10PPBC,11, 6, 193, 191, 189, 188, 190, 202, 193, 194, 193, 188, 189, 188, 188, 193, 195, 193, 192, 194, 198, 204, 207, 210, 217, 207
2010,14112020,112,CH4 ,10PPBC,11, 7, 192, 194, 191, 188, 189, 189, 190, 191, 189, 189, 189, 188, 190, 191, 191, 191, 192, 196, 200, 204, 216, 214, 205, 205
2010,14112020,112,CH4 ,10PPBC,11, 8,9999, 201, 198, 197, 194, 192, 196, 203, 197, 190, 191, 194, 192, 188, 189, 193, 192, 193, 189, 192, 199, 199, 198, 200
2010,14112020,112,CH4 ,10PPBC,11, 9, 205, 202, 204, 203, 205, 211, 210, 195, 183, 183, 183, 183, 183,9999,9999, 186, 188, 189, 189, 190, 193, 191, 192, 194
2010,14112020,112,CH4 ,10PPBC,11,10, 192, 192, 193, 197, 198, 204, 216, 212, 207, 206, 197, 191, 187, 187, 187, 187, 188, 190, 190, 191, 190, 191, 193, 195
2010,14112020,112,CH4 ,10PPBC,11,11, 198, 198, 200, 200, 198, 195, 198, 199, 195, 190, 190, 188, 189, 191, 192, 193, 193, 195, 199, 205, 210, 214, 215, 218
2010,14112020,112,CH4 ,10PPBC,11,12,9999, 196, 193, 193, 198, 198, 204, 199, 199, 200, 199, 189, 185, 186, 186, 186, 187, 188, 190, 192, 193, 196, 200, 205
2010,14112020,112,CH4 ,10PPBC,11,13, 208, 199, 200, 198, 196, 197, 196, 196, 197, 193, 194, 194, 193, 192, 202, 194, 194, 195, 198, 213, 223, 210, 204, 201
2010,14112020,112,CH4 ,10PPBC,11,14, 200, 199, 200, 195, 201, 197, 195, 195, 195, 195, 195, 196, 197, 195, 197, 194, 193, 196, 202, 213, 221, 220, 201, 199
2010,14112020,112,CH4 ,10PPBC,11,15,9999, 204, 213, 221, 211, 208, 202, 201, 193, 188, 186, 188, 189, 188, 191, 196, 190, 188, 188, 188, 188, 188, 190, 188
2010,14112020,112,CH4 ,10PPBC,11,16, 188, 188, 189, 190, 191, 190, 191, 194, 193, 189, 187, 186, 186,9999,9999,9999, 191, 193, 195, 199, 196, 198, 199, 204
2010,14112020,112,CH4 ,10PPBC,11,17, 201, 197, 194, 193, 192, 193, 194, 195, 194, 190, 190, 190, 188, 188, 188, 188, 188, 188, 189, 189, 189, 188, 189, 189
2010,14112020,112,CH4 ,10PPBC,11,18, 191, 192, 190, 190, 190, 189, 190, 190, 190, 189, 187, 187, 186, 187, 187, 187, 189, 191, 192, 193, 198, 195, 196, 193
2010,14112020,112,CH4 ,10PPBC,11,19,9999, 188, 188, 188, 190, 190, 187, 190, 190, 187, 186, 186, 186, 187, 187, 193, 195, 193, 194, 199, 216, 216, 205, 198
2010,14112020,112,CH4 ,10PPBC,11,20, 194, 192, 194, 191, 192, 195, 192, 191, 190, 188, 189, 187, 186, 188, 189, 189, 193, 194, 200, 214, 200, 203, 193, 195
2010,14112020,112,CH4 ,10PPBC,11,21, 192, 198, 199, 197, 193, 193, 189, 192, 189, 186, 186, 186, 186, 186, 188, 189, 191, 193, 198, 205, 204, 203, 200, 196
2010,14112020,112,CH4 ,10PPBC,11,22,9999, 197, 191, 191, 190, 190, 196, 193, 191, 191, 190, 190, 187, 187, 188, 188, 188, 188, 188, 190, 191, 190, 189, 188
2010,14112020,112,CH4 ,10PPBC,11,23, 185, 184, 183, 182, 181, 180, 179, 180, 180, 181, 183, 184, 184, 185, 185, 186, 187, 188, 188, 188, 188, 187, 188, 187
2010,14112020,112,CH4 ,10PPBC,11,24, 187, 186, 186, 185, 186, 186, 187, 188, 187, 186,9999,9999, 187, 189, 190, 191, 192, 192, 194, 194, 196, 207, 205, 207
2010,14112020,112,CH4 ,10PPBC,11,25, 217, 210, 202, 200, 199, 204, 199, 196, 194, 193, 192, 192, 192, 194, 197, 198, 198, 198, 197, 200, 198, 197, 195, 198
2010,14112020,112,CH4 ,10PPBC,11,26, 193, 194, 193, 191, 194, 195, 195, 196, 197, 197, 192, 187, 187, 188, 189, 200, 218, 203, 209, 194, 198, 199, 190, 190
2010,14112020,112,CH4 ,10PPBC,11,27,9999, 188, 188, 188, 187, 187, 187, 188, 187, 187, 187, 186, 186, 189, 191, 187, 188, 188, 188, 188, 189, 198, 205, 207
2010,14112020,112,CH4 ,10PPBC,11,28, 209, 204, 207, 211, 208, 211, 212, 199, 200, 189, 185, 185, 185, 185, 185, 187, 188, 196, 192, 190, 188, 188, 189, 189
2010,14112020,112,CH4 ,10PPBC,11,29, 188, 189, 188, 187, 188, 189, 194, 201, 198, 191, 189, 187,9999, 185, 186, 187, 189, 193, 195, 197, 198, 199, 196, 197
2010,14112020,112,CH4 ,10PPBC,11,30, 201, 199, 197, 194, 192, 192, 191, 191, 193, 190, 189, 190, 195, 194, 192, 191, 191, 194, 198, 194, 198, 198, 196, 197
2010,14112020,112,CH4 ,10PPBC,11,31,9998,9998,9998,9998,9998,9998,9998,9998,9998,9998,9998,9998,9998,9998,9998,9998,9998,9998,9998,9998,9998,9998,9998,9998
2010,14112020,112,CH4 ,10PPBC,12, 1, 198, 199, 206, 203, 210, 212, 209, 206, 204, 200, 194, 195, 190, 189, 193, 192, 196, 203, 214, 227, 237, 242, 231, 215
2010,14112020,112,CH4 ,10PPBC,12, 2,9999, 195, 194, 194, 194, 199, 197, 199, 194, 190, 190, 192, 191, 190, 192, 193, 194, 199, 199, 202, 201, 198, 197, 196
2010,14112020,112,CH4 ,10PPBC,12, 3, 194, 192, 192, 190, 195, 192, 191, 182, 183, 177, 177, 179, 181, 182, 182, 182, 182, 181, 183, 184, 185, 186, 187, 186
2010,14112020,112,CH4 ,10PPBC,12, 4, 186, 185, 184, 184, 184, 185, 185, 188, 188, 185, 184, 185, 184, 185, 186, 187, 189, 189, 188, 188, 189, 190, 192, 192
2010,14112020,112,CH4 ,10PPBC,12, 5,9999, 200, 204, 197, 194, 195, 193, 196, 195, 191, 190, 192, 193, 200, 196, 193, 193, 195, 202, 206, 214, 230, 198, 195
2010,14112020,112,CH4 ,10PPBC,12, 6, 202, 193, 199, 194, 191, 191, 192, 193, 196, 196, 193, 191, 192, 189, 188, 189, 190, 195, 200, 202, 212, 212, 207, 202
2010,14112020,112,CH4 ,10PPBC,12, 7, 205, 204, 208, 206, 213, 200, 203, 201, 198, 195, 190,9999, 190, 189, 189, 191, 191, 190, 190, 191, 191, 190, 190, 189
2010,14112020,112,CH4 ,10PPBC,12, 8, 189, 189, 188, 188, 186, 186, 187, 188, 189, 189, 186, 186, 186, 187, 187, 188, 190, 189, 190, 191, 189, 190, 192, 192
2010,14112020,112,CH4 ,10PPBC,12, 9, 197, 194, 189, 190, 192, 190, 192, 189, 189, 190, 188, 187, 185, 186, 187, 187, 189, 191, 194, 194, 196, 198, 199, 199
2010,14112020,112,CH4 ,10PPBC,12,10,9999, 203, 202, 200, 198, 195, 198, 198, 195, 189, 189, 188, 191, 193, 190, 191, 192, 193, 194, 196, 198, 205, 207, 209
2010,14112020,112,CH4 ,10PPBC,12,11, 212, 214, 216, 206, 202, 199, 202, 203, 200, 186, 185, 185, 185, 185, 185, 185, 186, 186, 186, 186, 186, 186, 188, 192
2010,14112020,112,CH4 ,10PPBC,12,12, 198, 196, 195, 193, 191, 190, 189, 190, 190, 190, 189, 189, 188, 189, 190, 192, 193, 194, 196, 194, 197, 195, 193, 193
2010,14112020,112,CH4 ,10PPBC,12,13,9999, 188, 189, 188, 188, 186, 187, 188, 187, 187, 187, 188, 186,9999,9999, 188, 188, 190, 190, 189, 189, 191, 192, 190
2010,14112020,112,CH4 ,10PPBC,12,14, 189, 194, 192, 188, 186, 186, 187, 188, 189, 190, 191, 191, 186, 186, 188, 190, 191, 188, 189, 191, 200, 202, 198, 198
2010,14112020,112,CH4 ,10PPBC,12,15, 202, 200, 203, 203, 196, 191, 196, 195, 188, 188, 187, 186, 189, 189, 188, 197, 195, 190, 192, 190, 190, 189, 189, 189
2010,14112020,112,CH4 ,10PPBC,12,16,9999, 189, 189, 189, 191, 191, 191, 192, 191, 190, 192, 197, 199, 195, 195, 195, 192, 193, 193, 193, 194, 193, 196, 197
2010,14112020,112,CH4 ,10PPBC,12,17, 203, 198, 197, 198, 199, 209, 205, 201, 196, 192, 188, 185, 186, 186, 189, 191, 193, 193, 197, 200, 208, 214, 214, 206
2010,14112020,112,CH4 ,10PPBC,12,18, 198, 199, 201, 196, 196, 197, 200, 201, 204, 201, 191, 190, 190, 190, 200, 192, 189, 190, 191, 191, 192, 192, 191, 191
2010,14112020,112,CH4 ,10PPBC,12,19,9999, 191, 189, 189, 189, 189, 192, 193, 194, 192, 190, 189, 190, 190, 195, 196, 194, 198, 202, 207, 213, 200, 195, 196
2010,14112020,112,CH4 ,10PPBC,12,20, 194, 192, 191, 193, 199, 198, 203, 204, 203, 195, 191, 183, 183, 183, 191, 193, 196, 198, 207, 205, 200, 193, 193, 194
2010,14112020,112,CH4 ,10PPBC,12,21, 194, 198, 202, 205, 200, 196, 196, 197, 194, 191, 190, 192, 190,9999,9999, 192, 190, 190, 193, 192, 190, 189, 190, 191
2010,14112020,112,CH4 ,10PPBC,12,22, 188, 188, 189, 191, 186, 184, 184, 184, 187, 186, 185, 184, 181, 181, 183, 184, 189, 191, 193, 195, 203, 204, 209, 209
2010,14112020,112,CH4 ,10PPBC,12,23, 206, 203, 209, 211, 203, 198, 199, 197, 187, 183, 184, 183, 183, 184, 184, 185, 186, 188, 190, 195, 203, 202, 200, 206
2010,14112020,112,CH4 ,10PPBC,12,24,9999, 215, 210, 209, 198, 192, 189, 188, 189, 189, 187, 187, 188, 188, 187, 187, 188, 190, 192, 192, 193, 193, 191, 191
2010,14112020,112,CH4 ,10PPBC,12,25, 191, 190, 191, 193, 192, 191, 184, 184, 183, 184, 184, 184, 183, 184, 183, 184, 185, 185, 185, 185, 185, 184, 184, 184
2010,14112020,112,CH4 ,10PPBC,12,26, 183, 183, 183, 183, 183, 183, 183, 187, 184, 184, 183, 183, 183, 183, 183, 184, 185, 186, 187, 186, 186, 186, 188, 188
2010,14112020,112,CH4 ,10PPBC,12,27,9999, 192, 193, 189, 190, 188, 189, 190, 194, 188, 187, 187, 187, 187, 187, 188, 189, 191, 194, 204, 208, 207, 206, 203
2010,14112020,112,CH4 ,10PPBC,12,28, 205, 207, 202, 203, 206, 208, 211, 213, 212, 199, 194, 190, 186, 186, 186, 186, 187, 188, 189, 189, 189, 191, 195, 198
2010,14112020,112,CH4 ,10PPBC,12,29, 198, 202, 202, 203, 202, 199, 199, 202, 203, 196, 192, 189, 188, 188, 189, 190, 191, 192, 191, 192, 192, 193, 194, 196
2010,14112020,112,CH4 ,10PPBC,12,30,9999, 199, 203, 199, 194, 193, 195, 196, 200, 198, 193, 190, 189, 189, 193, 196, 193, 191, 191, 190, 190, 191, 193, 194
2010,14112020,112,CH4 ,10PPBC,12,31, 198, 199, 196, 192, 192, 195, 196, 196, 195, 188, 186, 184, 184, 185, 184, 185, 186, 191, 192, 200, 201, 202, 200, 192
2010,14112020,112,CH4 ,10PPBC, 1, 1, 195, 198, 200, 202, 206, 217, 216, 211, 201, 189, 187, 185, 185, 186, 186, 188, 190, 192, 194, 195, 196, 197, 199, 200
2010,14112020,112,CH4 ,10PPBC, 1, 2,9999, 201, 202, 201, 199, 200, 197, 196, 196, 193, 191, 189, 188, 187, 187, 187, 192, 192, 192, 190, 190, 191, 190, 191
2010,14112020,112,CH4 ,10PPBC, 1, 3, 192, 193, 194, 194, 195, 196, 198, 194, 191, 190, 188, 188, 188, 188, 189, 192, 197, 205, 200, 199, 211, 202, 198, 196
2010,14112020,112,CH4 ,10PPBC, 1, 4, 198, 190, 193, 188, 188, 188, 188, 190, 191, 190, 188, 187,9999,9999,9999, 187, 188, 191, 193, 192, 192, 193, 196, 195
2010,14112020,112,CH4 ,10PPBC, 1, 5, 197, 205, 195, 196, 193, 193, 197, 200, 199, 191, 188, 188, 186, 187, 188, 187, 188, 188, 189, 189, 190, 192, 194, 193
2010,14112020,112,CH4 ,10PPBC, 1, 6, 189, 187, 187, 187, 187, 188, 188, 189, 190, 188, 187, 187, 187, 188, 188, 188, 189, 190, 190, 191, 191, 190, 190, 189
2010,14112020,112,CH4 ,10PPBC, 1, 7,9999, 187, 187, 187, 187, 187, 188, 189, 188, 187, 187, 187, 186, 186, 186, 187, 188, 189, 191, 191, 190, 189, 188, 191
2010,14112020,112,CH4 ,10PPBC, 1, 8, 198, 190, 194, 197, 194, 195, 192, 194, 191, 192, 191, 188, 187, 187, 187, 188, 189, 190, 194, 194, 203, 212, 221, 215
2010,14112020,112,CH4 ,10PPBC, 1, 9, 213, 205, 213, 218, 219, 198, 188, 185, 190, 186, 184, 184, 184, 184, 184, 192, 209, 201, 196, 189, 191, 190, 190, 189
2010,14112020,112,CH4 ,10PPBC, 1,10,9999, 189, 189, 188, 188, 189, 189, 190, 189, 188, 187, 187, 187, 187, 188, 188, 189, 189, 190, 191, 191, 192, 192, 190
2010,14112020,112,CH4 ,10PPBC, 1,11, 189, 189, 189, 190, 190, 191, 192, 193, 195, 193, 190, 187, 187,9999, 189, 190, 194, 193, 196, 200, 200, 198, 199, 213
2010,14112020,112,CH4 ,10PPBC, 1,12, 210, 196, 201, 198, 196, 198, 195, 197, 199, 193, 192, 191, 190, 193, 197, 197, 197, 201, 196, 189, 189, 189, 190, 190
2010,14112020,112,CH4 ,10PPBC, 1,13, 190, 190, 189, 188, 188, 189, 189, 190, 190, 189, 188, 188,9999,9999,9999, 189, 190, 191, 192, 193, 193, 192, 193, 194
2010,14112020,112,CH4 ,10PPBC, 1,14, 194, 192, 191, 192, 194, 198, 202, 211, 205, 198, 193, 193, 194, 196, 193, 191, 191, 193, 199, 208, 214, 208, 205, 201
2010,14112020,112,CH4 ,10PPBC, 1,15, 201, 201, 197, 199, 204, 199, 200, 205, 214, 199, 196, 193, 188, 191, 196, 199, 208, 226, 222, 211, 216, 207, 199, 195
2010,14112020,112,CH4 ,10PPBC, 1,16,9999, 197, 203, 193, 197, 191, 189, 189, 189, 188, 188, 188, 187, 187, 188, 188, 190, 191, 192, 191, 192, 191, 191, 194
2010,14112020,112,CH4 ,10PPBC, 1,17, 194, 191, 191, 190, 192, 196, 199, 210, 214, 195, 189, 188, 188, 188,9999, 186, 187, 188, 189, 190, 190, 192, 192, 196
2010,14112020,112,CH4 ,10PPBC, 1,18, 196, 198, 199, 204, 208, 211, 211, 216, 205, 190, 188, 188, 187, 189, 188, 188, 188, 192, 197, 204, 212, 207, 196, 191
2010,14112020,112,CH4 ,10PPBC, 1,19, 193, 197, 198, 198, 203, 200, 208, 215, 210, 195, 187, 187, 186, 190, 195, 189, 189, 191, 197, 201, 194, 192, 195, 196
2010,14112020,112,CH4 ,10PPBC, 1,20,9999, 198, 199, 200, 200, 200, 197, 195, 191, 191, 187, 186, 187, 188, 188, 188, 189, 189, 188, 188, 188, 188, 188, 189
2010,14112020,112,CH4 ,10PPBC, 1,21, 188, 187, 187, 187, 186, 186, 186, 188, 187, 187, 186, 186, 186, 186, 187, 189, 192, 193, 196, 201, 202, 194, 193, 190
2010,14112020,112,CH4 ,10PPBC, 1,22, 189, 189, 189, 189, 188, 189, 192, 192, 193, 188, 186, 185, 185, 186, 186, 186, 187, 190, 193, 201, 202, 195, 194, 195
2010,14112020,112,CH4 ,10PPBC, 1,23,9999, 197, 199, 202, 202, 204, 204, 203, 199, 194, 191, 192, 188, 187, 189, 193, 195, 195, 196, 194, 191, 193, 194, 193
2010,14112020,112,CH4 ,10PPBC, 1,24, 193, 191, 192, 191, 191, 192, 193, 197, 193, 191, 191, 189, 189,9999, 189, 190, 192, 193, 195, 195, 191, 193, 194, 193
2010,14112020,112,CH4 ,10PPBC, 1,25, 193, 194, 194, 194, 192, 193, 195, 198, 198, 193, 191, 189, 189, 190, 191, 192, 193, 193, 192, 193, 194, 194, 193, 192
2010,14112020,112,CH4 ,10PPBC, 1,26, 193, 197, 197, 197, 204, 205, 215, 222, 210, 194, 191, 190, 190, 189, 189, 189, 190, 192, 191, 191, 191, 192, 192, 191
2010,14112020,112,CH4 ,10PPBC, 1,27,9999, 191, 192, 194, 196, 197, 199, 210, 204, 192, 189, 188, 187, 188, 190, 190, 189, 189, 190, 190, 190, 190, 190, 190
2010,14112020,112,CH4 ,10PPBC, 1,28, 189, 189, 191, 191, 193, 195, 197, 199, 196, 190, 187, 187, 186, 187, 187, 188, 191, 188, 188, 188, 188, 189, 188, 188
2010,14112020,112,CH4 ,10PPBC, 1,29, 187, 187, 187, 187, 187, 187, 188, 189, 188, 187, 189, 190, 190, 188, 188, 188, 188, 193, 197, 203, 203, 199, 199, 195
2010,14112020,112,CH4 ,10PPBC, 1,30,9999, 198, 197, 196, 195, 186, 187, 189, 189, 187, 187, 187, 187, 187, 186, 187, 190, 192, 192, 191, 192, 192, 193, 192
2010,14112020,112,CH4 ,10PPBC, 1,31, 192, 193, 196, 195, 200, 200, 202, 206, 197, 189, 188, 187, 187,9999,9999, 188, 188, 189, 192, 200, 206, 212, 214, 208
2010,14112020,112,CH4 ,10PPBC, 2, 1, 212, 214, 217, 212, 210, 211, 213, 211, 213, 195, 188, 188, 187, 188, 189, 188, 189, 190, 194, 191, 191, 192, 192, 194
2010,14112020,112,CH4 ,10PPBC, 2, 2, 191, 192, 192, 191, 191, 192, 193, 193, 194, 194, 194, 195, 200, 201, 192, 193, 194, 194, 196, 198, 202, 202, 211, 212
2010,14112020,112,CH4 ,10PPBC, 2, 3,9999, 196, 197, 194, 195, 197, 200, 208, 201, 192, 191, 192, 190, 194, 196, 191, 189, 190, 191, 192, 198, 205, 195, 195
2010,14112020,112,CH4 ,10PPBC, 2, 4, 196, 199, 196, 197, 196, 195, 200, 203, 196, 191, 190, 190, 189, 188, 187, 186, 187, 189, 192, 202, 211, 216, 218, 213
2010,14112020,112,CH4 ,10PPBC, 2, 5, 214, 201, 196, 200, 195, 194, 193, 194, 192, 191, 190, 189, 190, 190, 194, 194, 195, 197, 202, 213, 220, 220, 213, 211
2010,14112020,112,CH4 ,10PPBC, 2, 6,9999, 206, 206, 201, 199, 200, 196, 199, 199, 196, 196, 197, 200, 197, 197, 199, 204, 208, 215, 202, 201, 200, 197, 195
2010,14112020,112,CH4 ,10PPBC, 2, 7, 197, 200, 205, 203, 213, 215, 215, 205, 192, 186, 186, 186, 186, 187, 189, 190, 190, 190, 190, 189, 189, 189, 188, 188
2010,14112020,112,CH4 ,10PPBC, 2, 8, 187, 187, 186, 186, 186, 187, 187, 189, 194, 188, 187, 188, 190,9999,9999, 195, 191, 190, 190, 191, 195, 192, 191, 189
2010,14112020,112,CH4 ,10PPBC, 2, 9, 188, 188, 188, 189, 187, 186, 187, 189, 187, 188, 186, 187, 186, 186, 187, 191, 196, 190, 191, 198, 205, 208, 196, 189
2010,14112020,112,CH4 ,10PPBC, 2,10, 189, 189, 188, 188, 187, 187, 188, 189, 189, 189, 188, 188, 188, 188, 191, 193, 193, 193, 194, 193, 192, 192, 191, 190
2010,14112020,112,CH4 ,10PPBC, 2,11,9999, 187, 187, 188, 188, 187, 187, 187, 188, 188, 187, 187, 187, 187, 187, 187, 189, 187, 188, 189, 189, 187, 186, 185
2010,14112020,112,CH4 ,10PPBC, 2,12, 185, 185, 185, 185, 184, 184, 185, 186, 186, 183, 184, 184, 184, 185, 185, 184, 184, 185, 187, 185, 188, 192, 196, 194
2010,14112020,112,CH4 ,10PPBC, 2,13, 194, 194, 193, 191, 189, 190, 189, 191, 189, 187, 185, 185, 185, 186, 187, 188, 190, 192, 193, 195, 193, 191, 194, 194
2010,14112020,112,CH4 ,10PPBC, 2,14,9999, 190, 191, 192, 192, 190, 191, 192, 192, 191,9999, 191, 192, 192, 193, 194, 194, 193, 193, 195, 196, 193, 190, 189
2010,14112020,112,CH4 ,10PPBC, 2,15, 190, 188, 186, 187, 187, 188, 188, 188, 187, 189, 191, 189, 188, 187, 187, 188, 189, 189, 190, 192, 192, 192, 192, 192
2010,14112020,112,CH4 ,10PPBC, 2,16, 192, 193, 196, 200, 205, 206, 206, 206, 198, 196, 190, 190, 193, 192, 189, 188, 184, 192, 193, 196, 198, 202, 199, 201
2010,14112020,112,CH4 ,10PPBC, 2,17,9999, 198, 200, 201, 201, 203, 202, 201, 203, 204, 201, 213, 204, 190, 185, 185, 185, 186, 186, 187, 186, 185, 186, 186
2010,14112020,112,CH4 ,10PPBC, 2,18, 191, 187, 181, 180, 180, 180, 180, 184, 186, 186, 185, 183, 183, 184, 184, 183, 185, 186, 187, 187, 187, 187, 188, 187
2010,14112020,112,CH4 ,10PPBC, 2,19, 187, 186, 187, 187, 187, 186, 187, 187, 187, 187, 187, 187, 189, 190, 189, 190, 191, 190, 190, 190, 192, 193, 196, 193
2010,14112020,112,CH4 ,10PPBC, 2,20,9999, 199, 197, 192, 189, 189, 189, 189, 191, 192, 191, 190, 190, 190, 190, 191, 192, 193, 192, 189, 189, 189, 191, 189
2010,14112020,112,CH4 ,10PPBC, 2,21, 189, 188, 188, 188, 188, 188, 188, 188, 189, 188, 188, 187,9999,9999, 187, 190, 190, 192, 191, 190, 189, 190, 191, 191
2010,14112020,112,CH4 ,10PPBC, 2,22, 191, 190, 190, 192, 195, 195, 199, 197, 195, 190, 190, 189, 188, 189, 189, 188, 189, 196, 192, 190, 190, 191, 193, 196
2010,14112020,112,CH4 ,10PPBC, 2,23, 191, 194, 197, 195, 191, 194, 192, 193, 190, 189, 189, 191, 191, 195, 189, 189, 189, 192, 195, 197, 203, 207, 211, 210
2010,14112020,112,CH4 ,10PPBC, 2,24,9999, 206, 200, 196, 192, 190, 193, 194, 196, 198, 202, 198, 195,9999,9999, 186, 184, 184, 187, 187, 187, 190, 186, 183
2010,14112020,112,CH4 ,10PPBC, 2,25, 182, 182, 182, 182, 182, 182, 181, 186, 182, 181, 181, 181, 181, 181, 181, 182, 182, 183, 184, 187, 189, 188, 188, 188
2010,14112020,112,CH4 ,10PPBC, 2,26, 188, 187, 187, 187, 186, 187, 187, 187, 187, 186, 187, 188, 189, 190, 190, 190, 190, 190, 190, 192, 193, 192, 193, 195
2010,14112020,112,CH4 ,10PPBC, 2,27,9999, 210, 197, 198, 197, 195, 194, 192, 192, 191, 185, 182, 183, 184, 184, 184, 185, 185, 187, 189, 194, 193, 193, 192
2010,14112020,112,CH4 ,10PPBC, 2,28, 190, 190, 189, 189, 188, 187, 187, 188, 188, 187, 186,9999, 187, 188, 189, 189, 189, 189, 189, 190, 190, 190, 190, 190
2010,14112020,112,CH4 ,10PPBC, 2,29,9998,9998,9998,9998,9998,9998,9998,9998,9998,9998,9998,9998,9998,9998,9998,9998,9998,9998,9998,9998,9998,9998,9998,9998
2010,14112020,112,CH4 ,10PPBC, 2,30,9998,9998,9998,9998,9998,9998,9998,9998,9998,9998,9998,9998,9998,9998,9998,9998,9998,9998,9998,9998,9998,9998,9998,9998
2010,14112020,112,CH4 ,10PPBC, 2,31,9998,9998,9998,9998,9998,9998,9998,9998,9998,9998,9998,9998,9998,9998,9998,9998,9998,9998,9998,9998,9998,9998,9998,9998
2010,14112020,112,CH4 ,10PPBC, 3, 1, 189, 188, 189, 189, 189, 189, 191, 193, 193, 191, 190, 191, 193, 193, 193, 194, 194, 192, 192, 190, 190, 191, 192, 192
2010,14112020,112,CH4 ,10PPBC, 3, 2, 194, 194, 193, 194, 196, 201, 205, 208, 203, 192, 188, 189, 190, 189, 190, 189, 187, 187, 187, 188, 188, 189, 189, 190
2010,14112020,112,CH4 ,10PPBC, 3, 3,9999, 189, 188, 188, 187, 187, 189, 188, 187, 186, 186, 186, 186, 186, 186, 187, 188, 188, 189, 189, 189, 189, 189, 189
2010,14112020,112,CH4 ,10PPBC, 3, 4, 190, 190, 190, 194, 190, 190, 193, 191, 188, 187, 186, 186, 186, 187, 188, 189, 190, 190, 191, 191, 193, 193, 194, 196
2010,14112020,112,CH4 ,10PPBC, 3, 5, 195, 197, 205, 202, 204, 201, 195, 191, 189, 187, 187, 188, 189, 189, 189, 190, 190, 191, 191, 193, 193, 195, 195, 194
2010,14112020,112,CH4 ,10PPBC, 3, 6,9999, 195, 194, 193, 193, 194, 197, 200, 196, 191, 190, 189, 185, 183, 183, 183, 187, 202, 202, 203, 201, 200, 201, 198
2010,14112020,112,CH4 ,10PPBC, 3, 7, 198, 203, 196, 194, 189, 187, 187, 187, 186, 187, 188, 188,9999,9999, 189, 189, 190, 191, 192, 191, 192, 193, 192, 192
2010,14112020,112,CH4 ,10PPBC, 3, 8, 195, 195, 196, 197, 196, 200, 204, 206, 200, 196, 194, 194, 195, 195, 196, 198, 197, 196, 199, 202, 208, 211, 211, 210
2010,14112020,112,CH4 ,10PPBC, 3, 9, 203, 196, 200, 199, 199, 201, 203, 202, 194, 194, 198, 193, 192, 191, 191, 190, 191, 192, 193, 194, 195, 195, 191, 192
2010,14112020,112,CH4 ,10PPBC, 3,10,9999, 188, 188, 188, 188, 188, 189, 189, 188, 187,9999,9999, 188, 190, 190, 190, 190, 190, 193, 194, 193, 194, 195, 198
2010,14112020,112,CH4 ,10PPBC, 3,11, 196, 194, 197, 196, 192, 195, 195, 190, 188, 188, 187, 186, 186, 187, 187, 188, 189, 190, 190, 190, 190, 191, 191, 191
2010,14112020,112,CH4 ,10PPBC, 3,12, 192, 194, 196, 197, 202, 202, 204, 198, 192, 189, 189, 190, 190, 192, 193, 192, 193, 195, 197, 199, 198, 197, 196, 197
2010,14112020,112,CH4 ,10PPBC, 3,13,9999, 198, 194, 192, 194, 195, 196, 197, 191, 190, 189, 190, 190, 190, 190, 188, 189, 189, 190, 189, 188, 189, 190, 194
2010,14112020,112,CH4 ,10PPBC, 3,14, 199, 196, 196, 199, 199, 201, 205, 204, 185, 184,9999,9999, 185, 185, 185, 185, 186, 186, 186, 186, 187, 187, 187, 188
2010,14112020,112,CH4 ,10PPBC, 3,15, 190, 192, 194, 199, 192, 192, 192, 188, 189, 189, 190, 189, 189, 190, 195, 197, 190, 190, 192, 193, 193, 198, 201, 198
2010,14112020,112,CH4 ,10PPBC, 3,16, 204, 198, 187, 187, 187, 187, 188, 188, 187, 187, 186, 188, 188, 186, 187, 187, 188, 188, 188, 188, 188, 188, 189, 188
2010,14112020,112,CH4 ,10PPBC, 3,17,9999, 189, 190, 190, 190, 189, 189, 189, 188, 187, 187, 186, 187, 187, 188, 188, 189, 189, 190, 190, 191, 191, 190, 190
2010,14112020,112,CH4 ,10PPBC, 3,18, 190, 189, 189, 188, 189, 189, 190, 190, 189, 188, 188, 188, 191, 191, 192, 191, 191, 191, 191, 190, 191, 192, 192, 192
2010,14112020,112,CH4 ,10PPBC, 3,19, 189, 188, 188, 188, 189, 189, 190, 191, 189, 189, 187, 187, 187, 187, 188, 188, 188, 189, 191, 194, 198, 200, 198, 194
2010,14112020,112,CH4 ,10PPBC, 3,20,9999, 190, 191, 190, 190, 193, 193, 189, 188, 187, 188, 190, 194, 190, 189, 187, 186, 186, 185, 184, 184, 183, 183, 183
2010,14112020,112,CH4 ,10PPBC, 3,21, 182, 182, 182, 181, 181, 181, 189, 191, 190, 189, 188, 188, 187, 187, 187, 186, 187, 186, 186, 187, 186, 187, 193, 188
2010,14112020,112,CH4 ,10PPBC, 3,22, 186, 185, 185, 185, 186, 186, 185, 185, 186, 185, 185, 185, 185,9999,9999, 189, 189, 189, 190, 191, 194, 196, 196, 196
2010,14112020,112,CH4 ,10PPBC, 3,23, 195, 193, 191, 189, 190, 190, 190, 190, 191, 190, 190, 190, 191, 191, 192, 193, 194, 192, 192, 194, 194, 191, 191, 190
2010,14112020,112,CH4 ,10PPBC, 3,24, 191, 194, 197, 198, 195, 195, 197, 198, 193, 191, 191, 191, 194, 192, 191, 190, 190, 191, 192, 191, 191, 191, 192, 192
2010,14112020,112,CH4 ,10PPBC, 3,25,9999, 193, 196, 191, 190, 194, 201, 193, 196, 195, 190, 188, 188, 186, 187, 187, 188, 187, 187, 188, 188, 189, 191, 192
2010,14112020,112,CH4 ,10PPBC, 3,26, 191, 189, 189, 189, 188, 189, 189, 188, 187, 185, 186, 186, 186, 187, 188, 188, 188, 188, 187, 188, 188, 188, 188, 188
2010,14112020,112,CH4 ,10PPBC, 3,27, 188, 188, 188, 188, 188, 188, 188, 189, 187, 186, 186, 186, 187, 189, 190, 191, 193, 190, 191, 192, 192, 191, 190, 190
2010,14112020,112,CH4 ,10PPBC, 3,28,9999, 188, 189, 189, 188, 188, 189, 187, 186, 186, 187, 188,9999,9999, 189, 188, 188, 188, 188, 190, 195, 195, 194, 193
2010,14112020,112,CH4 ,10PPBC, 3,29, 191, 191, 192, 198, 193, 194, 196, 192, 190, 188, 188, 187, 187, 187, 187, 187, 188, 189, 189, 192, 192, 194, 194, 190
2010,14112020,112,CH4 ,10PPBC, 3,30, 191, 191, 192, 192, 194, 192, 192, 191, 189, 188, 188, 189, 189, 187, 188, 188, 189, 189, 189, 190, 193, 196, 189, 189
2010,14112020,112,CH4 ,10PPBC, 3,31,9999, 188, 188, 187, 187, 188, 188, 188, 188, 187, 189, 191, 189, 186, 186, 186, 187, 189, 188, 189, 189, 189, 189, 189
2010,14112510,112,CH4 ,10PPBC, 4, 1, 200, 202, 208, 210, 211, 201, 203, 203, 185, 184, 184, 184, 184, 184, 183, 183, 183, 183, 184, 183, 183, 183, 183, 183
2010,14112510,112,CH4 ,10PPBC, 4, 2, 183, 183, 183, 182, 182, 182, 182, 182, 182, 181, 182, 182, 184, 185, 186, 186, 188, 187, 188, 189, 188, 190, 188, 191
2010,14112510,112,CH4 ,10PPBC, 4, 3, 191, 188, 187, 187, 187, 188, 188, 188, 189, 190, 189, 189, 189, 187, 186, 186, 186, 187, 188, 190, 189, 190, 194, 193
2010,14112510,112,CH4 ,10PPBC, 4, 4, 197, 193, 191, 190, 202, 198, 199, 192, 191, 190, 191, 191, 191, 192, 192, 193, 191, 192, 194, 196, 193, 194, 195, 193
2010,14112510,112,CH4 ,10PPBC, 4, 5, 192, 190, 190, 191, 192, 192, 196, 196, 193, 195, 194, 193, 191, 191, 193, 193, 192, 192, 194, 195, 194, 199, 196, 199
2010,14112510,112,CH4 ,10PPBC, 4, 6, 198, 198, 201, 198, 195, 197, 195, 195, 195, 195,9999,9999, 186, 185, 184, 185, 185, 186, 186, 186, 188, 190, 193, 195
2010,14112510,112,CH4 ,10PPBC, 4, 7, 190, 187, 185, 184, 184, 191, 196, 193, 192, 193, 192, 193, 191, 192, 195, 189, 190, 190, 190, 190, 191, 188, 189, 190
2010,14112510,112,CH4 ,10PPBC, 4, 8, 189, 188, 189, 188, 188, 189, 190, 189, 189, 189, 189, 189, 189, 189, 189, 189, 189, 189, 189, 189, 189, 189, 191, 192
2010,14112510,112,CH4 ,10PPBC, 4, 9, 191, 192, 191, 192, 196, 194, 192, 192, 192, 192, 194, 189, 187, 187, 186, 187, 186, 185, 185, 187, 188, 196, 202, 206
2010,14112510,112,CH4 ,10PPBC, 4,10, 210, 194, 194, 190, 188, 192, 192, 189, 189, 189, 189, 189, 191, 187, 187, 187, 185, 184, 183, 185, 184, 186, 187, 186
2010,14112510,112,CH4 ,10PPBC, 4,11, 187, 188, 184, 186, 190, 192, 191, 188, 190, 190, 189, 188, 188, 189, 195, 190, 186, 186, 189, 186, 186, 188, 189, 189
2010,14112510,112,CH4 ,10PPBC, 4,12, 188, 189, 188, 187, 187, 187, 186, 186, 186, 187,9999, 187, 187, 187, 186, 187, 188, 188, 188, 187, 186, 186, 185, 185
2010,14112510,112,CH4 ,10PPBC, 4,13, 185, 185, 184, 184, 184, 184, 185, 186, 185, 185, 184, 184, 183, 183, 183, 184, 183, 183, 183, 184, 184, 184, 185, 185
2010,14112510,112,CH4 ,10PPBC, 4,14, 190, 189, 187, 187, 186, 186, 186, 186, 187, 187, 187, 186, 187, 188, 188, 188, 188, 187, 188, 189, 189, 188, 187, 188
2010,14112510,112,CH4 ,10PPBC, 4,15, 188, 187, 186, 187, 188, 188, 187, 187, 186, 186, 186, 187, 190, 191, 190, 190, 196, 192, 188, 189, 202, 193, 198, 195
2010,14112510,112,CH4 ,10PPBC, 4,16, 198, 193, 188, 187, 186, 187, 187, 191, 188, 188, 188, 188, 187, 187, 187, 187, 187, 189, 187, 187, 188, 187, 187, 187
2010,14112510,112,CH4 ,10PPBC, 4,17, 186, 186, 185, 186, 187, 187, 185, 185, 188, 188, 187, 186, 186, 186, 185, 187, 187, 187, 187, 187, 187, 188, 192, 194
2010,14112510,112,CH4 ,10PPBC, 4,18, 196, 195, 193, 196, 197, 206, 202, 194, 190, 188, 188, 188, 189, 191, 190, 186, 186, 186, 188, 188, 188, 189, 190, 193
2010,14112510,112,CH4 ,10PPBC, 4,19, 196, 209, 199, 191, 192, 191, 192, 192, 192, 191, 191, 191, 187, 187, 187, 188, 186, 186, 187, 187, 188, 189, 189, 188
2010,14112510,112,CH4 ,10PPBC, 4,20, 187, 187, 187, 186, 185, 185, 184, 184, 183, 183,9999, 182, 182, 182, 184, 184, 183, 183, 184, 187, 190, 194, 195, 195
2010,14112510,112,CH4 ,10PPBC, 4,21, 199, 195, 191, 195, 195, 196, 195, 198, 194, 189, 187, 184, 183, 185, 185, 184, 182, 182, 182, 183, 184, 185, 188, 188
2010,14112510,112,CH4 ,10PPBC, 4,22,9999, 186, 187, 191, 189, 189, 188, 188, 191, 191, 192, 191, 188, 188, 188, 189, 189, 188, 186, 186, 187, 187, 188, 187
2010,14112510,112,CH4 ,10PPBC, 4,23, 187, 187, 186, 186, 186, 185, 187, 187, 190, 187, 188, 188, 187, 186, 187, 188, 189, 189, 189, 189, 200, 191, 189, 188
2010,14112510,112,CH4 ,10PPBC, 4,24, 189, 189, 190, 201, 187, 188, 188, 187, 186, 186, 186, 185, 185, 186, 187, 187, 187, 187, 186, 187, 190, 193, 187, 187
2010,14112510,112,CH4 ,10PPBC, 4,25, 187, 187, 203, 204, 195, 197, 189, 187, 187, 187, 188, 188, 187, 186, 186, 185, 185, 185, 185, 186, 186, 187, 188, 189
2010,14112510,112,CH4 ,10PPBC, 4,26, 192, 192, 193, 193, 192, 202, 194, 188, 187, 189, 189, 188, 187, 189, 188, 187, 187, 186, 190, 188, 190, 191, 189, 188
2010,14112510,112,CH4 ,10PPBC, 4,27, 196, 191, 189, 189, 190, 191, 190, 189, 189, 190,9999, 189, 190, 190, 190, 190, 192, 191, 196, 192, 196, 189, 186, 185
2010,14112510,112,CH4 ,10PPBC, 4,28, 184, 185, 184, 184, 185, 186, 185, 191, 187, 186, 185, 184, 185, 185, 185, 186, 185, 187, 186, 191, 192, 193, 191, 192
2010,14112510,112,CH4 ,10PPBC, 4,29, 192, 189, 188, 187, 184, 183, 183, 183, 183, 182, 182, 181, 182, 182, 183, 183, 183, 184, 185, 186, 186, 186, 187, 189
2010,14112510,112,CH4 ,10PPBC, 4,30, 187, 187, 187, 186, 186, 187, 187, 187, 187, 186, 187, 187, 185, 185, 184, 185, 184, 185, 185, 188, 188, 188, 188, 188
2010,14112510,112,CH4 ,10PPBC, 4,31,9998,9998,9998,9998,9998,9998,9998,9998,9998,9998,9998,9998,9998,9998,9998,9998,9998,9998,9998,9998,9998,9998,9998,9998
2010,14112510,112,CH4 ,10PPBC, 5, 1, 187, 194, 192, 202, 202, 200, 197, 192, 188, 188, 187, 186, 185, 185, 185, 185, 185, 185, 186, 187, 187, 187, 188, 189
2010,14112510,112,CH4 ,10PPBC, 5, 2, 194, 197, 206, 194, 193, 195, 194, 188, 188, 189, 189, 189, 187, 186, 186, 186, 185, 185, 186, 187, 189, 188, 188, 190
2010,14112510,112,CH4 ,10PPBC, 5, 3, 198, 205, 204, 204, 210, 201, 191, 190, 192, 191, 190, 187, 186, 184, 184, 184, 184, 184, 183, 184, 184, 185, 185, 184
2010,14112510,112,CH4 ,10PPBC, 5, 4, 184, 184, 184, 185, 186, 187, 187, 187, 186, 184, 184, 184, 183, 183, 184, 185, 185, 185, 185, 185, 185, 186, 188, 191
2010,14112510,112,CH4 ,10PPBC, 5, 5, 187, 185, 186, 193, 195, 200, 214, 192, 189, 189, 190, 192, 191, 188, 186, 183, 182, 183, 184, 184, 184, 184, 183, 184
2010,14112510,112,CH4 ,10PPBC, 5, 6, 183, 183, 184, 184, 184, 183, 183, 182, 181, 179, 179,9999, 179, 178, 177, 177, 177, 177, 177, 177, 177, 177, 178, 178
2010,14112510,112,CH4 ,10PPBC, 5, 7, 179, 179, 178, 178, 178, 178, 178, 178, 178, 178, 177, 177, 177, 177, 177, 177, 176, 176, 176, 176, 177, 177, 183, 187
2010,14112510,112,CH4 ,10PPBC, 5, 8, 187, 185, 183, 184, 184, 183, 184, 184, 184, 186, 187, 186, 185, 185, 184, 183, 183, 183, 183, 183, 183, 183, 184, 183
2010,14112510,112,CH4 ,10PPBC, 5, 9, 183, 188, 197, 193, 190, 194, 192, 186, 184, 185, 184, 184, 185, 188, 187, 187, 187, 187, 187, 188, 188, 189, 188, 189
2010,14112510,112,CH4 ,10PPBC, 5,10, 194, 187, 188, 187, 187, 187, 187, 188, 187, 186,9999, 186, 186, 186, 183, 184, 184, 184, 185, 187, 187, 188, 186, 187
2010,14112510,112,CH4 ,10PPBC, 5,11, 187, 186, 188, 187, 189, 190, 191, 194, 188, 186, 185, 184, 183, 186, 187, 191, 190, 192, 191, 189, 188, 188, 186, 186
2010,14112510,112,CH4 ,10PPBC, 5,12, 186, 188, 188, 186, 186, 184, 186, 187, 188, 185, 185, 183, 184, 184, 184, 184, 184, 184, 185, 186, 186, 187, 191, 190
2010,14112510,112,CH4 ,10PPBC, 5,13, 189, 191, 190, 186, 188, 188, 188, 187, 186, 184, 184, 184, 184, 184, 184, 185, 184, 185, 185, 186, 186, 185, 185, 185
2010,14112510,112,CH4 ,10PPBC, 5,14, 186, 186, 187, 188, 185, 185, 184, 185, 185, 183, 183, 183, 183, 186, 187, 186, 186, 186, 186, 186, 186, 187, 186, 191
2010,14112510,112,CH4 ,10PPBC, 5,15, 188, 190, 191, 186, 187, 189, 184, 185, 184, 183, 184, 186, 185, 184, 184, 184, 184, 183, 183, 184, 186, 185, 184, 184
2010,14112510,112,CH4 ,10PPBC, 5,16, 186, 188, 189, 194, 197, 203, 196, 186, 184, 183, 182, 182, 182, 181, 181, 181, 181, 181, 182, 183, 183, 185, 187, 189
2010,14112510,112,CH4 ,10PPBC, 5,17, 195, 198, 200, 198, 200, 203, 197, 188, 185, 185,9999,9999, 185, 184, 183, 182, 182, 181, 182, 183, 183, 184, 186, 186
2010,14112510,112,CH4 ,10PPBC, 5,18, 188, 191, 193, 195, 194, 196, 193, 187, 182, 182, 182, 182, 182, 181, 181, 181, 181, 181, 182, 181, 182, 181, 181, 181
2010,14112510,112,CH4 ,10PPBC, 5,19, 181, 181, 181, 181, 181, 181, 181, 181, 181, 181, 181, 181, 181, 180, 180, 180, 181, 181, 181, 181, 180, 180, 181, 180
2010,14112510,112,CH4 ,10PPBC, 5,20, 180, 180, 180, 180, 180, 180, 180, 180, 180, 180, 179, 179, 179, 184, 185, 185, 184, 187, 187, 187, 186, 187, 187, 187
2010,14112510,112,CH4 ,10PPBC, 5,21, 187, 191, 186, 186, 191, 190, 188, 189, 188, 188, 186, 185, 185, 184, 184, 184, 184, 184, 185, 186, 187, 188, 189, 190
2010,14112510,112,CH4 ,10PPBC, 5,22,9999, 204, 203, 195, 202, 197, 194, 194, 190, 189, 191, 194, 191, 190, 190, 190, 188, 186, 185, 187, 186, 187, 187, 186
2010,14112510,112,CH4 ,10PPBC, 5,23, 186, 187, 190, 209, 215, 207, 193, 196, 194, 196, 188, 187, 186, 187, 189, 186, 187, 185, 186, 186, 186, 183, 184, 184
2010,14112510,112,CH4 ,10PPBC, 5,24, 184, 184, 184, 186, 191, 183, 184, 185, 185, 186, 184, 184, 184, 185, 185, 185, 185, 188, 189, 189, 190, 185, 183, 183
2010,14112510,112,CH4 ,10PPBC, 5,25, 183, 182, 183, 183, 186, 194, 195, 187, 184, 183, 183, 183, 184,9999,9999, 185, 187, 188, 189, 190, 189, 187, 186, 187
2010,14112510,112,CH4 ,10PPBC, 5,26, 188, 187, 187, 187, 190, 191, 189, 189, 189, 189, 189, 186, 186, 185, 186, 185, 186, 193, 195, 196, 188, 185, 186, 191
2010,14112510,112,CH4 ,10PPBC, 5,27, 196, 194, 187, 186, 187, 188, 189, 188, 186, 185, 185, 185, 184, 184, 184, 184, 183, 184, 185, 186, 186, 187, 187, 185
2010,14112510,112,CH4 ,10PPBC, 5,28, 186, 184, 183, 184, 184, 184, 185, 186, 184, 183, 183, 184, 184, 188, 188, 186, 185, 184, 183, 183, 184, 185, 185, 185
2010,14112510,112,CH4 ,10PPBC, 5,29, 185, 185, 186, 186, 184, 186, 185, 187, 192, 187, 186, 188, 188, 190, 187, 192, 187, 187, 188, 190, 186, 186, 185, 185
2010,14112510,112,CH4 ,10PPBC, 5,30, 185, 188, 188, 186, 190, 186, 184, 184, 185, 185, 186, 185, 185, 185, 187, 190, 184, 185, 185, 186, 185, 185, 186, 189
2010,14112510,112,CH4 ,10PPBC, 5,31, 188, 192, 192, 196, 207, 209, 201, 189, 190, 191, 194, 192, 189, 188, 186, 184, 185, 184, 183, 183, 184, 186, 189, 187
2010,14112510,112,CH4 ,10PPBC, 6, 1, 186, 188, 186, 196, 197, 188, 188, 188, 188, 187,9999, 190, 189, 188, 186, 186, 186, 185, 184, 185, 187, 188, 188, 189
2010,14112510,112,CH4 ,10PPBC, 6, 2, 188, 207, 221, 220, 264, 245, 211, 205, 203, 196, 195, 193, 191, 189, 188, 189, 187, 185, 184, 184, 184, 185, 186, 187
2010,14112510,112,CH4 ,10PPBC, 6, 3, 199, 212, 232, 250, 233, 240, 198, 190, 188, 189, 190, 186, 185, 184, 182, 182, 182, 182, 182, 182, 183, 184, 184, 185
2010,14112510,112,CH4 ,10PPBC, 6, 4, 188, 193, 207, 200, 211, 214, 197, 187, 186, 183, 183, 183, 182, 182, 182, 182, 182, 182, 182, 182, 183, 184, 185, 187
2010,14112510,112,CH4 ,10PPBC, 6, 5, 187, 187, 186, 188, 198, 188, 187, 189, 187, 188, 188, 188, 188, 189, 190, 189, 188, 187, 187, 187, 186, 187, 188, 191
2010,14112510,112,CH4 ,10PPBC, 6, 6, 189, 190, 194, 196, 195, 193, 191, 193, 194, 192, 191, 190, 190, 188, 186, 184, 183, 183, 183, 183, 184, 185, 185, 186
2010,14112510,112,CH4 ,10PPBC, 6, 7, 186, 187, 192, 205, 195, 192, 194, 194, 191, 190,9999,9999, 188, 184, 183, 183, 183, 184, 183, 183, 182, 183, 183, 183
2010,14112510,112,CH4 ,10PPBC, 6, 8, 185, 185, 189, 195, 213, 208, 208, 192, 190, 191, 196, 190, 200, 193, 187, 186, 189, 198, 199, 193, 195, 194, 192, 192
2010,14112510,112,CH4 ,10PPBC, 6, 9, 191, 192, 189, 189, 187, 192, 190, 189, 191, 196, 194, 195, 191, 191, 193, 192, 199, 200, 192, 191, 192, 196, 192, 191
2010,14112510,112,CH4 ,10PPBC, 6,10, 188, 191, 188, 188, 188, 192, 189, 188, 188, 188, 187, 186, 187, 187, 186, 186, 185, 186, 184, 185, 185, 186, 187, 188
2010,14112510,112,CH4 ,10PPBC, 6,11, 190, 192, 194, 190, 187, 185, 186, 188, 187, 188, 189, 186, 186, 184, 184, 183, 184, 183, 182, 182, 182, 182, 183, 183
2010,14112510,112,CH4 ,10PPBC, 6,12, 184, 183, 183, 184, 188, 200, 188, 187, 186, 185, 183, 183, 182, 181, 181, 181, 181, 181, 181, 181, 181, 181, 182, 181
2010,14112510,112,CH4 ,10PPBC, 6,13, 181, 181, 182, 182, 181, 181, 181, 181, 181, 181, 181, 180, 180, 181, 181, 181, 181, 181, 181, 181, 182, 182, 182, 182
2010,14112510,112,CH4 ,10PPBC, 6,14, 182, 183, 185, 184, 184, 183, 184, 183, 186, 188, 187, 187, 187, 185, 186,9999, 184, 183, 183, 183, 183, 183, 183, 186
2010,14112510,112,CH4 ,10PPBC, 6,15, 187, 190, 190, 192, 196, 203, 194, 188, 186, 185, 183, 183, 183, 184, 184, 185, 186, 187, 186, 183, 182, 182, 185, 185
2010,14112510,112,CH4 ,10PPBC, 6,16, 186, 186, 187, 176, 172, 171, 171, 171, 172, 173, 174, 175, 176, 178, 179, 183, 184, 184, 185, 187, 187, 186, 189, 186
2010,14112510,112,CH4 ,10PPBC, 6,17, 184, 186, 187, 196, 199, 197, 192, 193, 192, 187, 188, 185, 186, 186, 187, 186, 184, 184, 184, 183, 182, 182, 182, 182
2010,14112510,112,CH4 ,10PPBC, 6,18, 182, 181, 183, 184, 189, 196, 194, 194, 191, 189, 188, 187, 187, 180, 173, 175, 178, 181, 181, 182, 184, 186, 186, 188
2010,14112510,112,CH4 ,10PPBC, 6,19, 186, 188, 186, 174, 174, 185, 186, 187, 187, 187, 187, 182, 178, 177, 180, 181, 182, 181, 182, 181, 180, 176, 174, 173
2010,14112510,112,CH4 ,10PPBC, 6,20, 172, 172, 172, 174, 175, 186, 191, 189, 181, 175, 175, 175, 175, 175, 175, 177, 177, 177, 176, 175, 175, 176, 174, 174
2010,14112510,112,CH4 ,10PPBC, 6,21, 174, 175, 175, 174, 173, 173, 174, 176, 175, 174, 174, 175, 173,9999,9999, 174, 174, 176, 178, 180, 181, 181, 184, 185
2010,14112510,112,CH4 ,10PPBC, 6,22, 184, 179, 180, 182, 183, 183, 190, 192, 187, 189, 180, 176, 176, 178, 180, 177, 176, 175, 175, 176, 178, 178, 178, 177
2010,14112510,112,CH4 ,10PPBC, 6,23, 178, 178, 178, 178, 178, 178, 177, 175, 174, 172, 172, 173, 173, 172, 180, 185, 183, 183, 183, 179, 178, 179, 183, 187
2010,14112510,112,CH4 ,10PPBC, 6,24,9999, 203, 204, 191, 185, 186, 185, 186, 186, 186, 185, 185, 185, 187, 193, 194, 193, 193, 193, 193, 189, 190, 191, 193
2010,14112510,112,CH4 ,10PPBC, 6,25, 193, 195, 197, 202, 204, 205, 196, 192, 190, 187, 186, 186, 187, 187, 188, 189, 181, 181, 183, 184, 182, 184, 185, 184
2010,14112510,112,CH4 ,10PPBC, 6,26, 182, 182, 181, 182, 184, 183, 180, 181, 175, 174, 174, 174, 174, 174, 174, 174, 175, 175, 174, 175, 175, 175, 174, 174
2010,14112510,112,CH4 ,10PPBC, 6,27, 174, 174, 174, 173, 174, 174, 173, 173, 173, 172, 173, 172, 172, 172, 172, 172, 173, 173, 174, 175, 175, 175, 177, 177
2010,14112510,112,CH4 ,10PPBC, 6,28, 178, 176, 177, 182, 185, 189, 193, 187, 184, 182, 183, 185, 186, 191, 195, 188, 185, 183, 182, 186, 187, 185, 186, 186
2010,14112510,112,CH4 ,10PPBC, 6,29, 190, 189, 189, 199, 204, 202, 208, 211, 208, 219,9999, 212, 204, 196, 193, 185, 185, 183, 185, 184, 181, 179, 175, 179
2010,14112510,112,CH4 ,10PPBC, 6,30, 186, 183, 181, 179, 180, 181, 178, 181, 178, 177, 178, 179, 178, 178, 185, 182, 180, 180, 180, 181, 181, 180, 179, 180
2010,14112510,112,CH4 ,10PPBC, 6,31,9998,9998,9998,9998,9998,9998,9998,9998,9998,9998,9998,9998,9998,9998,9998,9998,9998,9998,9998,9998,9998,9998,9998,9998
2010,14112510,112,CH4 ,10PPBC, 7, 1, 180, 180, 180, 179, 178, 178, 179, 180, 180, 179, 179, 177, 177, 176, 174, 174, 173, 173, 173, 175, 177, 176, 177, 183
2010,14112510,112,CH4 ,10PPBC, 7, 2, 185, 184, 182, 186, 190, 192, 203, 187, 185, 185, 190, 180, 176, 175, 175, 174, 173, 174, 174, 174, 175, 177, 177, 179
2010,14112510,112,CH4 ,10PPBC, 7, 3, 186, 190, 195, 197, 194, 198, 192, 191, 195, 187, 184, 181, 179, 178, 177, 177, 178, 177, 177, 175, 176, 175, 174, 175
2010,14112510,112,CH4 ,10PPBC, 7, 4, 174, 174, 174, 182, 178, 183, 187, 189, 187, 185, 187, 187, 185, 183, 182, 181, 181, 181, 182, 181, 193, 202, 204, 208
2010,14112510,112,CH4 ,10PPBC, 7, 5, 219, 220, 201, 199, 194, 189, 188, 193, 189, 190, 190, 185, 184, 183, 182, 182, 183, 182, 183, 184, 185, 185, 184, 186
2010,14112510,112,CH4 ,10PPBC, 7, 6, 186, 204, 198, 194, 189, 188, 188, 189, 189, 190, 190, 188, 185, 184, 183, 183, 185, 188, 191, 191, 192, 193, 193, 191
2010,14112510,112,CH4 ,10PPBC, 7, 7, 190, 189, 191, 192, 192, 197, 195, 196, 192, 191, 190, 193, 190,9999, 187, 187, 184, 183, 183, 183, 182, 182, 183, 183
2010,14112510,112,CH4 ,10PPBC, 7, 8, 186, 187, 187, 188, 191, 199, 192, 189, 186, 186, 181, 179, 179, 181, 184, 185, 185, 185, 181, 179, 180, 180, 179, 177
2010,14112510,112,CH4 ,10PPBC, 7, 9, 174, 174, 175, 176, 180, 179, 180, 185, 186, 185, 184, 184, 182, 178, 175, 176, 177, 177, 175, 177, 175, 172, 172, 173
2010,14112510,112,CH4 ,10PPBC, 7,10, 175, 176, 176, 177, 178, 179, 179, 179, 177, 179, 178, 178, 178, 178, 179, 180, 180, 180, 182, 182, 184, 185, 187, 188
2010,14112510,112,CH4 ,10PPBC, 7,11, 192, 192, 195, 195, 195, 196, 199, 193, 191, 187, 187, 185, 182, 178, 175, 174, 173, 172, 171, 171, 171, 171, 171, 170
2010,14112510,112,CH4 ,10PPBC, 7,12, 170, 171, 171, 170, 171, 170, 170, 170, 171, 171, 170, 170, 170, 171, 170, 170, 170, 170, 170, 170, 171, 171, 171, 171
2010,14112510,112,CH4 ,10PPBC, 7,13, 171, 171, 173, 175, 176, 180, 199, 195, 197, 196,9999,9999, 187, 187, 187, 188, 187, 186, 185, 188, 187, 190, 189, 193
2010,14112510,112,CH4 ,10PPBC, 7,14, 198, 192, 194, 191, 193, 191, 185, 179, 171, 172, 171, 171, 171, 172, 171, 171, 171, 172, 172, 172, 172, 173, 173, 172
2010,14112510,112,CH4 ,10PPBC, 7,15, 172, 172, 172, 172, 172, 173, 172, 172, 172, 172, 171, 171, 171, 172, 171, 171, 171, 171, 171, 171, 172, 173, 172, 172
2010,14112510,112,CH4 ,10PPBC, 7,16, 172, 173, 172, 172, 173, 174, 173, 173, 172, 172, 171, 172, 172, 172, 171, 172, 172, 172, 172, 172, 173, 173, 173, 174
2010,14112510,112,CH4 ,10PPBC, 7,17, 173, 173, 174, 173, 174, 174, 174, 173, 173, 172, 172, 172, 172, 173, 173, 173, 172, 173, 172, 173, 173, 174, 175, 174
2010,14112510,112,CH4 ,10PPBC, 7,18, 174, 174, 174, 174, 175, 176, 176, 174, 173, 173, 173, 172, 172, 172, 172, 172, 172, 172, 173, 173, 173, 173, 173, 173
2010,14112510,112,CH4 ,10PPBC, 7,19, 174, 174, 174, 175, 175, 176, 175, 176, 175, 173, 173, 173, 173, 173, 173, 173, 173, 174, 174, 175, 175, 175, 175, 176
2010,14112510,112,CH4 ,10PPBC, 7,20, 176, 177, 176, 177, 181, 182, 186, 184, 185, 182, 182, 180, 177, 176, 175, 175, 175, 174, 174, 175, 176, 177, 178, 176
2010,14112510,112,CH4 ,10PPBC, 7,21, 177, 178, 178, 181, 188, 186, 192, 197, 191, 187,9999, 189, 185, 179, 179, 180, 179, 176, 175, 175, 175, 177, 178, 178
2010,14112510,112,CH4 ,10PPBC, 7,22, 178, 180, 189, 197, 204, 208, 195, 192, 189, 186, 184, 180, 176, 176, 176, 176, 175, 174, 173, 173, 173, 173, 173, 173
2010,14112510,112,CH4 ,10PPBC, 7,23, 173, 175, 180, 177, 197, 215, 207, 189, 186, 184, 181, 180, 180, 182, 182, 181, 176, 174, 173, 173, 173, 174, 174, 173
2010,14112510,112,CH4 ,10PPBC, 7,24,9999, 174, 177, 185, 184, 191, 192, 185, 183, 181, 180, 180, 180, 184, 181, 179, 175, 174, 180, 177, 176, 177, 178, 178
2010,14112510,112,CH4 ,10PPBC, 7,25, 181, 183, 182, 189, 193, 194, 194, 181, 180, 178, 178, 177, 173, 172, 172, 173, 174, 175, 175, 175, 178, 179, 179, 181
2010,14112510,112,CH4 ,10PPBC, 7,26, 183, 183, 178, 179, 187, 184, 180, 179, 178, 177, 176, 175, 173, 173, 173, 172, 172, 173, 174, 176, 177, 177, 178, 179
2010,14112510,112,CH4 ,10PPBC, 7,27, 186, 188, 194, 197, 194, 192, 185, 180, 175, 171,9999,9999, 172, 172, 172, 172, 172, 172, 172, 173, 173, 173, 173, 173
2010,14112510,112,CH4 ,10PPBC, 7,28, 174, 174, 175, 176, 175, 175, 175, 172, 171, 171, 172, 172, 172, 172, 173, 173, 173, 173, 174, 174, 174, 174, 174, 175
2010,14112510,112,CH4 ,10PPBC, 7,29, 175, 175, 175, 175, 174, 174, 175, 174, 174, 174, 173, 172, 171, 172, 172, 171, 172, 172, 172, 172, 171, 171, 170, 170
2010,14112510,112,CH4 ,10PPBC, 7,30, 170, 171, 170, 170, 170, 170, 170, 170, 170, 170, 170, 170, 170, 171, 170, 170, 171, 171, 171, 171, 172, 174, 179, 180
2010,14112510,112,CH4 ,10PPBC, 7,31, 186, 184, 183, 189, 196, 198, 191, 185, 180, 177, 178, 180, 176, 173, 173, 174, 175, 175, 175, 176, 177, 177, 177, 179
2010,14112510,112,CH4 ,10PPBC, 8, 1, 180, 180, 181, 182, 185, 186, 183, 184, 185, 184, 184, 178, 176, 176, 176, 178, 177, 177, 177, 176, 175, 173, 173, 172
2010,14112510,112,CH4 ,10PPBC, 8, 2, 172, 172, 171, 171, 170, 171, 171, 171, 171, 171, 170, 170, 170, 169,9999, 169, 169, 169, 170, 171, 171, 171, 172, 171
2010,14112510,112,CH4 ,10PPBC, 8, 3, 171, 170, 170, 170, 170, 170, 171, 170, 170, 170, 171, 170, 170, 170, 170, 170, 170, 170, 170, 171, 170, 171, 171, 171
2010,14112510,112,CH4 ,10PPBC, 8, 4, 171, 171, 171, 171, 172, 172, 171, 171, 171, 171, 171, 171, 170, 170, 171, 170, 170, 170, 170, 170, 171, 171, 171, 171
2010,14112510,112,CH4 ,10PPBC, 8, 5, 171, 171, 171, 170, 170, 170, 171, 170, 170, 170, 170, 171, 170, 170, 170, 170, 171, 171, 171, 171, 171, 171, 171, 171
2010,14112510,112,CH4 ,10PPBC, 8, 6, 171, 171, 171, 171, 171, 172, 172, 171, 171, 171, 171, 171, 171, 171, 171, 172, 173, 173, 174, 174, 175, 174, 175, 175
2010,14112510,112,CH4 ,10PPBC, 8, 7, 176, 177, 176, 175, 178, 179, 179, 177, 176, 176, 176, 177, 176, 177, 175, 175, 174, 173, 172, 172, 173, 174, 174, 176
2010,14112510,112,CH4 ,10PPBC, 8, 8, 175, 175, 175, 178, 180, 181, 183, 179, 176, 174, 173, 172, 172, 172, 171, 172, 172, 172, 172, 172, 172, 173, 171, 171
2010,14112510,112,CH4 ,10PPBC, 8, 9, 172, 173, 174, 175, 173, 176, 177, 173, 175, 174, 174, 176, 175, 173, 172, 171, 171, 171, 171, 172, 172, 172, 172, 172
2010,14112510,112,CH4 ,10PPBC, 8,10, 171, 172, 173, 175, 175, 178, 172, 171, 171, 170, 170,9999,9999, 169, 169, 169, 170, 170, 171, 171, 171, 171, 171, 170
2010,14112510,112,CH4 ,10PPBC, 8,11, 171, 170, 170, 170, 170, 171, 170, 169, 170, 169, 169, 170, 169, 169, 169, 169, 169, 169, 169, 170, 169, 170, 169, 169
2010,14112510,112,CH4 ,10PPBC, 8,12, 169, 169, 169, 169, 169, 169, 169, 169, 169, 169, 169, 169, 170, 172, 172, 172, 171, 173, 172, 173, 173, 174, 175, 175
2010,14112510,112,CH4 ,10PPBC, 8,13, 177, 175, 182, 181, 181, 181, 186, 184, 182, 183, 181, 182, 186, 184, 182, 180, 180, 182, 181, 186, 181, 197, 189, 195
2010,14112510,112,CH4 ,10PPBC, 8,14, 196, 195, 201, 198, 188, 196, 186, 180, 188, 177, 171, 172, 172, 172, 173, 173, 173, 173, 173, 173, 173, 173, 174, 173
2010,14112510,112,CH4 ,10PPBC, 8,15, 174, 174, 173, 173, 174, 173, 174, 175, 175, 173, 172, 172, 173, 174, 174, 173, 173, 172, 172, 172, 173, 172, 174, 174
2010,14112510,112,CH4 ,10PPBC, 8,16, 175, 179, 185, 195, 199, 205, 193, 183, 182, 182, 182, 183, 183, 177, 175, 176, 176, 177, 179, 178, 178, 174, 174, 176
2010,14112510,112,CH4 ,10PPBC, 8,17, 184, 184, 187,9999, 193, 198, 195, 189, 187, 185,9999,9999, 181, 197, 177, 177, 176, 173, 172, 172, 173, 175, 177, 180
2010,14112510,112,CH4 ,10PPBC, 8,18, 184, 184, 184, 184, 188, 192, 188, 184, 179, 180, 180, 179, 182, 182, 178, 176, 176, 176, 176, 176, 175, 176, 179, 180
2010,14112510,112,CH4 ,10PPBC, 8,19, 182, 187, 183, 187, 182, 182, 183, 183, 183, 186, 186, 183, 183, 183, 184, 182, 182, 181, 180, 180, 181, 183, 189, 191
2010,14112510,112,CH4 ,10PPBC, 8,20, 192, 190, 187, 187, 187, 188, 191, 192, 191, 192, 191, 191, 189, 190, 190, 188, 185, 186, 187, 187, 186, 186, 187, 189
2010,14112510,112,CH4 ,10PPBC, 8,21, 189, 185, 185, 189, 193, 202, 197, 191, 190, 190, 190, 189, 189, 187, 184, 182, 181, 180, 180, 181, 182, 182, 181, 182
2010,14112510,112,CH4 ,10PPBC, 8,22, 182, 182, 181, 182, 182, 181, 181, 181, 181, 180, 180, 179, 179, 179, 179, 178, 178, 179, 178, 179, 179, 179, 180, 180
2010,14112510,112,CH4 ,10PPBC, 8,23, 181, 180, 179, 181, 182, 183, 182, 184, 184, 183,9999,9999,9999,9999,9999,9999,9999,9999,9999, 178, 179, 179, 179, 180
2010,14112510,112,CH4 ,10PPBC, 8,24, 178, 178, 178, 178, 178, 180, 177, 177, 178, 178,9999,9999,9999,9999,9999,9999,9999,9999, 177, 176, 176, 176, 177, 177
2010,14112510,112,CH4 ,10PPBC, 8,25, 177, 177, 178, 182, 193, 195, 189, 178, 176, 175, 175, 175, 175, 175, 175, 175, 175, 175, 175, 176, 177, 176, 177, 178
2010,14112510,112,CH4 ,10PPBC, 8,26, 182, 185, 184, 189, 188, 186, 182, 178, 180, 178, 176, 174, 174, 175, 175, 175, 175, 176, 176, 177, 177, 177, 177, 177
2010,14112510,112,CH4 ,10PPBC, 8,27, 178, 178, 181, 189, 189, 188, 189, 189, 188, 185, 183, 182, 178, 177, 175, 172, 170, 170, 170, 171, 171, 171, 172, 171
2010,14112510,112,CH4 ,10PPBC, 8,28, 172, 171, 172, 173, 174, 176, 176, 176, 177, 175, 173, 172, 171, 171, 171, 171, 171, 171, 171, 171, 172, 173, 173, 175
2010,14112510,112,CH4 ,10PPBC, 8,29, 175, 176, 178, 182, 183, 181, 181, 176, 175, 176, 174, 173, 173, 172, 172, 171, 171, 171, 172, 173, 174, 173, 174, 178
2010,14112510,112,CH4 ,10PPBC, 8,30, 186, 195, 208, 205, 191, 191, 193, 188, 187, 185, 188,9999, 185, 186, 183, 177, 173, 171, 171, 172, 172, 173, 173, 174
2010,14112510,112,CH4 ,10PPBC, 8,31, 178, 182, 193, 203, 186, 185, 190, 192, 195, 194, 187, 182, 178, 175, 174, 172, 172, 172, 176, 175, 174, 174, 173, 171
2010,14112510,112,CH4 ,10PPBC, 9, 1, 171, 171, 171, 171, 171, 172, 173, 175, 176, 173, 174, 202, 184, 172, 172, 172, 173, 174, 177, 177, 178, 177, 178, 177
2010,14112510,112,CH4 ,10PPBC, 9, 2, 178, 178, 177, 178, 180, 182, 182, 179, 179, 178, 178, 179, 178, 178, 177, 177, 177, 177, 178, 178, 177, 178, 177, 178
2010,14112510,112,CH4 ,10PPBC, 9, 3, 178, 179, 179, 181, 187, 188, 185, 182, 180, 178, 178, 178, 177, 176, 176, 176, 176, 176, 177, 178, 179, 178, 178, 178
2010,14112510,112,CH4 ,10PPBC, 9, 4, 180, 186, 184, 188, 194, 197, 198, 180, 179, 181, 181, 181, 182, 182, 180, 177, 177, 176, 176, 176, 176, 177, 177, 178
2010,14112510,112,CH4 ,10PPBC, 9, 5, 177, 180, 183, 183, 188, 188, 185, 183, 180, 179, 176, 176, 176, 175, 175, 175, 175, 175, 174, 175, 176, 176, 176, 175
2010,14112510,112,CH4 ,10PPBC, 9, 6, 175, 173, 172, 171, 171, 171, 171, 171, 171, 172, 172, 172, 171, 170, 170, 169, 170, 172, 173, 172, 172, 171, 171, 171
2010,14112510,112,CH4 ,10PPBC, 9, 7, 170, 170, 170, 169, 170, 170, 171, 171, 172, 171, 171, 170, 171,9999, 170, 170, 171, 171, 171, 171, 171, 171, 172, 174
2010,14112510,112,CH4 ,10PPBC, 9, 8, 176, 180, 180, 183, 180, 182, 184, 189, 186, 184, 190, 184, 171, 183, 184, 181, 181, 179, 178, 178, 178, 178, 178, 179
2010,14112510,112,CH4 ,10PPBC, 9, 9, 180, 181, 182, 181, 181, 182, 183, 183, 183, 184, 183, 183, 182, 182, 182, 184, 185, 184, 183, 183, 184, 189, 192, 199
2010,14112510,112,CH4 ,10PPBC, 9,10, 212, 217, 214, 220, 217, 210, 203, 195, 200, 195, 188, 187, 185, 183, 183, 182, 181, 180, 180, 180, 181, 181, 183, 185
2010,14112510,112,CH4 ,10PPBC, 9,11, 185, 186, 189, 186, 191, 190, 194, 190, 187, 187, 187, 184, 180, 179, 179, 179, 178, 178, 179, 180, 180, 182, 182, 184
2010,14112510,112,CH4 ,10PPBC, 9,12, 188, 189, 192, 194, 203, 206, 207, 195, 196, 196, 221, 203, 192, 187, 185, 184, 183, 182, 183, 181, 187, 189, 181, 181
2010,14112510,112,CH4 ,10PPBC, 9,13, 179, 178, 183, 185, 193, 186, 183, 184, 185, 184, 183, 179, 178, 177, 177, 177, 177, 176, 179, 181, 182, 185, 185, 184
2010,14112510,112,CH4 ,10PPBC, 9,14, 184, 179, 180, 180, 182, 192, 191, 180, 181, 181,9999, 182, 182, 181, 180, 181, 181, 180, 179, 181, 182, 182, 182, 184
2010,14112510,112,CH4 ,10PPBC, 9,15, 184, 183, 183, 183, 183, 186, 186, 184, 184, 183, 184, 184, 184, 185, 184, 184, 184, 184, 186, 184, 185, 185, 185, 185
2010,14112510,112,CH4 ,10PPBC, 9,16, 185, 184, 184, 183, 183, 185, 187, 185, 185, 183, 181, 181, 181, 182, 181, 182, 182, 184, 184, 183, 183, 186, 187, 192
2010,14112510,112,CH4 ,10PPBC, 9,17, 194, 200, 194, 186, 186, 189, 190, 185, 183, 182, 182, 184, 186, 188, 188, 188, 182, 181, 182, 183, 185, 195, 195, 190
2010,14112510,112,CH4 ,10PPBC, 9,18, 188, 189, 199, 190, 187, 187, 189, 187, 184, 183, 182, 184, 182, 183, 182, 181, 181, 182, 182, 182, 183, 181, 182, 181
2010,14112510,112,CH4 ,10PPBC, 9,19, 183, 186, 189, 198, 222, 212, 203, 189, 190, 188, 183, 180, 179, 178, 178, 177, 178, 178, 178, 179, 179, 180, 181, 186
2010,14112510,112,CH4 ,10PPBC, 9,20, 215, 224, 216, 193, 188, 190, 195, 197, 196, 192, 191, 189, 188, 189, 189, 191, 182, 180, 183, 184, 186, 188, 192, 203
2010,14112510,112,CH4 ,10PPBC, 9,21, 199, 199, 201, 207, 202, 201, 196, 191, 187, 186,9999,9999, 184, 188, 186, 184, 183, 183, 183, 182, 183, 185, 197, 197
2010,14112510,112,CH4 ,10PPBC, 9,22, 199, 200, 205, 209, 206, 214, 212, 192, 185, 184, 181, 179, 177, 177, 176, 176, 175, 175, 176, 176, 181, 186, 192, 187
2010,14112510,112,CH4 ,10PPBC, 9,23,9999, 186, 186, 190, 187, 185, 185, 186, 185, 186, 186, 186, 185, 185, 185, 185, 185, 185, 186, 187, 189, 188, 186, 185
2010,14112510,112,CH4 ,10PPBC, 9,24, 187, 187, 186, 188, 188, 191, 189, 189, 188, 188, 188, 187, 185, 186, 186, 184, 185, 184, 184, 186, 187, 186, 186, 185
2010,14112510,112,CH4 ,10PPBC, 9,25, 185, 183, 184, 184, 184, 185, 184, 184, 184, 183, 184, 183, 183, 184, 184, 184, 184, 186, 188, 198, 192, 192, 192, 207
2010,14112510,112,CH4 ,10PPBC, 9,26, 201, 201, 205, 200, 201, 200, 202, 192, 192, 188, 186, 186, 186, 188, 186, 189, 187, 186, 186, 186, 189, 197, 189, 189
2010,14112510,112,CH4 ,10PPBC, 9,27, 190, 188, 189, 188, 187, 185, 185, 186, 186, 184,9999,9999,9999,9999,9999,9999,9999, 182, 182, 183, 187, 189, 186, 186
2010,14112510,112,CH4 ,10PPBC, 9,28, 186, 187, 184, 185, 184, 189, 189, 189, 189, 190, 190, 189, 191, 188, 192, 189, 188, 191, 193, 201, 208, 215, 235, 213
2010,14112510,112,CH4 ,10PPBC, 9,29, 197, 196, 194, 191, 188, 190, 189, 193, 188, 188, 189, 189, 189, 191, 192, 192, 191, 191, 191, 191, 191, 192, 195, 198
2010,14112510,112,CH4 ,10PPBC, 9,30, 201, 196, 195, 199, 196, 195, 197, 196, 198, 197, 195, 198, 197, 197, 196, 196, 195, 198, 195, 196, 194, 194, 196, 196
2010,14112510,112,CH4 ,10PPBC, 9,31,9998,9998,9998,9998,9998,9998,9998,9998,9998,9998,9998,9998,9998,9998,9998,9998,9998,9998,9998,9998,9998,9998,9998,9998
2010,14112510,112,CH4 ,10PPBC,10, 1, 195, 197, 194, 194, 192, 194, 193, 193, 192, 194, 191, 191, 191, 190, 189, 190, 192, 191, 196, 201, 199, 204, 214, 215
2010,14112510,112,CH4 ,10PPBC,10, 2, 213, 202, 198, 200, 208, 200, 197, 196, 193, 190, 190, 190, 189, 191, 193, 192, 191, 190, 191, 192, 192, 195, 207, 198
2010,14112510,112,CH4 ,10PPBC,10, 3, 199, 195, 195, 197, 200, 199, 193, 192, 191, 191, 190, 190, 190, 190, 190, 192, 194, 190, 191, 191, 197, 216, 225, 204
2010,14112510,112,CH4 ,10PPBC,10, 4, 225, 205, 206, 197, 197, 199, 196, 196, 195, 196, 195,9999,9999,9999, 198, 195, 194, 197, 194, 195, 193, 192, 198, 197
2010,14112510,112,CH4 ,10PPBC,10, 5, 199, 199, 196, 196, 194, 191, 193, 191, 193, 198, 195, 193, 191, 191, 189, 190, 191, 190, 191, 193, 210, 240, 205, 196
2010,14112510,112,CH4 ,10PPBC,10, 6, 196, 196, 196, 199, 198, 198, 194, 200, 193, 190, 190, 190, 190, 191, 191, 192, 191, 193, 196, 191, 192, 196, 197, 195
2010,14112510,112,CH4 ,10PPBC,10, 7, 199, 196, 192, 192, 191, 192, 194, 195, 195, 194, 193, 192, 191, 191, 191, 191, 191, 191, 192, 192, 194, 196, 195, 193
2010,14112510,112,CH4 ,10PPBC,10, 8, 194, 193, 193, 194, 195, 197, 196, 198, 197, 194, 194, 192, 191, 191, 193, 191, 192, 197, 199, 195, 200, 203, 194, 197
2010,14112510,112,CH4 ,10PPBC,10, 9, 205, 194, 192, 193, 192, 190, 191, 192, 191, 191, 191, 190, 190, 190, 189, 190, 189, 189, 190, 189, 192, 192, 193, 189
2010,14112510,112,CH4 ,10PPBC,10,10, 189, 189, 191, 192, 190, 193, 194, 198, 194, 191, 190, 189, 187, 188, 190, 189, 188, 188, 190, 195, 199, 202, 204, 234
2010,14112510,112,CH4 ,10PPBC,10,11, 229, 243, 236, 218, 203, 201, 198, 188, 187, 187, 189, 186, 187, 187, 186, 188, 189, 192, 193, 195, 195, 198, 200, 205
2010,14112510,112,CH4 ,10PPBC,10,12, 209, 223, 226, 242, 200, 197, 198, 202, 204, 200, 202, 201, 198,9999,9999,9999, 183, 184, 187, 190, 197, 198, 198, 269
2010,14112510,112,CH4 ,10PPBC,10,13, 276, 244, 199, 196, 194, 194, 195, 200, 195, 194, 190, 189, 187, 189, 191, 187, 185, 185, 186, 192, 193, 198, 198, 234
2010,14112510,112,CH4 ,10PPBC,10,14, 223, 206, 204, 189, 189, 191, 190, 189, 191, 189, 187, 186, 187, 186, 185, 189, 195, 188, 187, 193, 189, 191, 194, 193
2010,14112510,112,CH4 ,10PPBC,10,15, 195, 189, 187, 186, 189, 195, 197, 190, 189, 187, 187, 188, 188, 189, 189, 185, 185, 185, 186, 189, 213, 234, 234, 217
2010,14112510,112,CH4 ,10PPBC,10,16, 198, 190, 187, 186, 186, 187, 191, 189, 187, 187, 187, 186, 188, 191, 189, 186, 187, 189, 189, 194, 197, 200, 218, 236
2010,14112510,112,CH4 ,10PPBC,10,17, 224, 201, 192, 191, 189, 189, 191, 191, 192, 187, 187, 186, 186, 187, 187, 187, 187, 190, 205, 203, 208, 217, 220, 206
2010,14112510,112,CH4 ,10PPBC,10,18, 204, 215, 209, 194, 198, 194, 192, 198, 191, 192, 188, 191, 191, 191, 189, 185, 186, 186, 186, 186, 190, 195, 199, 193
2010,14112510,112,CH4 ,10PPBC,10,19, 192, 190, 187, 186, 188, 186, 186, 187, 187, 187,9999, 186, 187, 186, 187, 188, 190, 189, 189, 190, 189, 189, 190, 187
2010,14112510,112,CH4 ,10PPBC,10,20, 187, 190, 191, 191, 193, 192, 189, 191, 193, 191, 187, 188, 187, 190, 217, 191, 222, 195, 189, 190, 192, 199, 191, 190
2010,14112510,112,CH4 ,10PPBC,10,21, 193, 195, 197, 197, 195, 191, 194, 193, 197, 196, 191, 192, 199, 193, 194, 189, 186, 189, 189, 189, 186, 187, 187, 187
2010,14112510,112,CH4 ,10PPBC,10,22, 187, 191, 190, 189, 189, 189, 192, 192, 188, 186, 187, 187, 187, 186, 187, 185, 186, 187, 185, 185, 186, 187, 186, 189
2010,14112510,112,CH4 ,10PPBC,10,23, 194, 199, 190, 191, 189, 189, 188, 188, 189, 187, 187, 186, 185, 184, 186, 185, 187, 192, 189, 189, 190, 210, 222, 230
2010,14112510,112,CH4 ,10PPBC,10,24, 243, 206, 193, 187, 190, 192, 191, 194, 196, 191, 190, 189, 190, 191, 191, 197, 192, 197, 189, 192, 193, 192, 195, 191
2010,14112510,112,CH4 ,10PPBC,10,25, 192, 204, 196, 192, 192, 194, 208, 190, 192, 187,9999,9999, 187, 188, 187, 189, 193, 211, 222, 231, 252, 267, 258, 220
2010,14112510,112,CH4 ,10PPBC,10,26, 200, 194, 195, 193, 198, 190, 199, 217, 230, 190, 187, 189, 187, 187, 191, 188, 187, 189, 189, 189, 188, 189, 189, 189
2010,14112510,112,CH4 ,10PPBC,10,27, 188, 188, 188, 187, 188, 187, 187, 188, 188, 188, 188, 188, 188, 188, 188, 189, 189, 190, 191, 190, 190, 194, 205, 197
2010,14112510,112,CH4 ,10PPBC,10,28, 193, 191, 190, 189, 190, 189, 189, 189, 189, 189, 188, 188, 188, 187, 187, 186, 187, 187, 187, 186, 186, 188, 188, 189
2010,14112510,112,CH4 ,10PPBC,10,29, 191, 190, 191, 193, 193, 189, 187, 188, 190, 188, 188, 188, 188, 190, 193, 192, 189, 188, 188, 188, 188, 192, 195, 192
2010,14112510,112,CH4 ,10PPBC,10,30, 190, 189, 190, 189, 188, 187, 187, 187, 186, 187, 187, 187, 187, 187, 187, 186, 186, 185, 185, 185, 184, 184, 185, 185
2010,14112510,112,CH4 ,10PPBC,10,31, 184, 185, 184, 186, 186, 186, 187, 186, 188, 186, 185, 185, 186, 186, 187, 187, 187, 188, 188, 189, 190, 191, 191, 191
2010,14112510,112,CH4 ,10PPBC,11, 1, 189, 188, 187, 185, 184, 183, 182, 183, 186, 185, 185, 184, 183, 184, 182, 183, 182, 184, 184, 187, 203, 203, 202, 201
2010,14112510,112,CH4 ,10PPBC,11, 2, 207, 223, 225, 194, 197, 213, 191, 190, 187, 186,9999,9999, 184, 183, 182, 183, 184, 186, 188, 193, 195, 211, 224, 246
2010,14112510,112,CH4 ,10PPBC,11, 3, 244, 216, 193, 194, 190, 188, 194, 194, 190, 189, 188, 188, 188, 188, 188, 190, 191, 191, 191, 191, 193, 196, 191, 188
2010,14112510,112,CH4 ,10PPBC,11, 4, 190, 196, 196, 193, 193, 190, 194, 199, 193, 193, 194, 191, 194, 195, 191, 190, 193, 194, 199, 220, 251, 252, 220, 208
2010,14112510,112,CH4 ,10PPBC,11, 5, 196, 202, 208, 212, 214, 242, 232, 214, 202, 188, 187, 187, 187, 188, 191, 188, 186, 188, 199, 210, 208, 227, 224, 195
2010,14112510,112,CH4 ,10PPBC,11, 6, 192, 193, 192, 191, 191, 196, 204, 229, 200, 192, 189, 189, 189, 191, 195, 193, 192, 195, 197, 200, 202, 236, 242, 211
2010,14112510,112,CH4 ,10PPBC,11, 7, 192, 191, 190, 188, 192, 192, 193, 193, 197, 191, 189, 188, 189, 190, 188, 188, 189, 192, 200, 219, 242, 211, 213, 247
2010,14112510,112,CH4 ,10PPBC,11, 8, 233, 203, 192, 191, 194, 234, 206, 197, 193, 190, 191, 192,9999,9999, 189, 191, 191, 193, 195, 197, 203, 200, 202, 212
2010,14112510,112,CH4 ,10PPBC,11, 9, 208, 202, 203, 234, 235, 227, 223, 207, 185, 184, 184, 183, 183, 183, 183, 185, 186, 186, 187, 188, 189, 189, 189, 191
2010,14112510,112,CH4 ,10PPBC,11,10, 193, 196, 202, 199, 208, 252, 236, 226, 197, 193, 197, 192, 187, 186, 186, 185, 185, 188, 189, 188, 190, 193, 191, 197
2010,14112510,112,CH4 ,10PPBC,11,11, 206, 210, 208, 212, 206, 202, 215, 206, 194, 188, 189, 188, 188, 189, 190, 189, 189, 192, 211, 211, 210, 209, 237, 235
2010,14112510,112,CH4 ,10PPBC,11,12, 237, 199, 196, 197, 196, 195, 198, 202, 200, 199, 199, 190, 186, 186, 186, 186, 187, 187, 187, 190, 192, 197, 220, 239
2010,14112510,112,CH4 ,10PPBC,11,13, 227, 224, 194, 194, 204, 218, 203, 197, 195, 192, 197, 191, 192, 190, 195, 197, 191, 196, 230, 245, 223, 204, 203, 200
2010,14112510,112,CH4 ,10PPBC,11,14, 198, 197, 205, 216, 199, 221, 207, 204, 222, 199, 196, 193, 192, 193, 192, 192, 192, 232, 253, 250, 295, 279, 208, 201
2010,14112510,112,CH4 ,10PPBC,11,15, 202, 249, 245, 239, 221, 216, 224, 208, 198, 190,9999, 187, 189, 187, 188, 191, 190, 188, 188, 188, 188, 188, 189, 189
2010,14112510,112,CH4 ,10PPBC,11,16, 188, 188, 189, 190, 194, 205, 194, 193, 194, 189, 187, 187, 187, 187, 192, 194, 191, 193, 196, 203, 208, 199, 205, 198
2010,14112510,112,CH4 ,10PPBC,11,17, 196, 192, 192, 193, 197, 197, 197, 196, 193, 191, 192, 188, 186, 186, 187, 189, 190, 187, 187, 185, 187, 188, 186, 190
2010,14112510,112,CH4 ,10PPBC,11,18, 188, 187, 187, 187, 187, 186, 186, 188, 187, 187, 186, 185, 185, 185, 187, 185, 187, 188, 195, 191, 191, 192, 190, 190
2010,14112510,112,CH4 ,10PPBC,11,19, 188, 187, 187, 185, 190, 190, 192, 188, 186, 187, 185, 185, 185, 186, 186, 189, 193, 195, 227, 235, 237, 221, 197, 195
2010,14112510,112,CH4 ,10PPBC,11,20, 191, 191, 191, 189, 190, 190, 195, 190, 190, 188, 186, 186, 186, 186, 186, 187, 189, 203, 215, 206, 198, 196, 200, 190
2010,14112510,112,CH4 ,10PPBC,11,21, 190, 190, 191, 188, 187, 187, 187, 186, 187, 185, 185, 184, 185, 184, 185, 187, 190, 202, 223, 214, 206, 205, 194, 195
2010,14112510,112,CH4 ,10PPBC,11,22, 191, 196, 190, 188, 190, 192, 193, 194, 191, 188,9999, 186, 186, 187, 190, 191, 194, 194, 193, 190, 189, 190, 190, 188
2010,14112510,112,CH4 ,10PPBC,11,23, 188, 184, 182, 183, 181, 181, 181, 181, 181, 182, 183, 184, 185, 186, 185, 185, 186, 188, 187, 187, 187, 187, 187, 187
2010,14112510,112,CH4 ,10PPBC,11,24,9999, 187, 186, 187, 187, 188, 188, 189, 188, 188, 187, 186, 187, 187, 189, 190, 190, 190, 196, 194, 194, 208, 223, 215
2010,14112510,112,CH4 ,10PPBC,11,25, 212, 204, 200, 197, 199, 197, 196, 197, 196, 192, 192, 191, 192, 193, 195, 197, 200, 205, 203, 196, 197, 195, 200, 191
2010,14112510,112,CH4 ,10PPBC,11,26, 193, 197, 192, 193, 190, 189, 193, 196, 199, 195, 189, 187, 187, 187, 187, 192, 218, 205, 204, 202, 200, 207, 193, 191
2010,14112510,112,CH4 ,10PPBC,11,27, 189, 190, 188, 187, 188, 186, 188, 187, 188, 187, 186, 187, 187, 187, 191, 186, 188, 188, 188, 189, 203, 215, 220, 231
2010,14112510,112,CH4 ,10PPBC,11,28, 267, 237, 224, 213, 230, 234, 227, 210, 215, 195, 185, 185, 185, 185, 185, 185, 186, 187, 190, 190, 189, 186, 186, 188
2010,14112510,112,CH4 ,10PPBC,11,29, 187, 190, 192, 196, 197, 199, 204, 238, 206, 191, 190, 186, 185, 185, 185, 186, 187, 189, 191, 191, 203, 213, 211, 209
2010,14112510,112,CH4 ,10PPBC,11,30, 209, 201, 205, 203, 193, 194, 199, 203, 194, 192,9999,9999, 192, 191, 189, 189, 189, 190, 193, 194, 195, 193, 191, 197
2010,14112510,112,CH4 ,10PPBC,11,31,9998,9998,9998,9998,9998,9998,9998,9998,9998,9998,9998,9998,9998,9998,9998,9998,9998,9998,9998,9998,9998,9998,9998,9998
2010,14112510,112,CH4 ,10PPBC,12, 1, 199, 221, 237, 247, 243, 229, 229, 223, 221, 197, 191, 192, 189, 188, 191, 193, 198, 215, 241, 259, 295, 295, 225, 228
2010,14112510,112,CH4 ,10PPBC,12, 2, 221, 199, 196, 194, 197, 192, 194, 193, 192, 192, 192, 192, 190, 191, 191, 198, 203, 194, 197, 208, 197, 197, 194, 200
2010,14112510,112,CH4 ,10PPBC,12, 3, 193, 191, 193, 193, 193, 192, 192, 184, 186, 179, 177, 178, 180, 181, 181, 181, 181, 181, 183, 184, 185, 186, 186, 186
2010,14112510,112,CH4 ,10PPBC,12, 4, 186, 185, 185, 185, 185, 185, 189, 196, 190, 185, 185, 184, 185, 185, 185, 186, 187, 188, 186, 191, 193, 192, 193, 199
2010,14112510,112,CH4 ,10PPBC,12, 5, 209, 211, 216, 210, 203, 203, 196, 198, 196, 191, 186, 187, 188, 190, 191, 190, 186, 189, 214, 257, 275, 244, 199, 192
2010,14112510,112,CH4 ,10PPBC,12, 6, 191, 195, 197, 195, 195, 198, 198, 204, 201, 192,9999, 188, 187, 185, 184, 185, 185, 189, 198, 221, 219, 216, 207, 211
2010,14112510,112,CH4 ,10PPBC,12, 7, 229, 222, 221, 209, 209, 197, 202, 202, 201, 196, 194, 189, 186, 185, 185, 186, 186, 185, 185, 186, 186, 185, 185, 184
2010,14112510,112,CH4 ,10PPBC,12, 8, 184, 183, 183, 183, 183, 181, 181, 183, 185, 185, 183, 182, 183, 183, 183, 184, 183, 185, 184, 186, 184, 185, 187, 186
2010,14112510,112,CH4 ,10PPBC,12, 9, 187, 190, 188, 186, 186, 189, 191, 195, 189, 186, 184, 183, 182, 183, 183, 183, 188, 190, 191, 189, 191, 201, 200, 199
2010,14112510,112,CH4 ,10PPBC,12,10, 200, 198, 207, 213, 224, 217, 230, 228, 197, 185, 185, 183, 185, 188, 186, 186, 188, 187, 189, 191, 201, 209, 208, 208
2010,14112510,112,CH4 ,10PPBC,12,11, 213, 227, 242, 209, 196, 198, 200, 204, 198, 181, 180, 180, 179, 179, 179, 179, 179, 179, 180, 180, 180, 181, 182, 188
2010,14112510,112,CH4 ,10PPBC,12,12, 194, 191, 190, 189, 185, 184, 183, 183, 184, 183, 183, 183, 183, 183, 184, 185, 187, 187, 189, 186, 190, 187, 186, 187
2010,14112510,112,CH4 ,10PPBC,12,13, 187, 187, 184, 184, 184, 187, 186, 184, 184, 184,9999,9999, 187, 187, 189, 188, 189, 187, 187, 189, 191, 194, 194, 190
2010,14112510,112,CH4 ,10PPBC,12,14, 191, 192, 191, 189, 188, 184, 186, 192, 189, 191, 193, 192, 189, 189, 189, 190, 191, 194, 200, 191, 206, 203, 198, 202
2010,14112510,112,CH4 ,10PPBC,12,15, 198, 212, 224, 235, 223, 213, 233, 196, 188, 186, 187, 187, 188, 191, 191, 196, 197, 190, 189, 189, 188, 188, 190, 189
2010,14112510,112,CH4 ,10PPBC,12,16, 189, 187, 188, 189, 190, 188, 191, 190, 194, 195, 192, 192, 195, 193, 194, 193, 192, 194, 192, 193, 193, 199, 200, 194
2010,14112510,112,CH4 ,10PPBC,12,17, 194, 212, 203, 218, 209, 209, 215, 215, 198, 191, 189, 186, 185, 187, 188, 192, 193, 195, 202, 206, 221, 234, 213, 207
2010,14112510,112,CH4 ,10PPBC,12,18, 202, 200, 209, 199, 198, 201, 205, 205, 210, 200, 190, 191, 190, 191, 192, 192, 190, 190, 192, 192, 190, 192, 195, 191
2010,14112510,112,CH4 ,10PPBC,12,19, 193, 193, 189, 191, 191, 190, 191, 194, 192, 191, 190, 189, 190, 191, 194, 198, 198, 200, 210, 246, 236, 203, 200, 204
2010,14112510,112,CH4 ,10PPBC,12,20, 201, 204, 207, 204, 217, 224, 231, 208, 197, 198, 190, 185, 183, 185, 191, 192, 203, 208, 224, 219, 206, 200, 194, 203
2010,14112510,112,CH4 ,10PPBC,12,21, 215, 215, 219, 204, 197, 191, 191, 190, 191, 190, 189, 190,9999, 188, 187, 188, 190, 192, 190, 189, 188, 188, 186, 187
2010,14112510,112,CH4 ,10PPBC,12,22, 188, 188, 188, 187, 185, 185, 184, 189, 188, 185, 184, 183, 181, 182, 184, 186, 189, 199, 198, 202, 218, 221, 227, 234
2010,14112510,112,CH4 ,10PPBC,12,23, 222, 233, 237, 228, 241, 227, 232, 241, 204, 184, 184, 184, 184, 185, 185, 185, 187, 188, 194, 205, 209, 210, 217, 222
2010,14112510,112,CH4 ,10PPBC,12,24, 225, 249, 235, 233, 229, 201, 192, 187, 188, 185, 185, 185, 186, 187, 187, 188, 189, 192, 193, 192, 192, 191, 190, 190
2010,14112510,112,CH4 ,10PPBC,12,25, 188, 187, 190, 208, 210, 204, 182, 182, 182, 182, 183, 183, 182, 183, 183, 183, 183, 183, 183, 183, 182, 182, 181, 182
2010,14112510,112,CH4 ,10PPBC,12,26, 183, 183, 183, 183, 182, 182, 182, 182, 183, 183, 182, 182, 182, 182, 182, 182, 182, 183, 184, 184, 184, 184, 186, 188
2010,14112510,112,CH4 ,10PPBC,12,27, 190, 191, 191, 184, 184, 183, 185, 190, 187, 184,9999,9999, 187, 189, 190, 190, 190, 192, 197, 206, 217, 231, 213, 206
2010,14112510,112,CH4 ,10PPBC,12,28, 213, 220, 217, 208, 210, 220, 243, 254, 228, 204, 197, 190, 187, 187, 185, 186, 186, 185, 188, 191, 190, 192, 195, 196
2010,14112510,112,CH4 ,10PPBC,12,29, 200, 202, 224, 205, 206, 206, 203, 205, 207, 198, 189, 188, 189, 190, 191, 193, 193, 194, 194, 194, 193, 193, 197, 196
2010,14112510,112,CH4 ,10PPBC,12,30, 213, 223, 225, 232, 221, 208, 200, 210, 226, 200, 197, 192, 191, 191, 198, 199, 198, 193, 193, 192, 193, 193, 198, 200
2010,14112510,112,CH4 ,10PPBC,12,31, 208, 206, 197, 201, 204, 207, 201, 218, 203, 191, 187, 187, 187, 188, 188, 187, 188, 200, 207, 206, 201, 204, 206, 199
2010,14112510,112,CH4 ,10PPBC, 1, 1, 225, 217, 232, 225, 240, 232, 233, 228, 222, 189, 187, 186, 188, 188, 188, 189, 193, 199, 211, 204, 212, 199, 212, 224
2010,14112510,112,CH4 ,10PPBC, 1, 2, 224, 213, 212, 211, 208, 207, 203, 202, 204, 194, 194, 190, 190, 189, 189, 188, 190, 193, 199, 198, 194, 190, 191, 194
2010,14112510,112,CH4 ,10PPBC, 1, 3, 194, 201, 203, 196, 201, 199, 194, 196, 193, 192, 191, 190, 190, 190, 191, 192, 198, 201, 203, 225, 227, 203, 198, 195
2010,14112510,112,CH4 ,10PPBC, 1, 4, 192, 192, 189, 188, 189, 187, 193, 193, 193, 193, 192, 190, 189, 189, 190, 191, 191, 204, 209, 205, 210, 197, 200, 199
2010,14112510,112,CH4 ,10PPBC, 1, 5, 197, 199, 212, 212, 208, 208, 209, 210, 213, 196,9999, 189, 188, 188, 190, 189, 189, 190, 190, 190, 190, 195, 196, 195
2010,14112510,112,CH4 ,10PPBC, 1, 6, 189, 189, 189, 189, 189, 190, 191, 195, 193, 191, 189, 189, 189, 189, 190, 190, 190, 191, 190, 191, 192, 192, 192, 191
2010,14112510,112,CH4 ,10PPBC, 1, 7, 190, 189, 189, 188, 189, 189, 190, 190, 190, 189, 189, 189, 190, 190, 190, 190, 190, 190, 190, 191, 191, 192, 191, 192
2010,14112510,112,CH4 ,10PPBC, 1, 8, 191, 193, 202, 199, 203, 202, 204, 209, 192, 193, 190, 190, 190, 189, 190, 190, 190, 193, 196, 198, 210, 238, 239, 235
2010,14112510,112,CH4 ,10PPBC, 1, 9, 239, 230, 234, 241, 240, 226, 193, 193, 194, 187, 187, 186, 186, 187, 188, 200, 211, 206, 222, 193, 193, 192, 192, 191
2010,14112510,112,CH4 ,10PPBC, 1,10, 191, 190, 189, 190, 188, 188, 188, 190, 189, 188, 189, 189, 190, 191, 191, 192, 192, 192, 192, 192, 193, 193, 193, 193
2010,14112510,112,CH4 ,10PPBC, 1,11, 191, 192, 192, 193, 201, 200, 198, 193, 196, 198,9999, 190, 189, 189, 189, 191, 193, 199, 213, 214, 209, 210, 220, 249
2010,14112510,112,CH4 ,10PPBC, 1,12, 216, 205, 219, 199, 196, 200, 199, 205, 198, 194, 193, 194, 193, 193, 200, 199, 200, 206, 199, 192, 193, 192, 191, 192
2010,14112510,112,CH4 ,10PPBC, 1,13, 191, 191, 192, 192, 191, 190, 192, 192, 191, 190, 189, 189, 188, 186, 188, 189, 190, 192, 192, 193, 194, 190, 190, 191
2010,14112510,112,CH4 ,10PPBC, 1,14, 192, 192, 197, 196, 204, 211, 209, 242, 209, 197, 196, 194, 196, 195, 196, 192, 190, 192, 206, 229, 233, 209, 207, 206
2010,14112510,112,CH4 ,10PPBC, 1,15, 200, 201, 202, 205, 207, 217, 215, 238, 210, 194, 194, 194, 192, 194, 197, 199, 205, 222, 233, 236, 231, 206, 199, 197
2010,14112510,112,CH4 ,10PPBC, 1,16, 201, 212, 200, 197, 196, 190, 191, 188, 188, 188, 187, 187, 185, 185, 186, 187, 187, 187, 187, 186, 187, 186, 186, 188
2010,14112510,112,CH4 ,10PPBC, 1,17, 187, 189, 189, 190, 195, 204, 211, 225, 217, 194, 184,9999,9999, 186, 186, 187, 188, 189, 191, 192, 193, 190, 190, 192
2010,14112510,112,CH4 ,10PPBC, 1,18, 194, 203, 214, 222, 221, 225, 239, 230, 207, 193, 194, 192, 190, 191, 190, 190, 191, 193, 200, 208, 233, 211, 201, 205
2010,14112510,112,CH4 ,10PPBC, 1,19, 200, 208, 207, 211, 218, 223, 228, 227, 221, 197, 192, 191, 190, 191, 198, 195, 193, 196, 205, 208, 197, 197, 201, 202
2010,14112510,112,CH4 ,10PPBC, 1,20, 207, 208, 214, 212, 215, 209, 204, 214, 197, 191, 188, 187, 186, 186, 188, 189, 189, 188, 188, 188, 187, 187, 187, 187
2010,14112510,112,CH4 ,10PPBC, 1,21, 188, 188, 186, 186, 187, 187, 185, 187, 185, 186, 186, 187, 188, 188, 188, 188, 193, 193, 195, 200, 218, 192, 190, 191
2010,14112510,112,CH4 ,10PPBC, 1,22, 188, 190, 190, 193, 193, 197, 195, 195, 196, 191, 186, 186, 187, 191, 190, 192, 193, 195, 206, 226, 216, 196, 196, 201
2010,14112510,112,CH4 ,10PPBC, 1,23, 202, 208, 211, 217, 220, 220, 219, 223, 207, 198, 197, 199, 194, 194, 193, 197, 198, 198, 197, 188, 185, 187, 187, 186
2010,14112510,112,CH4 ,10PPBC, 1,24, 188, 187, 188, 191, 188, 188, 187, 189, 191, 190,9999, 190, 192, 193, 192, 195, 197, 198, 199, 199, 196, 195, 198, 200
2010,14112510,112,CH4 ,10PPBC, 1,25, 199, 199, 198, 200, 197, 197, 211, 208, 202, 198, 196, 196, 195, 196, 195, 195, 195, 197, 192, 192, 194, 195, 196, 192
2010,14112510,112,CH4 ,10PPBC, 1,26, 198, 198, 203, 208, 211, 236, 238, 231, 223, 197, 193, 194, 193, 193, 192, 191, 193, 195, 194, 195, 195, 197, 197, 197
2010,14112510,112,CH4 ,10PPBC, 1,27, 198, 197, 197, 204, 218, 217, 229, 237, 196, 190, 188, 186, 186, 187, 191, 192, 189, 190, 191, 192, 191, 190, 190, 191
2010,14112510,112,CH4 ,10PPBC, 1,28, 191, 190, 191, 192, 196, 201, 207, 212, 202, 192, 190, 189, 188, 189, 190, 188, 190, 190, 191, 187, 190, 191, 190, 191
2010,14112510,112,CH4 ,10PPBC, 1,29, 191, 192, 195, 195, 192, 191, 192, 194, 194, 192, 193, 193, 192, 191, 192, 193, 192, 195, 206, 265, 214, 202, 212, 204
2010,14112510,112,CH4 ,10PPBC, 1,30, 206, 203, 197, 200, 197, 190, 191, 195, 193, 193, 193, 193, 193, 193, 193, 193, 195, 198, 198, 198, 198, 200, 201, 200
2010,14112510,112,CH4 ,10PPBC, 1,31, 201, 200, 200, 203, 217, 227, 219, 223, 202, 193, 192, 191, 192, 193, 194, 194, 194, 195, 197, 205, 229, 236, 224, 218
2010,14112510,112,CH4 ,10PPBC, 2, 1, 220, 239, 247, 229, 224, 222, 222, 225, 217, 196, 194, 193, 193,9999,9999, 187, 187, 189, 200, 189, 189, 190, 190, 188
2010,14112510,112,CH4 ,10PPBC, 2, 2, 190, 190, 189, 188, 187, 190, 192, 193, 191, 191, 191, 192, 195, 200, 191, 191, 191, 191, 192, 194, 202, 212, 214, 210
2010,14112510,112,CH4 ,10PPBC, 2, 3, 205, 203, 200, 204, 203, 220, 230, 219, 200, 192, 191, 193, 191, 192, 196, 195, 190, 189, 192, 194, 192, 194, 199, 204
2010,14112510,112,CH4 ,10PPBC, 2, 4, 207, 208, 215, 199, 198, 195, 194, 198, 195, 190, 188, 188, 189, 187, 186, 184, 184, 189, 194, 201, 206, 209, 221, 213
2010,14112510,112,CH4 ,10PPBC, 2, 5, 207, 198, 195, 191, 188, 190, 191, 193, 195, 191, 188, 188, 189, 189, 190, 192, 192, 193, 213, 228, 240, 220, 205, 207
2010,14112510,112,CH4 ,10PPBC, 2, 6, 217, 215, 210, 206, 200, 199, 194, 194, 196, 193, 194, 195, 197, 197, 195, 197, 200, 206, 218, 199, 199, 202, 196, 195
2010,14112510,112,CH4 ,10PPBC, 2, 7, 198, 203, 219, 237, 244, 245, 244, 237, 194, 187, 188, 187, 188, 188, 190, 189, 188, 188, 187, 188, 189, 188, 188, 187
2010,14112510,112,CH4 ,10PPBC, 2, 8, 187, 187, 186, 186, 186, 189, 189, 199, 196, 188,9999,9999, 191, 198, 198, 195, 194, 192, 189, 190, 199, 193, 190, 190
2010,14112510,112,CH4 ,10PPBC, 2, 9, 187, 187, 187, 188, 188, 187, 188, 188, 187, 186, 187, 188, 188, 188, 187, 188, 198, 192, 194, 198, 205, 204, 197, 190
2010,14112510,112,CH4 ,10PPBC, 2,10, 189, 189, 189, 188, 187, 186, 187, 189, 190, 189, 188, 187, 188, 188, 189, 193, 193, 193, 193, 194, 191, 190, 189, 190
2010,14112510,112,CH4 ,10PPBC, 2,11, 190, 189, 188, 189, 188, 188, 188, 190, 188, 188, 189, 190, 188, 189, 190, 190, 190, 190, 190, 191, 190, 188, 187, 187
2010,14112510,112,CH4 ,10PPBC, 2,12, 186, 185, 185, 185, 185, 184, 185, 185, 185, 187, 187, 187, 188, 187, 186, 187, 187, 187, 188, 189, 189, 196, 197, 194
2010,14112510,112,CH4 ,10PPBC, 2,13, 198, 200, 202, 200, 196, 191, 193, 194, 190, 187, 186, 187, 187, 189, 190, 190, 189, 190, 193, 198, 193, 194, 193, 195
2010,14112510,112,CH4 ,10PPBC, 2,14, 191, 195, 195, 196, 192, 192, 192, 194, 194, 192,9999, 191, 192, 192, 194, 193, 192, 192, 191, 190, 191, 190, 188, 186
2010,14112510,112,CH4 ,10PPBC, 2,15, 185, 183, 185, 186, 188, 190, 189, 188, 189, 190, 191, 190, 188, 188, 187, 187, 187, 187, 186, 187, 186, 187, 187, 188
2010,14112510,112,CH4 ,10PPBC, 2,16, 188, 192, 199, 206, 220, 210, 208, 203, 195, 191, 190, 190, 195, 195, 188, 187, 189, 190, 193, 203, 202, 205, 198, 201
2010,14112510,112,CH4 ,10PPBC, 2,17, 202, 200, 202, 211, 212, 202, 202, 204, 208, 205, 204, 210, 213, 194, 187, 188, 187, 188, 188, 189, 187, 186, 187, 189
2010,14112510,112,CH4 ,10PPBC, 2,18, 202, 197, 194, 191, 181, 181, 183, 189, 185, 184, 179, 179, 179, 181, 181, 180, 180, 181, 180, 180, 181, 181, 182, 180
2010,14112510,112,CH4 ,10PPBC, 2,19, 180, 181, 182, 185, 185, 185, 185, 185, 185, 182, 185, 185, 188, 190, 186, 186, 186, 184, 185, 186, 190, 190, 200, 202
2010,14112510,112,CH4 ,10PPBC, 2,20, 191, 191, 191, 186, 186, 186, 186, 190, 190, 190, 190, 190, 190, 189, 185, 189, 190, 190, 197, 194, 191, 192, 194, 192
2010,14112510,112,CH4 ,10PPBC, 2,21, 192, 193, 191, 191, 191, 191, 191, 191, 192, 192, 191, 190, 191, 191, 191, 191,9999, 192, 191, 191, 192, 192, 193, 196
2010,14112510,112,CH4 ,10PPBC, 2,22, 198, 196, 196, 200, 201, 200, 197, 200, 195, 191, 192, 192, 193, 192, 192, 192, 192, 196, 197, 193, 194, 198, 201, 197
2010,14112510,112,CH4 ,10PPBC, 2,23, 195, 200, 198, 197, 194, 192, 192, 194, 190, 190, 189, 192, 194, 194, 190, 189, 190, 192, 194, 195, 199, 200, 208, 220
2010,14112510,112,CH4 ,10PPBC, 2,24, 217, 205, 197, 191, 193, 198, 193, 201, 197, 199, 199, 195, 191, 190, 190, 190, 190, 189, 190, 191, 193, 190, 190, 189
2010,14112510,112,CH4 ,10PPBC, 2,25, 185, 186, 186, 186, 187, 187, 189, 194, 187, 186, 186, 187, 186, 186, 185, 185, 185, 185, 187, 190, 190, 191, 191, 192
2010,14112510,112,CH4 ,10PPBC, 2,26, 192, 192, 191, 192, 191, 191, 191, 192, 191, 191, 192, 193, 194, 196, 196, 193, 191, 192, 194, 197, 198, 198, 203, 222
2010,14112510,112,CH4 ,10PPBC, 2,27, 247, 216, 201, 199, 197, 196, 195, 199, 195, 196, 192, 188, 188, 188, 188, 188, 188, 189, 189, 192, 196, 195, 194, 196
2010,14112510,112,CH4 ,10PPBC, 2,28, 196, 195, 194, 193, 192, 191, 192, 193, 193, 192, 192, 190, 189, 189, 189, 189, 190, 191, 191, 191, 191, 191, 191, 191
2010,14112510,112,CH4 ,10PPBC, 2,29,9998,9998,9998,9998,9998,9998,9998,9998,9998,9998,9998,9998,9998,9998,9998,9998,9998,9998,9998,9998,9998,9998,9998,9998
2010,14112510,112,CH4 ,10PPBC, 2,30,9998,9998,9998,9998,9998,9998,9998,9998,9998,9998,9998,9998,9998,9998,9998,9998,9998,9998,9998,9998,9998,9998,9998,9998
2010,14112510,112,CH4 ,10PPBC, 2,31,9998,9998,9998,9998,9998,9998,9998,9998,9998,9998,9998,9998,9998,9998,9998,9998,9998,9998,9998,9998,9998,9998,9998,9998
2010,14112510,112,CH4 ,10PPBC, 3, 1, 191, 191, 192, 191, 191, 192, 196, 196, 196, 195,9999,9999, 194, 194, 196, 196, 197, 199, 197, 194, 194, 194, 196, 196
2010,14112510,112,CH4 ,10PPBC, 3, 2, 195, 197, 196, 207, 201, 205, 204, 210, 207, 196, 191, 192, 194, 195, 193, 193, 192, 191, 189, 189, 190, 191, 193, 192
2010,14112510,112,CH4 ,10PPBC, 3, 3, 192, 192, 189, 188, 188, 190, 191, 190, 189, 189, 188, 189, 188, 189, 190, 190, 190, 190, 190, 190, 190, 192, 192, 191
2010,14112510,112,CH4 ,10PPBC, 3, 4, 191, 195, 195, 199, 192, 192, 195, 193, 189, 188, 188, 189, 189, 190, 191, 192, 191, 191, 193, 194, 194, 196, 196, 203
2010,14112510,112,CH4 ,10PPBC, 3, 5, 199, 209, 208, 205, 204, 202, 197, 193, 189, 188, 188, 187, 189, 189, 188, 189, 189, 189, 190, 193, 193, 194, 195, 196
2010,14112510,112,CH4 ,10PPBC, 3, 6, 195, 210, 198, 198, 197, 211, 211, 215, 201, 194, 195, 193, 190, 186, 200, 186, 201, 202, 205, 210, 211, 211, 209, 212
2010,14112510,112,CH4 ,10PPBC, 3, 7, 204, 199, 198, 194, 192, 191, 189, 189, 189, 190, 190, 190, 189, 189, 188, 186, 186, 189, 191, 192, 191, 192, 191, 192
2010,14112510,112,CH4 ,10PPBC, 3, 8, 195, 194, 198, 194, 193, 199, 196, 194, 191, 190,9999,9999,9999, 193, 194, 197, 196, 193, 195, 198, 216, 222, 217, 212
2010,14112510,112,CH4 ,10PPBC, 3, 9, 204, 195, 198, 199, 201, 210, 208, 204, 196, 196, 200, 195, 193, 191, 191, 191, 191, 192, 194, 192, 193, 195, 192, 193
2010,14112510,112,CH4 ,10PPBC, 3,10, 193, 193, 193, 193, 194, 195, 196, 195, 194, 194, 194, 193, 193, 193, 195, 194, 194, 195, 194, 206, 195, 194, 198, 203
2010,14112510,112,CH4 ,10PPBC, 3,11, 199, 201, 202, 199, 191, 193, 194, 193, 192, 190, 191, 190, 191, 191, 192,9999,9999, 188, 187, 188, 188, 189, 188, 189
2010,14112510,112,CH4 ,10PPBC, 3,12, 190, 197, 199, 202, 207, 208, 215, 197, 190, 188, 187, 188, 188, 189, 189, 189, 190, 191, 192, 192, 194, 188, 189, 190
2010,14112510,112,CH4 ,10PPBC, 3,13, 196, 197, 196, 189, 191, 197, 199, 200, 189, 188, 184, 185, 184, 184, 184, 185, 185, 186, 186, 184, 182, 183, 186, 190
2010,14112510,112,CH4 ,10PPBC, 3,14, 197, 200, 198, 200, 210, 219, 221, 203, 186, 183, 181, 180, 179, 178, 179, 179,9999,9999, 185, 184, 185, 186, 185, 188
2010,14112510,112,CH4 ,10PPBC, 3,15, 195, 191, 204, 192, 192, 191, 191, 191, 191, 191, 193, 192, 191, 193, 191, 195, 192, 190, 193,9999,9999,9999, 200, 200
2010,14112510,112,CH4 ,10PPBC, 3,16, 202, 191, 187, 190, 191, 192, 192, 194, 193, 193, 191, 191, 190, 188, 188, 189,9999,9999,9999,9999, 189, 190, 189, 188
2010,14112510,112,CH4 ,10PPBC, 3,17, 190, 189, 191, 191, 192, 194, 191, 190, 190, 188, 188, 187, 186,9999,9999,9999,9999, 185, 185, 186, 187, 185, 187, 187
2010,14112510,112,CH4 ,10PPBC, 3,18, 187, 187, 187, 186, 186, 186, 190, 189, 188, 188,9999,9999,9999,9999, 186, 185, 185, 185, 184, 183, 182, 182, 181, 180
2010,14112510,112,CH4 ,10PPBC, 3,19, 179, 180, 179, 180, 181, 180, 180, 184, 181, 175, 175, 175, 177, 175, 174, 173, 177, 177, 181, 184, 190, 197, 200, 196
2010,14112510,112,CH4 ,10PPBC, 3,20, 191, 189, 190, 187, 184, 190, 194, 195, 186, 184, 185, 184, 186, 187, 185, 182, 183, 181, 182, 182, 181, 183, 183, 182
2010,14112510,112,CH4 ,10PPBC, 3,21, 180, 179, 178, 179, 180, 178, 187, 186, 187, 187, 185, 183, 185, 184, 185, 184, 188, 186, 185, 183, 185, 187, 191, 186
2010,14112510,112,CH4 ,10PPBC, 3,22, 187, 191, 190, 191, 190, 188, 187, 190, 189, 189, 189, 190, 189,9999,9999,9999,9999, 189, 188, 187, 191, 189, 194, 195
2010,14112510,112,CH4 ,10PPBC, 3,23, 197, 195, 194, 190, 189, 187, 189, 193, 192, 189,9999,9999, 189, 188, 189, 189, 190, 192, 191, 189, 190, 185, 187, 186
2010,14112510,112,CH4 ,10PPBC, 3,24, 190, 195, 198, 202, 201, 199, 200, 196, 194, 194, 193, 192, 195, 192, 188, 188, 190, 191, 190, 189, 191, 189, 190, 188
2010,14112510,112,CH4 ,10PPBC, 3,25, 191, 198, 204, 203, 204, 204, 202, 194, 193, 195, 190, 190, 187, 186, 187, 189, 187, 187, 190,9999,9999,9999, 194, 197
2010,14112510,112,CH4 ,10PPBC, 3,26, 191, 189, 188, 188, 187, 187, 191, 193, 190, 187, 186, 187, 188, 187, 186, 186, 184, 185, 184, 186, 186, 187, 187, 192
2010,14112510,112,CH4 ,10PPBC, 3,27, 189, 187, 190, 193, 196, 193, 192, 190, 188, 189, 191, 191, 191, 195, 194, 193, 191, 188, 190, 189, 188, 186, 187, 186
2010,14112510,112,CH4 ,10PPBC, 3,28, 186, 187, 194, 192, 192, 196, 200, 194, 190, 188, 187, 186, 187, 186, 186, 186, 185, 182, 181, 186, 193, 193, 194, 188
2010,14112510,112,CH4 ,10PPBC, 3,29, 186, 196, 194, 187, 189, 192, 193, 190, 188, 188,9999,9999, 188, 189, 186, 187, 189, 192, 192, 196, 194, 194, 193, 190
2010,14112510,112,CH4 ,10PPBC, 3,30, 192, 192, 194, 195, 195, 193, 194, 192, 189, 190, 191, 190, 189, 187, 185, 185, 185, 185, 185, 190, 193, 193, 188, 189
2010,14112510,112,CH4 ,10PPBC, 3,31, 193, 195, 195, 193, 193, 193, 195, 195, 196, 194, 195, 195, 192, 191, 191, 191, 190, 192, 192, 193, 195, 194, 195, 196
2010,14113020,113,CH4 ,10PPBC, 4, 1, 203, 203, 200, 198, 198, 199, 202, 204, 194, 186, 187, 186, 186, 186, 185, 185, 185, 185, 185, 185, 184, 184, 185, 184
2010,14113020,113,CH4 ,10PPBC, 4, 2, 183, 184, 183, 182, 182, 182, 183, 182, 182, 182, 182, 182, 185, 185, 186, 187, 190, 187, 188, 189, 193, 191, 190, 193
2010,14113020,113,CH4 ,10PPBC, 4, 3,9999, 190, 189, 189, 189, 190, 190, 191, 191, 193, 193, 193, 192, 191, 190, 190, 190, 190, 191, 192, 193, 193, 195, 197
2010,14113020,113,CH4 ,10PPBC, 4, 4, 196, 197, 196, 194, 196, 197, 197, 196, 195, 193, 194, 195, 195, 195, 196, 195, 195, 195, 196, 196, 197, 196, 196, 195
2010,14113020,113,CH4 ,10PPBC, 4, 5, 193, 193, 193, 193, 193, 193, 194, 195, 196, 196, 195, 194, 193, 193, 194, 193, 193, 193, 194, 195, 197, 198, 198, 199
2010,14113020,113,CH4 ,10PPBC, 4, 6,9999, 198, 198, 197, 197, 197, 196, 196, 198, 200, 197, 193, 190, 189, 189, 189, 190, 190, 190, 191, 191, 195, 195, 199
2010,14113020,113,CH4 ,10PPBC, 4, 7, 201, 191, 189, 188, 191, 195, 198, 196, 193, 196, 195, 196, 194, 195, 200, 194, 195, 201, 192, 193, 191, 192, 193, 193
2010,14113020,113,CH4 ,10PPBC, 4, 8, 193, 193, 192, 192, 192, 193, 193, 193, 193, 193, 194, 194, 194, 195, 195, 194, 194, 194, 193, 193, 193, 195, 196, 194
2010,14113020,113,CH4 ,10PPBC, 4, 9,9999, 191, 191, 193, 192, 192, 193, 192, 193, 193,9999,9999,9999, 190, 190, 190, 189, 189, 188, 189, 194, 204, 204, 216
2010,14113020,113,CH4 ,10PPBC, 4,10, 203, 195, 192, 191, 191, 191, 191, 191, 190, 191, 191, 192, 190, 190, 189, 189, 189, 186, 186, 188, 187, 187, 189, 188
2010,14113020,113,CH4 ,10PPBC, 4,11, 187, 189, 189, 187, 189, 187, 188, 190, 191, 190, 190, 190, 189, 191, 195, 193, 191, 191, 191, 188, 188, 191, 189, 190
2010,14113020,113,CH4 ,10PPBC, 4,12,9999, 189, 189, 188, 188, 188, 188, 189, 188, 188, 189, 189, 189, 189, 188, 188, 188, 188, 189, 189, 189, 188, 187, 187
2010,14113020,113,CH4 ,10PPBC, 4,13, 186, 186, 185, 185, 185, 185, 186, 186, 186, 186, 185, 185, 185, 184, 184, 185, 185, 185, 184, 185, 184, 184, 184, 186
2010,14113020,113,CH4 ,10PPBC, 4,14, 192, 186, 186, 186, 186, 186, 186, 187, 187, 187, 188, 188, 189, 190, 189, 188, 188, 188, 189, 189, 189, 189, 188, 188
2010,14113020,113,CH4 ,10PPBC, 4,15,9999, 188, 188, 187, 187, 187, 188, 188, 189, 188, 188, 188, 191,9999,9999, 190, 193, 197, 192, 200, 199, 193, 195, 195
2010,14113020,113,CH4 ,10PPBC, 4,16, 195, 194, 191, 189, 189, 189, 189, 191, 191, 190, 190, 190, 190, 190, 189, 189, 189, 189, 189, 190, 190, 190, 190, 190
2010,14113020,113,CH4 ,10PPBC, 4,17, 189, 189, 188, 188, 190, 190, 188, 188, 191, 190, 189, 188, 188, 188, 188, 190, 191, 191, 190, 189, 189, 191, 195, 199
2010,14113020,113,CH4 ,10PPBC, 4,18,9999, 198, 198, 196, 200, 207, 201, 196, 192, 191, 191, 191, 192, 196, 194, 191, 190, 190, 192, 193, 194, 198, 199, 198
2010,14113020,113,CH4 ,10PPBC, 4,19, 209, 201, 193, 193, 194, 194, 193, 194, 194, 197, 196, 195, 191, 190, 190, 191, 190, 190, 189, 191, 192, 191, 190, 191
2010,14113020,113,CH4 ,10PPBC, 4,20, 190, 189, 189, 190, 190, 195, 195, 194, 186, 185, 185, 185, 185, 185, 187, 185, 187, 186, 187, 190, 192, 193, 195, 203
2010,14113020,113,CH4 ,10PPBC, 4,21,9999, 195, 192, 192, 193, 195, 197, 196, 195, 193, 190, 187, 186, 186, 187, 186, 185, 185, 187, 188, 188, 190, 191, 191
2010,14113020,113,CH4 ,10PPBC, 4,22, 191, 191, 193, 195, 192, 192, 192, 192, 193, 193, 193, 193, 191, 191, 190, 190, 190, 190, 190, 190, 190, 190, 190, 190
2010,14113020,113,CH4 ,10PPBC, 4,23, 190, 189, 189, 188, 188, 188, 189, 189, 190, 190, 190, 190, 189, 190,9999, 190, 191, 192, 193, 194, 196, 193, 193, 193
2010,14113020,113,CH4 ,10PPBC, 4,24, 193, 192, 192, 192, 191, 192, 192, 192, 192, 191, 191, 191, 191, 191, 193, 193, 191, 191, 192, 192, 196, 197, 192, 193
2010,14113020,113,CH4 ,10PPBC, 4,25, 193, 192, 195, 196, 195, 195, 195, 193, 193, 194, 194, 196, 195, 193, 193, 193, 193, 193, 193, 192, 193, 193, 194, 199
2010,14113020,113,CH4 ,10PPBC, 4,26,9999, 194, 205, 198, 197, 194, 192, 192, 190, 192, 192, 191, 191, 194, 191, 190, 191, 190, 190, 192, 195, 192, 191, 194
2010,14113020,113,CH4 ,10PPBC, 4,27, 196, 191, 191, 190, 189, 190, 190, 191, 191, 192, 192, 192, 192, 191, 191, 191, 191, 192, 193, 195, 198, 199, 193, 189
2010,14113020,113,CH4 ,10PPBC, 4,28, 188, 189, 188, 189, 187, 186, 190, 192, 188, 187, 186, 186, 185,9999, 188, 188, 188, 189, 190, 191, 193, 196, 193, 203
2010,14113020,113,CH4 ,10PPBC, 4,29, 195, 194, 193, 191, 189, 190, 190, 189, 189, 188, 187, 186, 187, 187, 188, 189, 189, 189, 190, 191, 191, 191, 192, 193
2010,14113020,113,CH4 ,10PPBC, 4,30, 192, 191, 190, 191, 191, 191, 191, 191, 191, 192, 192,9999, 190, 190, 190, 190, 190, 191, 191, 194, 193, 191, 192, 192
2010,14113020,113,CH4 ,10PPBC, 4,31,9998,9998,9998,9998,9998,9998,9998,9998,9998,9998,9998,9998,9998,9998,9998,9998,9998,9998,9998,9998,9998,9998,9998,9998
2010,14113020,113,CH4 ,10PPBC, 5, 1, 191, 191, 192, 196, 217, 213, 196, 193, 192, 193, 192, 193, 192, 191, 191, 191, 191, 191, 191, 193, 194, 193, 196, 198
2010,14113020,113,CH4 ,10PPBC, 5, 2, 197, 202, 196, 194, 194, 195, 195, 193, 193, 195, 195, 197, 196, 192, 191, 191, 191, 193, 194, 195, 195, 197, 198, 199
2010,14113020,113,CH4 ,10PPBC, 5, 3,9999, 200, 207, 205, 196, 193, 193, 194, 195, 194, 194, 192, 190, 188, 188, 188, 188, 187, 188, 187, 187, 187, 188, 187
2010,14113020,113,CH4 ,10PPBC, 5, 4, 187, 186, 187, 188, 189, 190, 190, 190, 189, 188, 187, 187, 186, 186, 186, 187, 187, 188, 189, 189, 187, 190, 191, 195
2010,14113020,113,CH4 ,10PPBC, 5, 5, 202, 191, 192, 190, 191, 194, 194, 194, 192, 192, 194, 195, 193, 190, 187, 185, 183, 184, 186, 187, 187, 188, 190, 189
2010,14113020,113,CH4 ,10PPBC, 5, 6,9999, 187, 187, 187, 186, 187, 188, 186, 185, 183, 182, 182, 182, 181, 181, 181, 181, 180, 181, 181, 181, 181, 181, 182
2010,14113020,113,CH4 ,10PPBC, 5, 7, 182, 182, 182, 182, 181, 180, 181, 180, 181, 181, 180, 180,9999,9999, 182, 181, 181, 180, 181, 181, 181, 181, 190, 192
2010,14113020,113,CH4 ,10PPBC, 5, 8, 189, 188, 186, 186, 186, 186, 187, 188, 188, 192, 191, 191, 190, 189, 188, 188, 188, 188, 188, 188, 188, 189, 190, 189
2010,14113020,113,CH4 ,10PPBC, 5, 9, 188, 190, 191, 193, 194, 195, 194, 190, 189, 189, 189, 189, 188, 193, 192, 191, 192, 192, 192, 193, 193, 199, 195, 193
2010,14113020,113,CH4 ,10PPBC, 5,10,9999, 189, 189, 190, 190, 190, 190, 190, 189, 189, 189, 189, 189, 189, 188, 187, 187, 188, 188, 193, 191, 192, 189, 191
2010,14113020,113,CH4 ,10PPBC, 5,11, 193, 194, 193, 194, 193, 196, 197, 193, 188, 186, 185, 185, 185, 188, 188, 191, 188, 190, 192, 189, 189, 190, 188, 188
2010,14113020,113,CH4 ,10PPBC, 5,12, 188, 187, 186, 185, 185, 185, 186, 187, 188, 186, 186, 185, 185, 185, 185, 186, 186, 186, 186, 187, 187, 187, 189, 189
2010,14113020,113,CH4 ,10PPBC, 5,13,9999, 190, 190, 190, 191, 190, 189, 189, 190, 189, 188, 188, 189, 188,9999,9999, 188, 188, 189, 189, 190, 190, 190, 190
2010,14113020,113,CH4 ,10PPBC, 5,14, 191, 191, 189, 189, 189, 189, 189, 190, 189, 188, 188, 188, 188, 190, 193, 192, 192, 191, 191, 192, 193, 193, 193, 192
2010,14113020,113,CH4 ,10PPBC, 5,15, 191, 193, 191, 191, 191, 190, 190, 190, 190, 189, 190, 192, 192, 191, 191, 191, 192, 191, 190, 191, 191, 191, 190, 190
2010,14113020,113,CH4 ,10PPBC, 5,16,9999, 189, 194, 199, 217, 228, 212, 191, 188, 187, 186, 185, 185, 185, 185, 185, 185, 185, 185, 185, 186, 187, 190, 195
2010,14113020,113,CH4 ,10PPBC, 5,17, 195, 193, 191, 190, 188, 190, 190, 190, 188, 187, 189, 188, 188, 187, 186, 185, 185, 185, 185, 185, 186, 188, 189, 192
2010,14113020,113,CH4 ,10PPBC, 5,18, 194, 195, 196, 197, 198, 199, 195, 193, 186, 185, 185, 184, 184, 184, 184, 184, 184, 184, 184, 184, 184, 185, 184, 184
2010,14113020,113,CH4 ,10PPBC, 5,19,9999, 184, 184, 184, 184, 184, 184, 184, 184, 184, 184, 184, 184, 184, 183, 184, 184, 185, 185, 184, 184, 184, 184, 184
2010,14113020,113,CH4 ,10PPBC, 5,20, 183, 183, 184, 183, 184, 183, 184, 182, 182, 182,9999, 183, 183, 188, 187, 186, 186, 187, 188, 189, 189, 189, 189, 189
2010,14113020,113,CH4 ,10PPBC, 5,21, 189, 189, 188, 187, 188, 190, 192, 191, 190, 190, 189, 189, 189, 188, 188, 188, 190, 189, 190, 190, 191, 192, 193, 197
2010,14113020,113,CH4 ,10PPBC, 5,22, 200, 197, 200, 198, 198, 197, 197, 196, 194, 191, 192, 199, 195, 194, 194, 194, 192, 190, 190, 191, 192, 195, 194, 193
2010,14113020,113,CH4 ,10PPBC, 5,23,9999, 192, 191, 191, 191, 191, 191, 192, 191, 191, 189, 188, 188, 189, 192, 191, 191, 188, 188, 189, 190, 186, 186, 187
2010,14113020,113,CH4 ,10PPBC, 5,24, 187, 187, 186, 186, 190, 185, 185, 186, 186, 185, 185, 185, 185, 185, 185, 186, 186, 186, 187, 189, 191, 188, 185, 185
2010,14113020,113,CH4 ,10PPBC, 5,25, 185, 185, 184, 186, 188, 188, 191, 192, 188, 184, 184, 185, 185, 186, 186, 186, 186, 189, 190, 190, 190, 187, 186, 188
2010,14113020,113,CH4 ,10PPBC, 5,26,9999, 190, 190, 190, 190, 191, 191, 191, 191, 191, 191, 188, 188, 188,9999, 187, 188, 195, 197, 193, 188, 187, 188, 188
2010,14113020,113,CH4 ,10PPBC, 5,27, 190, 196, 194, 197, 197, 197, 194, 191, 191, 189, 189, 188, 187, 188, 187, 187, 187, 188, 188, 188, 188, 189, 188, 188
2010,14113020,113,CH4 ,10PPBC, 5,28, 187, 187, 187, 187, 187, 188, 187, 187, 187, 187, 187, 187, 188, 190, 191, 191, 190, 189, 188, 188, 189, 189, 189, 189
2010,14113020,113,CH4 ,10PPBC, 5,29,9999, 187, 187, 188, 189, 189, 186, 191, 190, 187, 187, 187, 188, 190, 193, 191, 188, 187, 187, 188, 187, 187, 186, 186
2010,14113020,113,CH4 ,10PPBC, 5,30, 186, 187, 187, 186, 186, 186, 186, 186, 187, 187, 187, 187, 187, 187, 187, 188, 188, 187, 187, 188, 188, 187, 191, 190
2010,14113020,113,CH4 ,10PPBC, 5,31, 188, 188, 187, 188, 188, 190, 190, 192, 191, 190, 191, 193, 192, 190, 189, 187, 187, 187, 186, 187, 188, 188, 190, 188
2010,14113020,113,CH4 ,10PPBC, 6, 1,9999, 188, 188, 200, 188, 188, 189, 189, 189, 188, 188, 189, 192, 189, 188, 188, 188, 188, 188, 188, 189, 188, 190, 191
2010,14113020,113,CH4 ,10PPBC, 6, 2, 195, 194, 195, 194, 194, 196, 203, 204, 202, 196, 195, 194, 192, 190, 190, 190, 190, 189, 187, 186, 190, 193, 196, 192
2010,14113020,113,CH4 ,10PPBC, 6, 3, 200, 217, 207, 198, 195, 194, 192, 192, 190, 190, 192, 189, 186, 186, 185, 185, 184, 184, 185, 184, 187, 189, 187, 189
2010,14113020,113,CH4 ,10PPBC, 6, 4,9999, 196, 197, 208, 204, 199, 191, 188, 187, 185,9999,9999, 184, 185, 184, 185, 185, 185, 185, 185, 185, 186, 189, 189
2010,14113020,113,CH4 ,10PPBC, 6, 5, 189, 188, 188, 188, 189, 190, 190, 190, 189, 190, 190, 190, 190, 191, 192, 190, 191, 191, 188, 188, 190, 188, 192, 194
2010,14113020,113,CH4 ,10PPBC, 6, 6, 190, 190, 190, 190, 191, 191, 194, 204, 201, 198, 194, 193, 192, 192, 189, 187, 186, 186, 187, 187, 187, 187, 187, 188
2010,14113020,113,CH4 ,10PPBC, 6, 7,9999, 194, 202, 198, 191, 190, 193, 194, 192, 191, 192, 192, 191, 186, 185, 185, 186, 186, 185, 185, 185, 191, 185, 185
2010,14113020,113,CH4 ,10PPBC, 6, 8, 187, 191, 195, 197, 196, 194, 192, 194, 199, 202, 195, 191, 194, 193, 189, 187, 190, 191, 189, 190, 192, 192, 193, 192
2010,14113020,113,CH4 ,10PPBC, 6, 9, 192, 192, 190, 189, 187, 187, 188, 189, 191, 192, 195, 195, 193, 192, 193, 192, 201, 196, 197, 194, 194, 191, 190, 189
2010,14113020,113,CH4 ,10PPBC, 6,10,9999, 189, 189, 189, 190, 190, 190, 189, 189, 189, 188, 188, 188, 189, 188, 186, 186, 187, 188, 187, 188, 189, 190, 192
2010,14113020,113,CH4 ,10PPBC, 6,11, 196, 199, 200, 194, 194, 192, 189, 189, 189, 189, 191, 189, 188,9999,9999, 185, 186, 185, 184, 183, 184, 184, 185, 184
2010,14113020,113,CH4 ,10PPBC, 6,12, 186, 190, 187, 187, 198, 190, 190, 189, 187, 187, 186, 184, 184, 184, 183, 183, 184, 182, 183, 184, 185, 184, 185, 185
2010,14113020,113,CH4 ,10PPBC, 6,13, 185, 185, 184, 184, 184, 184, 185, 185, 184, 184, 183, 183, 183, 183, 183, 184, 184, 184, 184, 184, 185, 184, 183, 183
2010,14113020,113,CH4 ,10PPBC, 6,14,9999, 186, 192, 190, 187, 184, 184, 185, 188, 187, 186, 187, 187, 185, 185, 184, 184, 184, 184, 184, 184, 185, 185, 185
2010,14113020,113,CH4 ,10PPBC, 6,15, 187, 187, 192, 199, 199, 199, 195, 191, 189, 185, 184, 184, 184, 184, 184, 185, 187, 188, 187, 185, 183, 184, 186, 186
2010,14113020,113,CH4 ,10PPBC, 6,16, 186, 186, 187, 178, 172, 173, 172, 172, 171, 173, 174, 175, 176, 177,9999, 184, 187, 188, 189, 191, 198, 195, 192, 188
2010,14113020,113,CH4 ,10PPBC, 6,17, 187, 186, 190, 202, 197, 194, 196, 196, 193, 192, 192, 190, 189, 188, 189, 190, 188, 187, 188, 188, 187, 188, 188, 186
2010,14113020,113,CH4 ,10PPBC, 6,18, 187, 187, 188, 191, 196, 199, 198, 196, 195, 193, 192, 191, 191, 186, 179, 180, 183, 184, 183, 185, 187, 190, 190, 190
2010,14113020,113,CH4 ,10PPBC, 6,19,9999, 187, 188, 183, 177, 187, 187, 187, 187, 190, 192, 188, 180, 179, 181, 183, 184, 183, 184, 183, 183, 179, 176, 176
2010,14113020,113,CH4 ,10PPBC, 6,20, 175, 175, 175, 175, 188, 191, 192, 189, 184, 179, 177, 177, 177, 177, 177, 179, 179, 179, 179, 177, 177, 177, 176, 176
2010,14113020,113,CH4 ,10PPBC, 6,21, 177, 178, 177, 175, 175, 176, 176, 178, 177, 176, 177, 177, 175, 175, 175, 176, 177, 179, 180, 183, 182, 184, 186, 186
2010,14113020,113,CH4 ,10PPBC, 6,22,9999, 189, 182, 183, 188, 191, 194, 193, 189, 191, 189, 179, 180, 180, 183, 179, 178, 178, 177, 177, 180, 181, 182, 181
2010,14113020,113,CH4 ,10PPBC, 6,23, 181, 180, 180, 181, 181, 182, 179, 178, 177, 175, 174, 175,9999, 175, 183, 184, 182, 184, 186, 182, 182, 179, 184, 186
2010,14113020,113,CH4 ,10PPBC, 6,24, 189, 202, 194, 189, 188, 188, 188, 189, 188, 189, 188, 188, 187, 187, 193, 195, 196, 196, 197, 196, 196, 195, 196, 202
2010,14113020,113,CH4 ,10PPBC, 6,25, 208, 214, 217, 231, 216, 206, 199, 195, 193, 190, 190, 189, 192, 191, 192, 195, 187, 186, 188, 189, 188, 190, 193, 191
2010,14113020,113,CH4 ,10PPBC, 6,26,9999, 187, 188, 187, 186, 189, 187, 185, 181, 177, 177, 177, 177, 177, 177, 177, 178, 178, 179, 179, 178, 178, 177, 177
2010,14113020,113,CH4 ,10PPBC, 6,27, 176, 176, 177, 177, 176, 177, 176, 175, 175, 175, 175, 175, 175, 174, 174, 174, 175, 177, 177, 177, 177, 179, 180, 181
2010,14113020,113,CH4 ,10PPBC, 6,28, 181, 184, 187, 190, 195, 197, 190, 185, 184, 183, 185, 187, 188, 191, 197, 189, 188, 181, 185, 187, 192, 194, 194, 195
2010,14113020,113,CH4 ,10PPBC, 6,29,9999, 196, 194, 195, 195, 196, 197, 197, 214, 226, 237, 231, 213, 200, 196, 189, 188, 187, 190, 187, 186, 192, 184, 185
2010,14113020,113,CH4 ,10PPBC, 6,30, 187, 185, 184, 181, 181, 180, 181, 181, 180, 179, 180, 180, 180, 179, 186, 186, 184, 184, 186, 189, 186, 187, 184, 186
2010,14113020,113,CH4 ,10PPBC, 6,31,9998,9998,9998,9998,9998,9998,9998,9998,9998,9998,9998,9998,9998,9998,9998,9998,9998,9998,9998,9998,9998,9998,9998,9998
2010,14113020,113,CH4 ,10PPBC, 7, 1, 188, 188, 199, 195, 184, 185, 183, 183, 182, 182, 186, 182, 179, 178,9999,9999, 177, 178, 178, 179, 183, 181, 182, 185
2010,14113020,113,CH4 ,10PPBC, 7, 2, 187, 186, 186, 187, 188, 195, 193, 189, 189, 190, 197, 186, 181, 179, 179, 179, 179, 180, 179, 178, 179, 181, 181, 186
2010,14113020,113,CH4 ,10PPBC, 7, 3, 190, 190, 191, 191, 193, 193, 194, 195, 199, 194, 188, 186, 183, 182, 181, 182, 181, 181, 179, 179, 181, 181, 180, 181
2010,14113020,113,CH4 ,10PPBC, 7, 4,9999, 179, 180, 180, 182, 186, 191, 190, 188, 189, 190, 190, 189, 187, 186, 185, 185, 186, 185, 186, 193, 190, 191, 194
2010,14113020,113,CH4 ,10PPBC, 7, 5, 195, 198, 209, 203, 200, 202, 197, 199, 191, 203, 193, 188, 188, 185, 186, 186, 188, 187, 189, 187, 190, 190, 190, 190
2010,14113020,113,CH4 ,10PPBC, 7, 6, 191, 191, 190, 190, 190, 190, 190, 191, 192, 192, 193, 192, 190, 187, 186, 186, 187, 190, 194, 194, 197, 198, 197, 194
2010,14113020,113,CH4 ,10PPBC, 7, 7,9999, 194, 194, 195, 194, 198, 196, 195, 195, 194, 194, 198,9999, 193, 193, 193, 190, 188, 188, 188, 189, 186, 186, 186
2010,14113020,113,CH4 ,10PPBC, 7, 8, 188, 192, 191, 192, 195, 194, 194, 194, 190, 191,9999,9999, 181, 184, 186, 189, 189, 190, 186, 184, 185, 185, 187, 185
2010,14113020,113,CH4 ,10PPBC, 7, 9, 180, 179, 181, 181, 181, 185, 186, 188, 189, 196, 191, 193, 189, 184, 181, 181, 183, 182, 180, 178, 179, 176, 176, 176
2010,14113020,113,CH4 ,10PPBC, 7,10, 180, 182, 182, 181, 183, 185, 184, 183, 182, 183, 183, 182, 183, 182, 184, 185, 185, 187, 188, 188, 191, 192, 192, 193
2010,14113020,113,CH4 ,10PPBC, 7,11,9999, 195, 197, 195, 195, 195, 196, 194, 194, 191, 190, 190, 185, 183, 179, 179, 177, 176, 175, 175, 175, 175, 174, 175
2010,14113020,113,CH4 ,10PPBC, 7,12, 174, 174, 174, 173, 174, 174, 173, 173, 173, 173, 173, 173, 174, 174, 174, 173, 173, 173, 174, 173, 173, 174, 177, 176
2010,14113020,113,CH4 ,10PPBC, 7,13, 174, 175, 175, 176, 179, 182, 196, 197, 199, 194, 189, 190, 190, 191, 190, 189, 188, 189, 189, 191, 190, 192, 192, 193
2010,14113020,113,CH4 ,10PPBC, 7,14,9999, 195, 193, 193, 193, 193, 192, 184, 174, 174, 174, 174, 174,9999,9999, 174, 175, 175, 175, 176, 175, 176, 178, 176
2010,14113020,113,CH4 ,10PPBC, 7,15, 175, 175, 175, 178, 177, 176, 176, 176, 175, 175, 175, 174, 175, 174,9999, 173, 174, 175, 174, 175, 175, 176, 175, 175
2010,14113020,113,CH4 ,10PPBC, 7,16, 175, 178, 177, 176, 176, 177, 178, 177, 176, 175, 175, 175, 175, 175, 175, 176, 176, 176, 176, 176, 176, 177, 178, 177
2010,14113020,113,CH4 ,10PPBC, 7,17, 179, 178, 181, 180, 177, 177, 179, 177, 176, 176, 176, 176, 176, 177, 178, 177, 176, 177, 177, 176, 177, 177, 181, 180
2010,14113020,113,CH4 ,10PPBC, 7,18,9999, 178, 177, 179, 181, 181, 181, 178, 176, 176, 175, 175, 175, 175, 175, 175, 175, 174, 176, 177, 176, 176, 176, 175
2010,14113020,113,CH4 ,10PPBC, 7,19, 176, 176, 178, 182, 179, 182, 179, 179, 177, 176, 176, 175, 175, 175, 175, 175, 175, 175, 176, 179, 178, 177, 179, 183
2010,14113020,113,CH4 ,10PPBC, 7,20, 183, 182, 183, 184, 186, 187, 187, 186, 186, 185, 185, 183, 180, 178, 176, 177, 178, 176, 175, 176, 177, 179, 183, 181
2010,14113020,113,CH4 ,10PPBC, 7,21,9999, 183, 192, 189, 196, 193, 197, 197, 193, 187, 186, 193, 197, 187, 182, 183, 183, 179, 178, 178, 181, 185, 186, 185
2010,14113020,113,CH4 ,10PPBC, 7,22, 182, 190, 196, 199, 212, 195, 196, 194, 191, 187, 186, 184, 180, 178, 179, 178, 179, 178, 177, 176, 176, 175, 176, 177
2010,14113020,113,CH4 ,10PPBC, 7,23, 176, 178, 178, 178, 179, 182, 188, 189, 186, 185, 182,9999, 181, 184, 186, 185, 183, 177, 176, 178, 177, 177, 177, 179
2010,14113020,113,CH4 ,10PPBC, 7,24, 177, 179, 186, 189, 187, 186, 186, 186, 185, 185, 184, 183, 183, 188, 186, 184, 181, 179, 183, 180, 180, 182, 181, 182
2010,14113020,113,CH4 ,10PPBC, 7,25, 182, 182, 183, 199, 212, 221, 213, 185, 184, 183, 181, 181, 178, 177, 177, 178, 178, 181, 179, 179, 179, 182, 182, 184
2010,14113020,113,CH4 ,10PPBC, 7,26,9999, 182, 180, 184, 185, 184, 183, 182, 183, 181, 182, 180, 177, 176, 177, 177, 175, 176, 176,9999,9999,9999,9999,9999
2010,14113020,113,CH4 ,10PPBC, 7,27,9999,9999,9999,9999,9999,9999,9999,9999,9999,9999,9999,9999,9999, 175, 175, 176, 176, 177, 176, 176, 177, 178, 177, 177
2010,14113020,113,CH4 ,10PPBC, 7,28, 178, 178, 182, 184, 189, 186, 183, 178, 176, 175, 176, 176, 176, 176, 177, 177, 177, 177, 178, 178, 178, 177, 177, 178
2010,14113020,113,CH4 ,10PPBC, 7,29, 179, 180, 179, 179, 178, 177, 180, 178, 178, 179, 177, 177,9999, 175, 175, 174, 176, 176, 175, 177, 175, 176, 175, 175
2010,14113020,113,CH4 ,10PPBC, 7,30, 175, 175, 175, 175, 175, 175, 174, 174, 174, 174, 174, 173, 174, 175, 175, 174, 175, 174, 174, 175, 176, 182, 183, 186
2010,14113020,113,CH4 ,10PPBC, 7,31, 184, 209, 213, 202, 208, 194, 193, 185, 182, 179, 180, 183, 180, 179, 178, 179, 179, 179, 178, 183, 184, 185, 188, 191
2010,14113020,113,CH4 ,10PPBC, 8, 1,9999, 202, 194, 194, 192, 192, 190, 189, 190, 188, 187, 184, 180, 179, 180, 181, 182, 181, 180, 182, 179, 182, 179, 176
2010,14113020,113,CH4 ,10PPBC, 8, 2, 178, 177, 175, 175, 176, 174, 176, 175, 175, 174, 175, 174, 174, 173, 173, 173, 173, 174, 174, 175, 176, 176, 176, 176
2010,14113020,113,CH4 ,10PPBC, 8, 3, 176, 175, 175, 174, 176, 175, 175, 175, 174, 174, 175, 175, 175, 175, 175, 175, 175, 175, 174, 175, 175, 175, 175, 176
2010,14113020,113,CH4 ,10PPBC, 8, 4,9999, 176, 176, 175, 175, 178, 176, 175, 174, 175, 175, 175, 175, 174, 174, 174, 174, 174, 175, 175, 175, 176, 177, 177
2010,14113020,113,CH4 ,10PPBC, 8, 5, 176, 176, 176, 175, 175, 177, 176, 175, 175, 175, 175, 175, 175, 175, 175, 175, 175, 174, 175, 176, 176, 176, 177, 178
2010,14113020,113,CH4 ,10PPBC, 8, 6, 176, 177, 175, 177, 176, 176, 176, 176, 176, 175, 176, 175, 175, 176, 176,9999,9999, 176, 178, 178, 179, 179, 180, 180
2010,14113020,113,CH4 ,10PPBC, 8, 7, 179, 182, 181, 181, 181, 185, 183, 180, 178, 179, 180, 180, 180, 179, 179, 178, 178, 177, 176, 177, 177, 178, 180, 181
2010,14113020,113,CH4 ,10PPBC, 8, 8, 178, 180, 183, 180, 182, 187, 187, 183, 179, 178, 176, 176, 175, 175, 175, 176, 175, 176, 175, 177, 178, 179, 176, 174
2010,14113020,113,CH4 ,10PPBC, 8, 9,9999, 177, 178, 178, 179, 177, 184, 177, 179, 179, 178, 178, 178, 176, 175, 175, 174, 175, 175, 175, 175, 176, 176, 179
2010,14113020,113,CH4 ,10PPBC, 8,10, 175, 179, 180, 180, 180, 185, 179, 175, 174, 174, 174, 173, 173, 173, 173, 173, 173, 174, 174, 174, 174, 174, 175, 175
2010,14113020,113,CH4 ,10PPBC, 8,11, 175, 174, 173, 175, 176, 175, 174, 173, 173, 173, 173, 172, 172, 172, 172, 172, 172, 173, 173, 172, 173, 173, 173, 172
2010,14113020,113,CH4 ,10PPBC, 8,12,9999, 173, 174, 173, 173, 173, 173, 172, 173, 172, 173, 173, 173, 175,9999, 176, 176, 177, 177, 177, 178, 179, 183, 183
2010,14113020,113,CH4 ,10PPBC, 8,13, 183, 182, 185, 191, 191, 186, 187, 188, 186, 185, 186, 187, 189, 188, 186, 186, 187, 185, 186, 186, 189, 190, 191, 195
2010,14113020,113,CH4 ,10PPBC, 8,14, 196, 195, 198, 202, 199, 199, 196, 192, 194, 188, 177, 178, 178, 178, 179, 179, 179, 178, 178, 178, 178, 179, 179, 179
2010,14113020,113,CH4 ,10PPBC, 8,15,9999, 178, 177, 177, 177, 176, 178, 180, 180, 178, 176, 176, 176, 177, 178, 177, 177, 178, 177, 176, 176, 176, 177, 179
2010,14113020,113,CH4 ,10PPBC, 8,16, 182, 183, 191, 194, 196, 197, 194, 189, 186, 185, 186, 185, 186, 183, 180, 180, 181, 181, 183, 184, 183, 182, 181, 179
2010,14113020,113,CH4 ,10PPBC, 8,17, 180, 183, 185, 188, 198, 202, 195, 191, 189, 188, 187, 187, 185, 182, 180, 181, 181, 177, 176, 176, 177, 178, 179, 181
2010,14113020,113,CH4 ,10PPBC, 8,18,9999, 185, 184, 184, 184, 186, 188, 185, 183, 183, 182, 182, 183, 186, 181, 179, 178, 177, 178, 179, 181, 183, 181, 183
2010,14113020,113,CH4 ,10PPBC, 8,19, 189, 184, 183, 183, 183, 185, 185, 185, 185, 185, 186, 186, 185, 185, 187, 185, 185, 185, 183, 183, 185, 189, 195, 193
2010,14113020,113,CH4 ,10PPBC, 8,20, 195, 188, 189, 189, 189, 189, 193, 193, 193, 194,9999,9999, 189, 190, 191, 188, 186, 189, 188, 188, 186, 186, 189, 191
2010,14113020,113,CH4 ,10PPBC, 8,21, 192, 190, 188, 195, 200, 220, 219, 195, 190, 190, 191, 191, 190, 189, 186, 184, 183, 183, 182, 184, 184, 184, 183, 183
2010,14113020,113,CH4 ,10PPBC, 8,22, 184, 185, 183, 186, 186, 184, 183, 182, 182, 182, 181, 181, 180, 180, 180, 180, 180, 179, 180, 181, 181, 182, 184, 183
2010,14113020,113,CH4 ,10PPBC, 8,23,9999, 183, 183, 185, 185, 186, 185, 185, 185, 185, 183, 180, 179, 179, 180, 180, 180, 180, 180, 180, 180, 180, 180, 180
2010,14113020,113,CH4 ,10PPBC, 8,24, 180, 181, 181, 181, 182, 181, 180, 180, 180, 180, 180, 180, 179, 179, 179, 179, 179, 179, 179, 179, 180, 180, 180, 182
2010,14113020,113,CH4 ,10PPBC, 8,25, 181, 182, 183, 183, 184, 187, 200, 185, 181, 180, 180, 179, 179, 179, 179, 179, 179, 179, 179, 180, 181, 182, 182, 183
2010,14113020,113,CH4 ,10PPBC, 8,26,9999, 187, 186, 187, 190, 196, 193, 182, 183, 183, 182,9999,9999, 178, 179, 179, 179, 180, 180, 180, 180, 181, 181, 182
2010,14113020,113,CH4 ,10PPBC, 8,27, 182, 189, 185, 184, 190, 191, 192, 193, 191, 188, 186, 185, 183, 180, 179, 176, 174, 174, 174, 176, 176, 176, 177, 176
2010,14113020,113,CH4 ,10PPBC, 8,28, 176, 177, 179, 176, 181, 180, 185, 182, 183, 181, 179, 176, 176, 175, 175, 176, 176, 176, 176, 175, 175, 177, 176, 182
2010,14113020,113,CH4 ,10PPBC, 8,29,9999, 183, 181, 184, 186, 187, 185, 181, 179, 179, 179, 177, 176, 176, 175, 175, 174, 174, 178, 178, 177, 176, 177, 183
2010,14113020,113,CH4 ,10PPBC, 8,30, 204, 236, 215, 186, 189, 192, 193, 191, 188, 188, 191, 192, 189, 189, 188, 182, 178, 175, 174, 174, 175, 178, 191, 185
2010,14113020,113,CH4 ,10PPBC, 8,31, 201, 202, 216, 186, 185, 189, 192, 193, 195, 198, 193, 187, 181, 179, 177, 176, 176, 176, 180, 181, 177, 176, 186, 180
2010,14113020,113,CH4 ,10PPBC, 9, 1,9999, 182, 178, 178, 178, 182, 184, 180, 177, 177,9999, 180, 200, 175, 175, 175, 176, 177, 179, 182, 183, 183, 183, 181
2010,14113020,113,CH4 ,10PPBC, 9, 2, 180, 182, 183, 183, 185, 183, 187, 182, 181, 181, 182, 181, 181, 181, 181, 180, 180, 181, 181, 181, 181, 181, 181, 182
2010,14113020,113,CH4 ,10PPBC, 9, 3, 183, 182, 183, 184, 184, 187, 196, 187, 183, 181, 180, 180, 179, 179, 179, 178, 179, 179, 179, 182, 183, 181, 182, 184
2010,14113020,113,CH4 ,10PPBC, 9, 4,9999, 189, 196, 194, 198, 213, 199, 184, 183, 184, 184, 185, 186, 185, 184, 181, 181, 180, 179, 179, 179, 180, 183, 190
2010,14113020,113,CH4 ,10PPBC, 9, 5, 188, 196, 183, 183, 183, 182, 183, 183, 182, 183, 180, 180, 180, 180, 179, 179, 179, 178, 178, 178, 179, 181, 180, 179
2010,14113020,113,CH4 ,10PPBC, 9, 6, 178, 178, 176, 176, 176, 175, 175, 174, 175, 175, 176, 176, 175, 174, 173, 173, 173, 175, 176, 175, 175, 175, 175, 174
2010,14113020,113,CH4 ,10PPBC, 9, 7,9999, 174, 173, 173, 174, 174, 174, 174, 175, 175, 174, 174, 174, 174, 173, 173, 173, 173, 173, 175, 174, 174, 175, 179
2010,14113020,113,CH4 ,10PPBC, 9, 8, 180, 180, 180, 180, 182, 183, 185, 185, 186, 185, 190, 194, 176, 185, 185, 184, 183, 182, 181, 181, 181, 181, 181, 182
2010,14113020,113,CH4 ,10PPBC, 9, 9, 183, 184, 184, 184, 185, 185, 185, 186, 185, 185,9999,9999,9999, 185, 185, 187, 192, 190, 189, 188, 194, 192, 193, 203
2010,14113020,113,CH4 ,10PPBC, 9,10, 209, 214, 206, 216, 209, 204, 217, 208, 201, 198, 194, 191, 190, 188, 187, 187, 186, 186, 185, 185, 187, 190, 191, 193
2010,14113020,113,CH4 ,10PPBC, 9,11, 194, 194, 195, 193, 192, 200, 205, 194, 192, 191, 190, 190, 186, 185, 184, 184, 183, 184, 185, 185, 185, 190, 189, 192
2010,14113020,113,CH4 ,10PPBC, 9,12,9999, 197, 198, 205, 203, 200, 198, 198, 199, 201, 226, 206, 196, 191, 189, 189, 187, 186, 185, 186, 191, 191, 188, 185
2010,14113020,113,CH4 ,10PPBC, 9,13, 184, 183, 183, 185, 187, 187, 185, 186, 186, 187, 184, 182, 180, 180, 180, 180, 181, 180, 181, 185, 188, 189, 187, 187
2010,14113020,113,CH4 ,10PPBC, 9,14, 185, 182, 182, 183, 184, 187, 189, 185, 184, 185, 186, 186, 186, 185, 184, 185, 185, 184, 187, 185, 187, 188, 186, 186
2010,14113020,113,CH4 ,10PPBC, 9,15,9999, 186, 187, 186, 187, 188, 188, 187, 187, 187, 188, 189, 188, 187, 188, 188, 187, 187, 187, 187, 189, 190, 189, 189
2010,14113020,113,CH4 ,10PPBC, 9,16, 189, 189, 188, 187, 187, 188, 189, 187, 187, 186,9999, 184, 184, 184, 184, 185, 185, 185, 186, 186, 186, 187, 189, 190
2010,14113020,113,CH4 ,10PPBC, 9,17, 191, 191, 190, 189, 188, 188, 189, 187, 186, 186, 185, 186, 189, 194, 193, 192, 188, 186, 186, 188, 192, 193, 193, 194
2010,14113020,113,CH4 ,10PPBC, 9,18, 190, 191, 190, 190, 191, 192, 192, 188, 188, 187, 187, 187, 186, 187, 187, 185, 185, 186, 185, 185, 186, 186, 187, 192
2010,14113020,113,CH4 ,10PPBC, 9,19,9999, 199, 198, 207, 197, 194, 191, 192, 193, 191, 190, 186, 184, 183, 182, 182, 182, 183, 184, 184, 184, 184, 187, 192
2010,14113020,113,CH4 ,10PPBC, 9,20, 199, 193, 192, 190, 190, 195, 200, 201, 199, 195, 193, 192, 192, 193, 194, 195, 192, 186, 188, 190, 191, 194, 196, 194
2010,14113020,113,CH4 ,10PPBC, 9,21, 194, 193, 193, 194, 193, 194, 193, 192, 190, 189, 190, 189, 190, 191, 191, 189, 188, 189, 190, 190, 186, 191, 195, 225
2010,14113020,113,CH4 ,10PPBC, 9,22,9999, 202, 200, 194, 207, 205, 201, 199, 190, 188, 187, 184, 182, 181, 181, 181, 179, 180, 180, 180, 187, 194, 193, 189
2010,14113020,113,CH4 ,10PPBC, 9,23, 189, 188, 188, 188, 187, 187, 188, 188, 188, 188, 188, 188, 188, 187, 187, 187, 187, 187, 188, 189, 189, 189, 188, 188
2010,14113020,113,CH4 ,10PPBC, 9,24, 188, 187, 188, 189, 190, 191, 192, 191, 190, 189,9999,9999, 187, 187, 187, 186, 187, 187, 187, 188, 189, 189, 188, 188
2010,14113020,113,CH4 ,10PPBC, 9,25, 187, 186, 186, 186, 186, 185, 185, 186, 186, 186, 186, 186, 186, 186, 186, 187, 187, 189, 191, 197, 193, 192, 193, 195
2010,14113020,113,CH4 ,10PPBC, 9,26, 195, 194, 195, 195, 222, 216, 210, 196, 193, 192, 190, 190, 190, 193, 192, 191, 190, 190, 190, 191, 194, 194, 193, 192
2010,14113020,113,CH4 ,10PPBC, 9,27,9999, 191, 190, 189, 188, 187, 187, 187, 187, 185, 184, 183, 183, 183, 183, 183, 183, 183, 184, 185, 186, 187, 187, 186
2010,14113020,113,CH4 ,10PPBC, 9,28, 186, 185, 185, 184, 184, 184, 184, 186, 186, 187, 188, 187, 187, 187, 186, 186, 187, 192, 203, 209, 224, 228, 216, 208
2010,14113020,113,CH4 ,10PPBC, 9,29, 194, 188, 188, 186, 185, 186, 186, 187, 187, 187, 188, 188, 188, 190, 191,9999, 189, 189, 189, 189, 190, 192, 195, 197
2010,14113020,113,CH4 ,10PPBC, 9,30, 199, 195, 194, 196, 194, 193, 193, 194, 195, 193, 193, 192, 192, 192, 191, 192, 193, 192, 192, 192, 193, 193, 192, 191
2010,14113020,113,CH4 ,10PPBC, 9,31,9998,9998,9998,9998,9998,9998,9998,9998,9998,9998,9998,9998,9998,9998,9998,9998,9998,9998,9998,9998,9998,9998,9998,9998
2010,14113020,113,CH4 ,10PPBC,10, 1, 191, 191, 190, 189, 190, 189, 189, 189, 189, 190, 189, 188, 188, 187, 187, 188, 190, 192, 196, 199, 198, 196, 209, 207
2010,14113020,113,CH4 ,10PPBC,10, 2,9999, 195, 193, 194, 193, 192, 192, 192, 191, 188, 188, 187, 187, 186, 190, 189, 190, 190, 190, 189, 189, 203, 194, 195
2010,14113020,113,CH4 ,10PPBC,10, 3, 195, 192, 192, 192, 192, 191, 191, 190, 188, 188, 188, 187, 187, 187, 186, 187, 190, 187, 187, 188, 202, 203, 205, 200
2010,14113020,113,CH4 ,10PPBC,10, 4, 198, 191, 191, 191, 192, 192, 191, 190, 191, 192, 191, 191, 193, 192, 192, 190, 190, 192, 190, 191, 190, 190, 191, 193
2010,14113020,113,CH4 ,10PPBC,10, 5,9999, 197, 193, 192, 191, 189, 190, 189, 191, 195, 195, 193, 191, 190, 189, 188, 189, 190, 194, 197, 201, 199, 197, 194
2010,14113020,113,CH4 ,10PPBC,10, 6, 195, 196, 194, 192, 191, 190, 190, 191, 190, 189, 189, 190, 190, 190, 189, 189, 189, 190, 191, 192, 191, 194, 195, 195
2010,14113020,113,CH4 ,10PPBC,10, 7, 195, 194, 193, 191, 191, 191, 193, 194, 193, 192,9999,9999, 188, 188, 188, 188, 188, 188, 189, 189, 190, 190, 190, 189
2010,14113020,113,CH4 ,10PPBC,10, 8, 189, 189, 188, 190, 190, 191, 193, 194, 194, 192, 190, 189, 188, 188, 189, 190, 192, 189, 192, 196, 193, 189, 190, 191
2010,14113020,113,CH4 ,10PPBC,10, 9, 190, 189, 189, 188, 187, 186, 187, 188, 188, 188, 187, 187, 186, 186, 186, 186, 185, 185, 185, 185, 186, 186, 186, 186
2010,14113020,113,CH4 ,10PPBC,10,10,9999, 187, 187, 186, 187, 188, 189, 190, 189, 188, 187, 186, 187, 187, 189, 187, 188, 191, 193, 195, 206, 220, 211, 208
2010,14113020,113,CH4 ,10PPBC,10,11, 229, 227, 215, 200, 192, 188, 186, 185, 185, 185, 185, 184, 184, 184, 184, 185, 186, 189, 195, 199, 205, 213, 214, 208
2010,14113020,113,CH4 ,10PPBC,10,12, 216, 222, 217, 197, 192, 192, 193, 198, 200, 199, 200, 199, 197, 195, 189, 193, 187, 186, 190, 193, 208, 217, 225, 218
2010,14113020,113,CH4 ,10PPBC,10,13,9999, 200, 197, 197, 197, 197, 198, 197, 195, 196, 192, 191, 190, 191, 191, 188, 186, 185, 187, 191, 191, 198, 206, 209
2010,14113020,113,CH4 ,10PPBC,10,14, 204, 223, 213, 190, 188, 188, 189, 189, 191, 190,9999, 188, 188, 187, 187, 188, 197, 192, 191, 195, 190, 191, 192, 191
2010,14113020,113,CH4 ,10PPBC,10,15, 190, 190, 189, 188, 188, 190, 189, 189, 190, 189, 189, 189, 189, 189, 191, 189, 188, 189, 196, 201, 204, 201, 199, 196
2010,14113020,113,CH4 ,10PPBC,10,16, 194, 191, 189, 188, 186, 187, 187, 189, 189, 189, 189, 189, 191, 192, 192, 188, 188, 192, 193, 192, 192, 205, 219, 205
2010,14113020,113,CH4 ,10PPBC,10,17,9999, 195, 194, 192, 191, 191, 191, 191, 190, 189, 188, 188, 189, 189, 189, 189, 189, 190, 191, 192, 193, 195, 195, 196
2010,14113020,113,CH4 ,10PPBC,10,18, 196, 195, 193, 195, 194, 193, 192, 192, 192, 190, 190, 191, 190, 190, 192, 188, 189, 189, 189, 189, 192, 191, 193, 192
2010,14113020,113,CH4 ,10PPBC,10,19, 190, 190, 189, 190, 189, 189, 189, 190, 190, 190, 190, 189, 189, 188, 189, 189, 189, 189, 190, 190, 190, 191, 191, 190
2010,14113020,113,CH4 ,10PPBC,10,20,9999, 189, 189, 190, 191, 191, 191, 192, 194, 193, 189, 188, 189, 193, 221, 193, 218, 190, 190, 190, 191, 192, 192, 192
2010,14113020,113,CH4 ,10PPBC,10,21, 191, 190, 189, 189, 188, 188, 191, 193, 195, 194, 192, 191, 195, 188, 187, 186, 186, 188, 188, 188, 188, 189, 188, 188
2010,14113020,113,CH4 ,10PPBC,10,22, 188, 190, 189, 187, 187, 188, 190, 189, 187, 187, 187, 187, 186, 186,9999, 186, 187, 187, 187, 187, 188, 188, 189, 189
2010,14113020,113,CH4 ,10PPBC,10,23, 189, 189, 189, 189, 189, 189, 189, 190, 190, 189, 188, 188, 188, 188, 188, 188, 188, 189, 193, 194, 201, 205, 202, 200
2010,14113020,113,CH4 ,10PPBC,10,24, 197, 193, 190, 189, 190, 191, 192, 193, 192, 191, 191, 191, 191, 191, 191, 192, 191, 192, 192, 192, 193, 193, 191, 191
2010,14113020,113,CH4 ,10PPBC,10,25,9999, 193, 193, 192, 191, 191, 190, 190, 190, 188, 187, 188, 188, 188, 188, 189, 194, 214, 229, 231, 235, 235, 223, 202
2010,14113020,113,CH4 ,10PPBC,10,26, 194, 192, 189, 189, 189, 190, 193, 195, 201, 193, 189, 189, 188, 187, 193, 189, 188, 189, 190, 190, 190, 190, 190, 190
2010,14113020,113,CH4 ,10PPBC,10,27, 189, 189, 189, 189, 189, 189, 189, 189, 190, 190, 190, 189, 189,9999,9999, 188, 188, 189, 189, 189, 194, 193, 192, 193
2010,14113020,113,CH4 ,10PPBC,10,28, 192, 190, 189, 189, 188, 189, 189, 189, 189, 189, 188, 187, 186, 186, 186, 186, 186, 186, 187, 186, 187, 187, 188, 188
2010,14113020,113,CH4 ,10PPBC,10,29, 188, 189, 190, 190, 189, 188, 187, 187, 189, 188, 188, 188, 188, 188, 189, 188, 187, 187, 188, 190, 190, 192, 193, 191
2010,14113020,113,CH4 ,10PPBC,10,30,9999, 189, 188, 188, 187, 187, 187, 187, 187, 187, 187, 187, 187, 187, 186, 186, 186, 185, 185, 186, 185, 185, 184, 185
2010,14113020,113,CH4 ,10PPBC,10,31, 184, 184, 184, 184, 184, 184, 184, 185, 186, 185, 185, 185, 185, 185, 186, 186, 186, 187, 189, 189, 188, 188, 188, 188
2010,14113020,113,CH4 ,10PPBC,11, 1, 188, 187, 185, 184, 183, 182, 182, 183, 183, 183, 182, 182, 183, 184, 184, 183, 183, 183, 186, 187, 197, 196, 196, 209
2010,14113020,113,CH4 ,10PPBC,11, 2,9999, 207, 199, 194, 192, 190, 189, 190, 190, 189, 190, 189, 189, 187, 187, 188, 191, 191, 191, 194, 203, 222, 217, 214
2010,14113020,113,CH4 ,10PPBC,11, 3, 209, 196, 192, 192, 191, 192, 192, 193, 193, 192, 192, 192, 192, 192, 192, 192, 192, 192, 192, 194, 193, 194, 193, 192
2010,14113020,113,CH4 ,10PPBC,11, 4, 193, 194, 194, 194, 193, 195, 195, 197, 196, 196, 195, 195, 196, 197, 194, 193, 194, 198, 212, 233, 227, 210, 204, 201
2010,14113020,113,CH4 ,10PPBC,11, 5,9999, 195, 196, 195, 194, 195, 195, 199, 195, 191,9999, 188, 188, 189, 193, 191, 190, 194, 209, 217, 224, 213, 196, 194
2010,14113020,113,CH4 ,10PPBC,11, 6, 194, 193, 192, 191, 191, 192, 193, 195, 193, 192, 191, 191, 191, 192, 197, 195, 193, 198, 205, 231, 239, 228, 209, 196
2010,14113020,113,CH4 ,10PPBC,11, 7, 193, 192, 190, 189, 189, 188, 189, 189, 189, 190, 190, 190, 191, 192, 191, 191, 192, 199, 220, 234, 209, 198, 198, 199
2010,14113020,113,CH4 ,10PPBC,11, 8,9999, 193, 191, 190, 190, 191, 192, 193, 194, 191, 192, 193, 193, 190, 191, 193, 196, 194, 199, 212, 201, 200, 201, 200
2010,14113020,113,CH4 ,10PPBC,11, 9, 200, 198, 198, 199, 199, 200, 201, 199, 193, 185, 185, 185, 185, 185, 184, 185, 186, 187, 188, 188, 189, 190, 192, 194
2010,14113020,113,CH4 ,10PPBC,11,10, 199, 200, 199, 198, 200, 204, 201, 201, 196, 191, 196, 195, 190, 188, 188, 188, 189, 189, 189, 190, 190, 191, 192, 195
2010,14113020,113,CH4 ,10PPBC,11,11,9999, 197, 205, 203, 195, 192, 196, 197, 195, 191, 191, 190, 190,9999,9999,9999, 192, 195, 206, 211, 242, 243, 221, 212
2010,14113020,113,CH4 ,10PPBC,11,12, 203, 195, 195, 194, 195, 195, 197, 211, 217, 201, 201, 194, 189, 188, 189, 189, 189, 189, 189, 191, 195, 200, 203, 205
2010,14113020,113,CH4 ,10PPBC,11,13, 203, 201, 196, 195, 194, 194, 195, 195, 195, 196, 194, 195, 193, 193, 195, 198, 195, 200, 207, 209, 209, 205, 203, 202
2010,14113020,113,CH4 ,10PPBC,11,14,9999, 198, 197, 196, 195, 195, 195, 196, 195, 216, 200, 193, 191, 193, 193, 196, 198, 200, 200, 205, 207, 204, 198, 195
2010,14113020,113,CH4 ,10PPBC,11,15, 195, 197, 197, 194, 191, 191, 192, 197, 195, 189, 188, 187, 189, 189, 188, 188, 187, 187, 187, 188, 188, 189, 189, 189
2010,14113020,113,CH4 ,10PPBC,11,16, 189, 189, 189, 190, 190, 191, 193, 195, 194, 191, 189, 188, 187, 187, 190, 194, 192, 194, 195, 201, 198, 198, 199, 200
2010,14113020,113,CH4 ,10PPBC,11,17,9999, 194, 193, 193, 194, 195, 196, 196, 195, 190, 190, 190, 189, 188, 188, 188, 188, 189, 189, 189, 189, 189, 189, 190
2010,14113020,113,CH4 ,10PPBC,11,18, 190, 190, 190, 189, 189, 189, 189, 191, 191, 189,9999, 188, 187, 188, 188, 187, 188, 190, 191, 193, 194, 194, 194, 193
2010,14113020,113,CH4 ,10PPBC,11,19, 192, 190, 189, 189, 189, 189, 191, 193, 193, 191, 190, 189, 189, 189,9999, 191, 197, 198, 202, 203, 208, 207, 200, 195
2010,14113020,113,CH4 ,10PPBC,11,20, 193, 194, 194, 193, 192, 192, 192, 192, 192, 191, 190, 189, 189, 189, 190, 189, 191, 193, 197, 199, 199, 197, 196, 195
2010,14113020,113,CH4 ,10PPBC,11,21,9999, 194, 192, 191, 191, 191, 191, 190, 191, 189, 189, 188, 188, 188, 188, 190, 191, 193, 196, 198, 200, 199, 196, 193
2010,14113020,113,CH4 ,10PPBC,11,22, 192, 191, 189, 190, 189, 189, 190, 194, 193, 192, 190, 189, 189, 190, 190, 189, 189, 190, 191, 192, 193, 193, 191, 190
2010,14113020,113,CH4 ,10PPBC,11,23, 187, 186, 185, 184, 184, 183, 183, 183, 183, 185, 187, 188, 188, 188, 188, 189, 189, 190, 190, 190, 190, 190, 190, 190
2010,14113020,113,CH4 ,10PPBC,11,24,9999, 189, 189, 189, 188, 188, 189, 193, 195, 190, 190, 189, 190, 190, 191,9999, 192, 193, 197, 197, 202, 198, 203, 205
2010,14113020,113,CH4 ,10PPBC,11,25, 206, 203, 200, 198, 197, 196, 197, 198, 195, 194, 193, 193, 193, 195, 197, 197, 196, 196, 197, 198, 197, 196, 197, 194
2010,14113020,113,CH4 ,10PPBC,11,26, 193, 193, 192, 191, 190, 191, 192, 196, 196, 195, 193, 189, 189, 189, 189, 193, 218, 206, 199, 195, 205, 204, 193, 190
2010,14113020,113,CH4 ,10PPBC,11,27,9999, 189, 189, 189, 189, 189, 189, 190, 190, 190, 190, 189, 189, 190, 195, 190, 189, 190, 190, 192, 196, 201, 205, 205
2010,14113020,113,CH4 ,10PPBC,11,28, 203, 211, 225, 213, 208, 204, 201, 199, 195, 196, 192, 189, 188, 188, 189, 189, 190, 193, 195, 191, 190, 190, 190, 190
2010,14113020,113,CH4 ,10PPBC,11,29, 190, 189, 189, 189, 192, 229, 254, 213, 204, 192, 193, 191, 189, 189, 190, 189, 191, 193, 199, 196, 202, 208, 206, 205
2010,14113020,113,CH4 ,10PPBC,11,30,9999, 199, 199, 196, 193, 194, 196, 198, 196, 195, 191, 192, 195, 196, 193, 191, 191, 193, 203, 204, 200, 194, 194, 198
2010,14113020,113,CH4 ,10PPBC,11,31,9998,9998,9998,9998,9998,9998,9998,9998,9998,9998,9998,9998,9998,9998,9998,9998,9998,9998,9998,9998,9998,9998,9998,9998
2010,14113020,113,CH4 ,10PPBC,12, 1, 199, 200, 200, 200, 200, 201, 202, 206, 206, 202, 194, 194, 191, 191, 194, 200, 202, 204, 209, 222, 226, 222, 212, 204
2010,14113020,113,CH4 ,10PPBC,12, 2, 199, 195, 196, 195, 195, 195, 196, 197, 196, 194,9999,9999, 192, 192, 193, 194, 195, 197, 198, 199, 199, 197, 195, 196
2010,14113020,113,CH4 ,10PPBC,12, 3, 195, 192, 192, 191, 191, 191, 192, 192, 189, 185, 183, 183, 183, 185, 185, 185, 183, 183, 184, 186, 187, 187, 187, 187
2010,14113020,113,CH4 ,10PPBC,12, 4, 188, 188, 187, 186, 187, 188, 188, 190, 191, 191, 188, 188, 188, 188, 188, 188, 189, 189, 189, 190, 190, 190, 192, 193
2010,14113020,113,CH4 ,10PPBC,12, 5,9999, 202, 208, 213, 213, 203, 201, 213, 201, 195, 193, 194, 195, 196, 199, 196, 193, 199, 223, 228, 223, 208, 200, 198
2010,14113020,113,CH4 ,10PPBC,12, 6, 196, 196, 196, 195, 195, 194, 195, 197, 198, 196, 194, 194, 193, 191, 191, 192, 192, 196, 200, 204, 202, 200, 200, 202
2010,14113020,113,CH4 ,10PPBC,12, 7, 202, 202, 209, 210, 202, 199, 201, 204, 204, 201, 197, 195, 191, 189, 189, 190, 190, 189, 189, 190, 190, 189, 189, 189
2010,14113020,113,CH4 ,10PPBC,12, 8,9999, 189, 189, 189, 188, 188, 188, 190, 191, 191, 189, 188, 188, 189, 190, 191, 192, 190, 191, 191, 190, 190, 191, 192
2010,14113020,113,CH4 ,10PPBC,12, 9, 192, 191, 190, 190, 190, 190, 190, 191, 192, 191,9999, 191, 190, 191, 190, 190, 191, 194, 201, 211, 222, 205, 208, 208
2010,14113020,113,CH4 ,10PPBC,12,10, 209, 212, 238, 218, 203, 208, 205, 202, 194, 193, 193, 192, 192, 196, 195, 194, 195, 196, 198, 200, 212, 219, 215, 216
2010,14113020,113,CH4 ,10PPBC,12,11, 214, 213, 208, 203, 201, 201, 201, 205, 206, 197, 190, 189, 189, 189, 188, 188, 189, 189, 189, 191, 190, 191, 191, 200
2010,14113020,113,CH4 ,10PPBC,12,12,9999, 195, 192, 191, 190, 189, 189, 189, 190, 189, 190, 189, 189, 189, 190, 191, 192, 192, 194, 195, 195, 191, 192, 192
2010,14113020,113,CH4 ,10PPBC,12,13, 191, 191, 191, 191, 191, 190, 191, 191, 190, 190, 190, 190, 190, 191, 191, 190, 189, 190, 190, 191, 191, 192, 193, 193
2010,14113020,113,CH4 ,10PPBC,12,14, 194, 196, 192, 188, 187, 187, 188, 189, 191, 192, 193, 192, 190, 191, 191, 191, 195, 198, 201, 197, 207, 209, 208, 213
2010,14113020,113,CH4 ,10PPBC,12,15,9999, 205, 206, 220, 216, 208, 206, 203, 192, 191, 191, 190,9999, 192, 197, 197, 193, 191, 191, 191, 191, 192, 192, 192
2010,14113020,113,CH4 ,10PPBC,12,16, 192, 192, 192, 193, 192, 192, 193, 194, 195, 195, 195, 196, 196, 195, 195, 194, 193, 194, 195, 195, 195, 197, 198, 200
2010,14113020,113,CH4 ,10PPBC,12,17, 198, 199, 198, 199, 200, 199, 199, 204, 202, 195, 192, 190, 190, 190, 192, 195, 195, 201, 214, 235, 222, 213, 207, 204
2010,14113020,113,CH4 ,10PPBC,12,18,9999, 198, 197, 195, 196, 218, 219, 224, 208, 198, 195, 193, 193, 193, 193, 192, 191, 192, 192, 193, 193, 193, 194, 193
2010,14113020,113,CH4 ,10PPBC,12,19, 194, 194, 193, 193, 193, 194, 195, 196, 197, 195, 194, 193, 193, 194, 194, 200, 202, 202, 202, 203, 202, 199, 199, 199
2010,14113020,113,CH4 ,10PPBC,12,20, 198, 198, 197, 197, 196, 199, 213, 217, 202, 197, 195, 188, 187, 191, 195, 194, 195, 197, 202, 203, 199, 195, 196, 201
2010,14113020,113,CH4 ,10PPBC,12,21,9999, 203, 200, 198, 195, 195, 193, 194, 194, 193, 193, 194, 193, 191, 192, 192, 193, 193, 193, 193, 191, 191, 190, 190
2010,14113020,113,CH4 ,10PPBC,12,22, 189, 189, 189, 189, 188, 187, 187, 187, 190, 197,9999, 190, 187, 187, 187, 190, 192, 193, 196, 200, 203, 211, 228, 243
2010,14113020,113,CH4 ,10PPBC,12,23, 219, 224, 224, 209, 203, 201, 198, 199, 198, 191, 190, 189, 188, 189, 189, 190, 190, 192, 198, 220, 231, 221, 232, 225
2010,14113020,113,CH4 ,10PPBC,12,24, 225, 218, 221, 219, 221, 219, 203, 206, 205, 196, 191, 191, 191, 191, 191, 191, 191, 193, 195, 195, 195, 194, 194, 193
2010,14113020,113,CH4 ,10PPBC,12,25,9999, 193, 193, 197, 207, 203, 195, 187, 188, 188, 188, 188, 188, 188, 188, 188, 188, 188, 188, 188, 188, 188, 188, 188
2010,14113020,113,CH4 ,10PPBC,12,26, 189, 188, 189, 189, 188, 188, 189, 188, 189, 189, 189, 189, 188, 188, 189, 188, 189, 188, 189, 189, 190, 190, 191, 196
2010,14113020,113,CH4 ,10PPBC,12,27, 195, 195, 198, 195, 191, 190, 191, 194, 193, 193, 190, 190, 190, 190, 191, 191, 195, 204, 210, 219, 213, 205, 204, 207
2010,14113020,113,CH4 ,10PPBC,12,28,9999, 205, 206, 207, 219, 240, 216, 206, 208, 197, 195, 193, 189, 188, 188, 188, 189, 190, 192, 191, 191, 191, 194, 196
2010,14113020,113,CH4 ,10PPBC,12,29, 197, 209, 213, 201, 201, 199, 202, 206, 210, 199, 192, 191, 190, 190, 190, 191, 191, 192, 192, 192, 193, 193, 194, 198
2010,14113020,113,CH4 ,10PPBC,12,30, 200, 202, 202, 200, 198, 196, 196, 203, 202, 198, 199, 198, 197, 194, 200, 197, 194, 193, 192, 192, 191, 192, 193, 194
2010,14113020,113,CH4 ,10PPBC,12,31,9999, 197, 197, 196, 195, 197, 197, 198, 197, 194, 190, 190, 191, 190, 190, 190, 191, 194, 201, 205, 193, 195, 194, 199
2010,14113020,113,CH4 ,10PPBC, 1, 1, 203, 206, 226, 218, 208, 225, 238, 232, 214, 202, 195, 192, 191, 192, 192, 193, 194, 197, 196, 198, 199, 201, 201, 203
2010,14113020,113,CH4 ,10PPBC, 1, 2, 204, 206, 204, 204, 200, 199, 197, 197, 201, 199, 197, 195, 193, 192, 192, 192, 192, 195, 199, 194, 194, 194, 195, 196
2010,14113020,113,CH4 ,10PPBC, 1, 3,9999, 194, 195, 195, 195, 194, 193, 193, 193, 191, 191, 190, 189, 189, 189, 190, 195, 196, 198, 203, 204, 202, 197, 194
2010,14113020,113,CH4 ,10PPBC, 1, 4, 192, 191, 190, 189, 188, 189, 190, 192, 192, 192, 191, 189, 188, 188, 188, 188, 188, 190, 191, 193, 192, 193, 195, 195
2010,14113020,113,CH4 ,10PPBC, 1, 5, 197, 196, 194, 191, 190, 190, 193, 196, 197, 194, 191, 190, 188,9999,9999, 188, 189, 189, 189, 188, 189, 189, 191, 194
2010,14113020,113,CH4 ,10PPBC, 1, 6, 190, 188, 187, 187, 187, 189, 189, 190, 191, 189, 188, 188, 189, 189, 188, 189, 189, 189, 190, 191, 191, 190, 190, 190
2010,14113020,113,CH4 ,10PPBC, 1, 7, 189, 189, 189, 188, 189, 189, 190, 191, 190, 190, 190, 190, 190, 189, 189, 189, 190, 190, 191, 191, 192, 191, 190, 190
2010,14113020,113,CH4 ,10PPBC, 1, 8,9999, 191, 192, 191, 192, 191, 192, 192, 194, 191, 191, 191, 190, 189, 189, 190, 190, 192, 195, 217, 214, 214, 206, 201
2010,14113020,113,CH4 ,10PPBC, 1, 9, 202, 207, 221, 218, 217, 215, 205, 199, 201, 192, 187, 186, 186, 186, 186, 199, 197, 196, 197, 190, 191, 190, 190, 189
2010,14113020,113,CH4 ,10PPBC, 1,10, 189, 189, 190, 190, 190, 190, 190, 191, 191, 190, 190, 190, 190, 190, 190, 190, 190, 191, 191, 192, 193, 193, 192, 191
2010,14113020,113,CH4 ,10PPBC, 1,11,9999, 191, 191, 192, 193, 193, 193, 195, 197, 197, 194, 191, 191, 190, 191, 191, 191, 195, 201, 215, 210, 207, 213, 209
2010,14113020,113,CH4 ,10PPBC, 1,12, 210, 203, 201, 198, 195, 196, 195, 199, 199, 195, 194, 194, 194, 193, 196, 196, 196, 205, 194, 190, 190, 191, 191, 192
2010,14113020,113,CH4 ,10PPBC, 1,13, 191, 190, 190, 190, 190, 190, 190, 192, 192, 191,9999, 190, 190, 191, 190, 191, 191, 192, 193, 194, 193, 193, 193, 193
2010,14113020,113,CH4 ,10PPBC, 1,14, 193, 193, 193, 193, 193, 195, 199, 203, 203,9999,9999,9999,9999,9999,9999,9999, 195, 199, 207, 214, 210, 207, 206, 204
2010,14113020,113,CH4 ,10PPBC, 1,15, 202, 201, 200, 200, 200, 202, 225, 213, 204, 200, 198, 198, 197, 197, 201, 201, 205, 225, 235, 214, 210, 206, 201, 198
2010,14113020,113,CH4 ,10PPBC, 1,16, 198, 197, 196, 195, 194, 192, 192, 192, 192, 192, 193, 192, 192, 192, 192, 192, 193, 194, 193, 194, 195, 194, 194, 204
2010,14113020,113,CH4 ,10PPBC, 1,17,9999, 193, 198, 203, 211, 210, 215, 220, 225, 210, 193, 191, 191, 191, 191, 191, 191, 192, 193, 193, 194, 195, 195, 195
2010,14113020,113,CH4 ,10PPBC, 1,18, 200, 205, 203, 205, 206, 204, 206, 206, 211, 197, 193, 192, 192, 193, 193, 192, 192, 197, 208, 217, 220, 205, 197, 195
2010,14113020,113,CH4 ,10PPBC, 1,19, 196, 197, 197, 197, 197, 197, 199, 206, 211, 199,9999, 189, 190, 192, 195, 194, 191, 194, 204, 203, 194, 194, 195, 196
2010,14113020,113,CH4 ,10PPBC, 1,20, 196, 196, 195, 197, 199, 194, 198, 202, 199, 193, 191, 191, 190, 191, 192, 192, 192, 191, 191, 190, 190, 190, 190, 190
2010,14113020,113,CH4 ,10PPBC, 1,21, 190, 190, 190, 189, 188, 189, 189, 191, 190, 190, 190, 190, 190, 190, 190, 191, 195, 195, 197, 204, 203, 193, 193, 192
2010,14113020,113,CH4 ,10PPBC, 1,22,9999, 190, 191, 191, 192, 193, 193, 193, 196, 194, 189, 190, 189, 189, 189, 189, 189, 192, 200, 207, 200, 193, 193, 195
2010,14113020,113,CH4 ,10PPBC, 1,23, 195, 196, 199, 200, 202, 202, 201, 203, 197, 197, 194, 196, 192, 191, 191, 193, 194, 196, 201, 201, 194, 196, 194, 194
2010,14113020,113,CH4 ,10PPBC, 1,24, 193, 192, 192, 192, 192, 192, 192, 194, 193, 194, 193, 192, 192, 192, 193, 193, 194, 194, 196, 196, 193, 194, 195, 194
2010,14113020,113,CH4 ,10PPBC, 1,25,9999, 195, 195, 195, 193, 193, 196, 198, 199, 196, 194, 193, 192, 192, 193, 193, 194, 193, 193, 193, 194, 195, 193, 193
2010,14113020,113,CH4 ,10PPBC, 1,26, 194, 196, 196, 199, 214, 214, 214, 215, 215, 200, 193, 193, 192, 192, 192, 192, 193, 193, 191, 192, 192, 193, 192, 192
2010,14113020,113,CH4 ,10PPBC, 1,27, 193, 193, 193, 201, 213, 219, 214, 207, 205, 196, 193, 191, 192,9999,9999, 191, 191, 191, 191, 191, 191, 191, 191, 191
2010,14113020,113,CH4 ,10PPBC, 1,28, 191, 190, 191, 191, 192, 204, 209, 204, 199, 192, 190, 190, 189, 189, 190, 190, 190, 190, 190, 190, 190, 190, 190, 190
2010,14113020,113,CH4 ,10PPBC, 1,29, 189, 189, 189, 189, 188, 188, 188, 189, 189, 189, 190, 192, 192, 192, 191, 191, 191, 192, 199, 210, 198, 197, 198, 195
2010,14113020,113,CH4 ,10PPBC, 1,30,9999, 197, 195, 195, 191, 190, 188, 193, 191, 190, 191, 191, 191, 191, 190, 191, 194, 194, 194, 193, 194, 195, 194, 194
2010,14113020,113,CH4 ,10PPBC, 1,31, 193, 193, 193, 193, 194, 196, 199, 202, 199, 192, 191, 191, 191, 191, 192, 192, 192, 192, 196, 205, 216, 212, 209, 210
2010,14113020,113,CH4 ,10PPBC, 2, 1, 210, 209, 204, 202, 199, 198, 206, 218, 218, 200, 192, 191, 191, 191, 192, 192, 191, 195, 195, 193, 193, 194, 194, 193
2010,14113020,113,CH4 ,10PPBC, 2, 2,9999, 191, 190, 189, 190, 190, 192, 195, 194, 193,9999,9999, 194, 200, 196, 192, 192, 192, 195, 200, 200, 208, 209, 207
2010,14113020,113,CH4 ,10PPBC, 2, 3, 203, 198, 196, 196, 195, 196, 201, 204, 204, 199, 194, 195, 193, 195, 200, 196, 194, 193, 198, 197, 196, 195, 205, 208
2010,14113020,113,CH4 ,10PPBC, 2, 4, 208, 211, 209, 198, 196, 195, 198, 202, 204, 197,9999,9999, 190, 188, 188, 188, 188, 190, 195, 199, 226, 215, 210, 210
2010,14113020,113,CH4 ,10PPBC, 2, 5, 205, 198, 194, 192, 193, 193, 192, 192, 193, 192, 191, 190, 190, 191, 191, 195, 196, 197, 208, 211, 214, 211, 206, 208
2010,14113020,113,CH4 ,10PPBC, 2, 6, 206, 201, 200, 198, 196, 195, 194, 196, 197, 195, 196, 197, 198, 200, 198, 200, 202, 206, 207, 198, 198, 198, 195, 195
2010,14113020,113,CH4 ,10PPBC, 2, 7,9999, 198, 202, 206, 207, 206, 206, 209, 194, 189, 189, 190, 190, 191, 192, 192, 191, 191, 190, 191, 190, 190, 190, 189
2010,14113020,113,CH4 ,10PPBC, 2, 8, 188, 188, 188, 188, 188, 188, 188, 191, 190, 190, 190, 190, 191, 195, 199, 201, 202, 200, 198, 201, 197, 193, 191, 189
2010,14113020,113,CH4 ,10PPBC, 2, 9, 187, 187, 188, 188, 187, 186, 186, 187, 188, 187, 187, 188, 187, 187, 188, 189, 195, 192, 195, 200, 203, 207, 194, 189
2010,14113020,113,CH4 ,10PPBC, 2,10,9999, 189, 189, 188, 188, 188, 189, 190, 190, 190,9999,9999, 189, 190, 191, 194, 194, 194, 199, 191, 191, 190, 190, 189
2010,14113020,113,CH4 ,10PPBC, 2,11, 189, 189, 189, 189, 188, 188, 188, 188, 189, 189, 188, 188, 188, 188, 188, 188, 191, 190, 189, 190, 189, 187, 187, 186
2010,14113020,113,CH4 ,10PPBC, 2,12, 186, 185, 185, 185, 185, 185, 186, 186, 187, 186, 186, 187, 187, 187, 186, 186, 187, 187, 189, 187, 189, 194, 194, 195
2010,14113020,113,CH4 ,10PPBC, 2,13,9999, 196, 200, 203, 190, 191, 192, 193, 193, 191, 190, 190, 191, 191, 191, 192, 192, 194, 195, 197, 195, 196, 197, 195
2010,14113020,113,CH4 ,10PPBC, 2,14, 193, 193, 193, 194, 193, 193, 194, 193, 194, 195, 193, 194, 195, 196, 196, 196, 196, 194, 195, 196, 196, 195, 193, 192
2010,14113020,113,CH4 ,10PPBC, 2,15, 190, 189, 188, 189, 190, 191, 191, 191, 191, 194, 194, 194, 192, 191, 191, 192, 192, 192, 193, 194, 193, 193, 193, 194
2010,14113020,113,CH4 ,10PPBC, 2,16,9999, 196, 210, 206, 202, 198, 199, 198, 197, 194, 194, 193, 195, 200, 193, 191, 190, 192, 195, 199, 205, 199, 199, 198
2010,14113020,113,CH4 ,10PPBC, 2,17, 198, 197, 200, 201, 200, 198, 199, 201, 203, 192, 193, 197, 200, 188, 180, 180, 180, 180, 180, 181, 180, 182, 182, 184
2010,14113020,113,CH4 ,10PPBC, 2,18, 182, 183, 187, 183, 179, 173, 174, 182, 179, 180,9999, 181, 185, 182, 178, 180, 180, 183, 181, 180, 181, 181, 182, 181
2010,14113020,113,CH4 ,10PPBC, 2,19, 180, 180, 180, 181, 180, 180, 180, 181, 181, 182, 181, 182, 183, 189, 185, 187, 190, 186, 190, 186, 189, 191, 191, 190
2010,14113020,113,CH4 ,10PPBC, 2,20, 193, 192, 191, 188, 184, 184, 184, 186, 187, 188, 189, 190, 186, 188, 186, 186, 188, 189, 190, 187, 184, 185, 186, 184
2010,14113020,113,CH4 ,10PPBC, 2,21,9999, 181, 179, 181, 181, 180, 180, 180, 182, 182, 180, 180, 181, 181, 181, 182, 184, 180, 182, 181, 182, 181, 182, 183
2010,14113020,113,CH4 ,10PPBC, 2,22, 184, 182, 182, 184, 186, 184, 185, 188, 187, 183, 183, 183, 183, 183, 183, 183, 182, 182, 182, 186, 189, 188, 186, 182
2010,14113020,113,CH4 ,10PPBC, 2,23, 185, 188, 186, 185, 183, 182, 181, 183, 182, 181, 181, 183, 186, 187, 187, 182, 182, 182, 188, 190, 205, 205, 212, 209
2010,14113020,113,CH4 ,10PPBC, 2,24,9999, 192, 185, 182, 181, 181, 182, 185, 186, 190, 191, 190, 184,9999, 180, 182, 182, 181, 179, 180, 181, 181, 179, 179
2010,14113020,113,CH4 ,10PPBC, 2,25, 175, 175, 175, 175, 175, 182, 185, 185, 178, 175, 175, 175, 175, 175, 175, 175, 176, 176, 176, 180, 182, 181, 181, 180
2010,14113020,113,CH4 ,10PPBC, 2,26, 179, 179, 179, 180, 180, 180, 179, 180, 180, 181, 180, 180, 182, 181, 181, 182, 182, 181, 181, 184, 188, 190, 192, 192
2010,14113020,113,CH4 ,10PPBC, 2,27,9999, 192, 189, 188, 187, 186, 185, 186, 186, 186, 188, 180, 180, 180, 180, 180, 180, 180, 184, 188, 188, 187, 187, 187
2010,14113020,113,CH4 ,10PPBC, 2,28, 185, 183, 183, 182, 181, 180, 180, 181, 181, 181, 180, 180, 180, 180, 180, 180, 180, 180, 180, 181, 181, 181, 180, 180
2010,14113020,113,CH4 ,10PPBC, 2,29,9998,9998,9998,9998,9998,9998,9998,9998,9998,9998,9998,9998,9998,9998,9998,9998,9998,9998,9998,9998,9998,9998,9998,9998
2010,14113020,113,CH4 ,10PPBC, 2,30,9998,9998,9998,9998,9998,9998,9998,9998,9998,9998,9998,9998,9998,9998,9998,9998,9998,9998,9998,9998,9998,9998,9998,9998
2010,14113020,113,CH4 ,10PPBC, 2,31,9998,9998,9998,9998,9998,9998,9998,9998,9998,9998,9998,9998,9998,9998,9998,9998,9998,9998,9998,9998,9998,9998,9998,9998
2010,14113020,113,CH4 ,10PPBC, 3, 1, 186, 186, 186, 186, 186, 186, 189, 190, 190, 188, 187, 188, 189, 188, 188, 190, 190, 190, 189, 188, 188, 188, 189, 189
2010,14113020,113,CH4 ,10PPBC, 3, 2,9999, 196, 196, 197, 197, 198, 200, 209, 210, 195, 191, 192, 193, 194, 193, 191, 188, 188, 188, 189, 189, 190, 192, 191
2010,14113020,113,CH4 ,10PPBC, 3, 3, 191, 189, 188, 188, 187, 188, 189, 189, 189, 189, 189, 190, 189,9999,9999, 187, 187, 187, 187, 188, 188, 188, 188, 188
2010,14113020,113,CH4 ,10PPBC, 3, 4, 189, 188, 188, 189, 187, 187, 189, 189, 187, 187, 187, 188, 188, 189, 190, 190, 189, 189, 190, 190, 191, 191, 194, 194
2010,14113020,113,CH4 ,10PPBC, 3, 5, 195, 195, 196, 197, 196, 193, 190, 191, 189, 188, 189, 189, 191, 191, 191, 191, 191, 191, 192, 191, 193, 194, 192, 193
2010,14113020,113,CH4 ,10PPBC, 3, 6,9999, 194, 192, 191, 191, 192, 192, 195, 195, 190, 191, 192, 191, 193, 200, 208, 207, 201, 201, 202, 195, 197, 198, 197
2010,14113020,113,CH4 ,10PPBC, 3, 7, 196, 195, 192, 191, 189, 188, 187, 187, 186, 188, 189, 188, 186, 186, 185, 185, 186, 187, 189, 189, 189, 189, 189, 189
2010,14113020,113,CH4 ,10PPBC, 3, 8, 190, 191, 191, 191, 191, 192, 193, 196, 195, 193, 191, 192, 192, 192, 192, 194, 194, 193, 192, 203, 206, 203, 202, 196
2010,14113020,113,CH4 ,10PPBC, 3, 9,9999, 191, 192, 192, 193, 199, 200, 195, 191, 192, 199, 193,9999, 218, 188, 188, 188, 187, 188, 189, 187, 188, 187, 188
2010,14113020,113,CH4 ,10PPBC, 3,10, 188, 188, 187, 188, 187, 188, 189, 189, 189, 189, 189, 190, 191, 191, 192, 191, 191, 190, 190, 192, 191, 192, 193, 192
2010,14113020,113,CH4 ,10PPBC, 3,11, 192, 193, 193, 189, 188, 188, 188, 189, 189, 188, 189, 188, 189, 189, 189,9999,9999,9999,9999,9999,9999,9999,9999,9999
2010,14113020,113,CH4 ,10PPBC, 3,12,9999,9999,9999,9999,9999,9999,9999,9999,9999,9999,9999,9999, 189, 190, 190, 191, 191, 192, 193, 193, 193, 194, 195, 198
2010,14113020,113,CH4 ,10PPBC, 3,13, 198, 193, 190, 192, 192, 192, 193, 195, 192, 190, 191, 191, 192, 192, 191, 191, 190, 189, 190, 188, 188, 190, 191, 197
2010,14113020,113,CH4 ,10PPBC, 3,14, 194, 193, 203, 201, 201, 206, 197, 198, 188, 185, 185, 185, 185, 185, 185, 184, 184, 184, 184, 184, 184, 184, 184, 185
2010,14113020,113,CH4 ,10PPBC, 3,15,9999, 190, 191, 191, 189, 189, 189, 188, 189, 189, 189, 189, 189, 190, 190, 194, 191, 190, 190,9999,9999,9999, 204, 204
2010,14113020,113,CH4 ,10PPBC, 3,16, 205, 192, 189, 188, 189, 190, 190, 191, 191, 191, 190, 192, 191, 190, 190, 191,9999,9999,9999,9999,9999, 190, 190, 190
2010,14113020,113,CH4 ,10PPBC, 3,17, 190, 189, 189, 189, 189, 189, 189, 189, 190, 190, 189, 190, 190,9999,9999,9999,9999,9999, 188, 188, 190, 190, 190, 189
2010,14113020,113,CH4 ,10PPBC, 3,18, 189, 189, 188, 188, 188, 188, 189, 191, 190, 191,9999,9999,9999,9999,9999,9999, 188, 187, 186, 187, 187, 187, 187, 187
2010,14113020,113,CH4 ,10PPBC, 3,19, 187, 187, 186, 185, 185, 186, 187, 191, 191, 191, 186, 186, 187, 187, 187, 187, 187, 187, 187, 190, 194, 194, 194, 190
2010,14113020,113,CH4 ,10PPBC, 3,20, 189, 189, 188, 187, 187, 188, 189, 190, 189, 189, 189, 190, 195, 194, 190, 189, 187, 186, 185, 185, 183, 183, 182, 183
2010,14113020,113,CH4 ,10PPBC, 3,21,9999, 184, 183, 183, 183, 192, 192, 191, 189, 189, 189, 189, 191, 188, 187, 186, 186, 186, 187, 192, 192, 191, 188, 188
2010,14113020,113,CH4 ,10PPBC, 3,22, 187, 186, 186, 185, 186, 186, 185, 186, 186, 186, 186, 187, 188,9999,9999,9999,9999,9999, 189, 192, 194, 194, 194, 195
2010,14113020,113,CH4 ,10PPBC, 3,23, 193, 191, 190, 190, 189, 188, 189, 190, 190, 190, 191, 191, 191, 191, 191, 192, 192, 192, 191, 191, 192, 190, 188, 188
2010,14113020,113,CH4 ,10PPBC, 3,24, 189, 191, 191, 191, 190, 191, 191, 190, 190, 192,9999,9999, 190, 192, 191, 190, 189, 189, 189, 190, 188, 189, 190, 192
2010,14113020,113,CH4 ,10PPBC, 3,25, 192, 192, 191, 189, 189, 190, 193, 195, 197, 200, 193, 191, 190, 188, 189, 189, 188, 187, 188,9999,9999,9999, 192, 192
2010,14113020,113,CH4 ,10PPBC, 3,26, 191, 190, 189, 189, 188, 189, 191, 190, 189, 189, 189, 190, 190, 191, 191, 190, 189, 189, 188, 189, 189, 188, 188, 188
2010,14113020,113,CH4 ,10PPBC, 3,27, 189, 188, 188, 188, 188, 188, 189, 189, 189, 189, 189, 190, 190, 191, 193, 193, 192, 189, 191, 194, 191, 191, 190, 190
2010,14113020,113,CH4 ,10PPBC, 3,28,9999, 188, 187, 187, 187, 187, 188, 187, 187, 188, 189, 190, 190, 190, 190, 190, 189, 189, 188, 190, 196, 193, 195, 197
2010,14113020,113,CH4 ,10PPBC, 3,29, 193, 191, 190, 190, 189, 190, 192, 190, 190, 190, 189, 190, 189, 189, 189, 189, 188, 188, 188, 191, 191, 193, 190, 189
2010,14113020,113,CH4 ,10PPBC, 3,30, 189, 189, 189, 189, 188, 188, 189, 189, 188, 189,9999, 189, 191,9999,9999, 189, 189, 188, 187, 190, 195, 193, 187, 187
2010,14113020,113,CH4 ,10PPBC, 3,31, 187, 187, 187, 186, 186, 186, 187, 187, 187, 188, 189, 191, 193, 190, 188, 188, 188, 187, 188, 188, 188, 189, 188, 189
2010,14131010,131,CH4 ,10PPBC, 4, 1,9999,9999, 207, 205, 203, 204, 205, 249, 216, 191, 185, 185, 186, 183, 182, 182, 183, 184, 183, 183, 183, 185, 183, 182
2010,14131010,131,CH4 ,10PPBC, 4, 2, 183, 182, 182, 181, 181, 181, 181, 180, 180, 181, 180,9999, 184, 186, 187, 194, 188, 188, 188, 189, 196, 195, 197, 196
2010,14131010,131,CH4 ,10PPBC, 4, 3, 189, 191, 192, 186, 187, 188, 191, 190, 195, 190, 190, 193, 192, 190, 188, 190, 186, 186, 190, 190, 197, 200, 198, 191
2010,14131010,131,CH4 ,10PPBC, 4, 4, 193, 191, 190, 193, 204, 193, 192, 193, 200, 196, 198, 196, 201, 202, 215, 212, 192, 191, 190, 193, 192, 192, 193, 192
2010,14131010,131,CH4 ,10PPBC, 4, 5, 191, 190, 191, 191, 191, 191, 192, 193, 195, 196, 195, 195, 194, 195, 198, 200, 201, 197, 198, 201, 208, 204, 207, 203
2010,14131010,131,CH4 ,10PPBC, 4, 6, 202, 203, 193, 191, 201, 201, 188, 187, 190, 190,9999,9999, 193, 187, 204, 216, 196, 190, 187, 192, 192, 191, 193, 192
2010,14131010,131,CH4 ,10PPBC, 4, 7, 189, 188, 185, 186, 186, 193, 196, 194, 191, 197, 199, 190, 188, 201, 188, 188, 187, 188, 191, 193, 192, 198, 187,9999
2010,14131010,131,CH4 ,10PPBC, 4, 8,9999,9999, 187, 188, 188, 188, 188, 188, 189, 189,9999,9999, 186, 186, 187, 186, 187, 187, 186, 187, 186, 188, 194, 198
2010,14131010,131,CH4 ,10PPBC, 4, 9, 193, 192, 195, 189, 189, 190, 191, 192, 192, 210, 189, 189, 187, 188, 186, 186, 185, 184, 185, 185, 186, 188, 192, 192
2010,14131010,131,CH4 ,10PPBC, 4,10, 192, 193, 193, 195, 191, 188, 187, 188, 189, 191, 191, 198, 190, 187, 186, 184, 184, 183, 183, 186, 189, 185, 187, 186
2010,14131010,131,CH4 ,10PPBC, 4,11, 187, 186, 187, 187, 191, 188, 187, 186, 185, 186, 194, 192, 189, 193, 194, 189, 187, 195, 185, 182, 184, 187, 199, 187
2010,14131010,131,CH4 ,10PPBC, 4,12, 187, 186, 185, 185, 184, 185, 184, 183, 185, 185, 186, 186, 187, 187, 187, 186, 184, 185, 185, 187, 186, 185, 185, 185
2010,14131010,131,CH4 ,10PPBC, 4,13, 184, 183, 183, 183, 183, 183, 185, 187, 188, 187, 190, 186, 184, 182, 182, 183, 183, 183, 184, 182, 183, 184, 189,9999
2010,14131010,131,CH4 ,10PPBC, 4,14,9999,9999, 188, 186, 185, 185, 185, 186, 187, 188, 187, 186, 193, 189, 189, 192, 191, 189, 189, 188, 187, 188, 187, 187
2010,14131010,131,CH4 ,10PPBC, 4,15, 187, 186, 186, 186, 187, 186, 186, 188, 189, 202,9999,9999, 200, 202, 201, 200, 188, 189, 188, 194, 204, 193, 191, 191
2010,14131010,131,CH4 ,10PPBC, 4,16, 189, 188, 187, 187, 187, 187, 187, 189, 188, 188, 188, 189, 189, 188, 193, 188, 187, 187, 188, 189, 189, 189, 189, 189
2010,14131010,131,CH4 ,10PPBC, 4,17, 187, 187, 187, 188, 188, 188, 187, 189, 189, 188, 189, 189, 188, 187, 192, 188, 186, 188, 188, 190, 190, 192, 200, 195
2010,14131010,131,CH4 ,10PPBC, 4,18, 191, 192, 192, 226, 261, 198, 194, 195, 191, 202, 200, 196, 199, 191, 188, 188, 191, 190, 190, 190, 189, 190, 191, 196
2010,14131010,131,CH4 ,10PPBC, 4,19, 198, 200, 200, 198, 196, 195, 194, 194, 197, 201, 208, 197, 193, 194, 190, 189, 190, 190, 191, 191, 191, 192, 191, 189
2010,14131010,131,CH4 ,10PPBC, 4,20, 188, 187, 187, 187, 186, 190, 194, 193, 185, 185, 184, 182, 183, 183, 184, 186, 186, 185, 186, 189, 195, 197, 192, 196
2010,14131010,131,CH4 ,10PPBC, 4,21,9999,9999, 191, 190, 193, 196, 196, 195, 193, 191, 186, 187, 212, 203, 192, 190, 185, 185, 185, 191, 193, 189, 186, 187
2010,14131010,131,CH4 ,10PPBC, 4,22, 186, 187, 189, 191, 193, 191, 192, 191, 189, 190,9999,9999,9999, 189, 187, 189, 188, 188, 188, 188, 188, 188, 188, 186
2010,14131010,131,CH4 ,10PPBC, 4,23, 186, 186, 186, 187, 187, 186, 188, 188, 189, 190, 190, 189, 190, 190, 191, 190, 189, 210, 191, 194, 188, 210, 190, 221
2010,14131010,131,CH4 ,10PPBC, 4,24, 235, 250, 214, 209, 195, 193, 209, 205, 188, 191, 196, 193, 188, 188, 189, 188, 190, 186, 188, 191, 191, 191, 194, 193
2010,14131010,131,CH4 ,10PPBC, 4,25, 194, 189, 189, 190, 192, 193, 193, 193, 190, 189, 190, 188, 188, 188, 186, 186, 187, 187, 187, 188, 190, 191, 191, 193
2010,14131010,131,CH4 ,10PPBC, 4,26, 191, 192, 194, 193, 192, 192, 192, 192, 194, 195, 194, 197, 193, 189, 186, 188, 187, 188, 188, 188, 187, 187, 187, 187
2010,14131010,131,CH4 ,10PPBC, 4,27, 190, 209, 190, 188, 188, 187, 189, 190, 191, 192, 194, 212, 193, 189, 187, 187, 186, 185, 188, 189, 187, 185, 184, 184
2010,14131010,131,CH4 ,10PPBC, 4,28,9999,9999, 186, 185, 185, 185, 184, 185, 188, 189, 188, 187, 186, 186, 186, 186, 186, 186, 188, 187, 187, 188, 187, 190
2010,14131010,131,CH4 ,10PPBC, 4,29, 189, 190, 191, 192, 187, 182, 183, 184, 185, 182, 184, 184, 182, 183, 183, 184, 184, 185, 186, 187, 189, 189, 190, 191
2010,14131010,131,CH4 ,10PPBC, 4,30, 192, 190, 189, 187, 186, 187, 187, 187, 189, 196,9999,9999, 189, 188, 186, 184, 185, 186, 187, 188, 191, 189, 187, 188
2010,14131010,131,CH4 ,10PPBC, 4,31,9998,9998,9998,9998,9998,9998,9998,9998,9998,9998,9998,9998,9998,9998,9998,9998,9998,9998,9998,9998,9998,9998,9998,9998
2010,14131010,131,CH4 ,10PPBC, 5, 1, 191, 188, 189, 189, 190, 192, 192, 194, 192, 190, 189, 187, 187, 187, 186, 185, 186, 187, 186, 188, 188, 190, 191, 192
2010,14131010,131,CH4 ,10PPBC, 5, 2, 190, 193, 190, 190, 190, 191, 192, 192, 191, 195, 195, 193, 191, 188, 186, 187, 186, 186, 186, 188, 190, 189, 186, 187
2010,14131010,131,CH4 ,10PPBC, 5, 3, 189, 190, 193, 192, 195, 197, 197, 199, 213, 215, 216, 196, 188, 183, 184, 183, 184, 185, 184, 184, 184, 185, 184, 185
2010,14131010,131,CH4 ,10PPBC, 5, 4, 184, 185, 184, 185, 184, 185, 184, 186, 186, 185, 184, 184, 183, 183, 184, 185, 184, 188, 187, 188, 188, 192, 191, 188
2010,14131010,131,CH4 ,10PPBC, 5, 5, 187, 187, 187, 186, 186, 190, 189, 192, 194, 199, 207, 203, 199, 189, 185, 184, 182, 188, 185, 188, 188, 186, 185, 185
2010,14131010,131,CH4 ,10PPBC, 5, 6,9999,9999, 183, 183, 182, 182, 182, 181, 180, 179, 179, 180, 178, 178, 180, 180, 180, 178, 180, 178, 181, 179, 180, 180
2010,14131010,131,CH4 ,10PPBC, 5, 7, 180, 178, 180, 179, 178, 179, 179, 178, 178, 179, 179, 178, 178, 177, 176, 177, 177, 178, 177, 180, 179, 179, 182, 182
2010,14131010,131,CH4 ,10PPBC, 5, 8, 187, 186, 183, 184, 185, 185, 193, 198, 190, 185, 186, 189, 187, 189, 186, 185, 184, 184, 183, 184, 184, 186, 184, 185
2010,14131010,131,CH4 ,10PPBC, 5, 9, 183, 184, 185, 188, 193, 191, 194, 189, 189, 192, 191, 187, 191, 189, 191, 188, 187, 189, 189, 190, 193, 203, 198, 199
2010,14131010,131,CH4 ,10PPBC, 5,10, 197, 193, 193, 191,9999,9999,9999,9999,9999,9999,9999,9999,9999,9999,9999,9999,9999,9999,9999,9999,9999,9999,9999,9999
2010,14131010,131,CH4 ,10PPBC, 5,11,9999,9999,9999,9999,9999,9999,9999,9999,9999,9999,9999,9999,9999, 196, 189, 207, 192, 193, 189, 186, 188, 206, 187, 188
2010,14131010,131,CH4 ,10PPBC, 5,12, 196, 191, 186, 186, 185, 185, 204, 193, 188, 191, 192, 184, 186, 192, 187, 185, 185, 188, 186, 185, 186, 187, 190, 187
2010,14131010,131,CH4 ,10PPBC, 5,13, 189, 186, 186, 186, 187, 186, 187, 188, 185, 187, 186,9999,9999, 188, 186, 188, 187, 184, 183, 185, 187, 186, 190, 187
2010,14131010,131,CH4 ,10PPBC, 5,14, 186, 185, 188, 184, 185, 187, 187, 186, 186, 189, 190, 192, 195, 189, 187, 187, 185, 186, 189, 187, 186, 186, 186, 187
2010,14131010,131,CH4 ,10PPBC, 5,15, 188, 189, 190, 187, 195, 207, 196, 197, 191, 189, 189, 186, 184, 184, 183, 185, 184, 187, 187, 188, 188, 187, 189, 187
2010,14131010,131,CH4 ,10PPBC, 5,16, 187, 192, 191, 191, 195, 193, 191, 191, 189, 186, 185, 184, 183, 182, 182, 181, 181, 181, 183, 185, 186, 187, 189, 189
2010,14131010,131,CH4 ,10PPBC, 5,17, 190, 193, 200, 203, 198, 194, 203, 193, 189, 190, 221, 208, 189, 189, 187, 184, 186, 184, 187, 184, 189, 188, 186, 188
2010,14131010,131,CH4 ,10PPBC, 5,18, 189, 189, 189, 193, 192, 192, 194, 185, 184, 183, 183, 183, 184, 183, 182, 181, 181, 182, 182, 183, 185, 183, 182, 182
2010,14131010,131,CH4 ,10PPBC, 5,19,9999,9999, 184, 182, 183, 183, 182, 181, 181, 181, 181, 182, 182, 183, 182, 183, 183, 184, 183, 183, 184, 183, 185, 183
2010,14131010,131,CH4 ,10PPBC, 5,20, 183, 183, 182, 182, 180, 184, 183, 183, 183, 181, 180,9999,9999, 183, 185, 190, 192, 203, 190, 193, 203, 190, 194, 189
2010,14131010,131,CH4 ,10PPBC, 5,21, 188, 189, 187, 190, 195, 195, 193, 190, 190, 190, 197, 209, 197, 188, 187, 184, 184, 186, 187, 189, 192, 193, 194, 194
2010,14131010,131,CH4 ,10PPBC, 5,22, 193, 193, 196, 209, 223, 201, 195, 193, 208, 227, 201, 189, 193, 194, 192, 194, 192, 191, 190, 188, 188, 189, 187, 188
2010,14131010,131,CH4 ,10PPBC, 5,23, 189, 199, 201, 195, 202, 195, 203, 196, 196, 198, 215, 197, 193, 191, 192, 189, 188, 186, 185, 186, 187, 187, 183, 183
2010,14131010,131,CH4 ,10PPBC, 5,24, 183, 185, 183, 191, 192, 196, 185, 186, 190, 185, 186, 185, 184, 192, 186, 187, 190, 197, 191, 191, 182, 181, 184, 183
2010,14131010,131,CH4 ,10PPBC, 5,25, 184, 184, 184, 185, 186, 188, 187, 186, 186, 184, 184, 185, 184, 184, 184, 184, 186, 188, 188, 189, 189, 189, 188, 187
2010,14131010,131,CH4 ,10PPBC, 5,26,9999,9999, 189, 190, 192, 194, 193, 197, 199, 191, 194, 193, 193, 189, 185, 204, 204, 196, 196, 204, 193, 205, 210, 186
2010,14131010,131,CH4 ,10PPBC, 5,27, 187, 185, 189, 191, 185, 188, 188, 190, 194, 191, 190, 190, 189, 186, 185, 187, 186, 187, 187, 188, 187, 188, 185, 189
2010,14131010,131,CH4 ,10PPBC, 5,28, 184, 186, 184, 184, 185, 184, 184, 186, 184, 190, 187,9999,9999, 185, 185, 187, 185, 185, 187, 187, 188, 184, 185, 185
2010,14131010,131,CH4 ,10PPBC, 5,29, 185, 187, 185, 184, 183, 183, 187, 207, 199, 199, 204, 210, 195, 189, 196, 193, 202, 204, 193, 199, 189, 193, 194, 188
2010,14131010,131,CH4 ,10PPBC, 5,30, 186, 183, 190, 187, 183, 186, 184, 187, 187, 187, 184, 189, 184, 192, 184, 185, 187, 185, 184, 185, 186, 185, 185, 185
2010,14131010,131,CH4 ,10PPBC, 5,31, 210, 225, 194, 231, 265, 205, 230, 205, 201, 196, 195, 189, 190, 189, 185, 187, 186, 184, 191, 187, 185, 186, 188, 190
2010,14131010,131,CH4 ,10PPBC, 6, 1, 185, 182, 199, 200, 198, 192, 196, 204, 214, 203, 193, 193, 187, 183, 185, 184, 186, 185, 187, 186, 186, 189, 188, 188
2010,14131010,131,CH4 ,10PPBC, 6, 2, 195, 190, 194, 214, 238, 223, 190, 192, 196, 208, 192, 190, 185, 187, 190, 186, 185, 184, 186, 185, 189, 192, 189, 190
2010,14131010,131,CH4 ,10PPBC, 6, 3,9999,9999, 219, 210, 210, 209, 194, 192, 196, 195, 186, 183, 182, 184, 182, 183, 183, 182, 185, 182, 181, 181, 182, 180
2010,14131010,131,CH4 ,10PPBC, 6, 4, 179, 184, 184, 187, 186, 189, 190, 187, 188, 184, 181,9999,9999,9999, 180, 179, 181, 180, 181, 183, 182, 182, 183, 183
2010,14131010,131,CH4 ,10PPBC, 6, 5, 187, 187, 186, 186, 188, 186, 189, 193, 190, 193, 192, 189, 192, 189, 185, 185, 188, 187, 185, 183, 184, 192, 196, 212
2010,14131010,131,CH4 ,10PPBC, 6, 6, 194, 197, 205, 199, 227, 192, 184, 195, 193, 202, 193, 195, 188, 187, 188, 185, 183, 183, 183, 182, 184, 185, 183, 184
2010,14131010,131,CH4 ,10PPBC, 6, 7, 184, 183, 183, 188, 193, 191, 192, 190, 188, 191, 203, 211, 190, 185, 184, 182, 185, 185, 183, 183, 183, 183, 182, 181
2010,14131010,131,CH4 ,10PPBC, 6, 8, 184, 194, 190, 183, 194, 205, 193, 200, 190, 190, 200, 194, 211, 206, 205, 202, 227, 193, 201, 201, 206, 196, 203, 211
2010,14131010,131,CH4 ,10PPBC, 6, 9, 187, 189, 191, 195, 188, 186, 195, 192, 199, 194, 201, 194, 209, 192, 206, 221, 201, 182, 186, 200, 202, 188, 197, 194
2010,14131010,131,CH4 ,10PPBC, 6,10,9999,9999, 192, 186, 196, 188, 193, 193, 193, 203,9999,9999, 194, 186, 191, 183, 184, 186, 185, 183, 186, 192, 184, 185
2010,14131010,131,CH4 ,10PPBC, 6,11, 201, 222, 189, 184, 193, 194, 196, 191, 206, 193, 188, 187, 191, 187, 189, 182, 183, 184, 186, 183, 182, 185, 182, 182
2010,14131010,131,CH4 ,10PPBC, 6,12, 182, 187, 187, 185, 185, 184, 186, 190, 184, 185, 183, 184, 181, 181, 181, 181, 179, 181, 179, 182, 181, 181, 182, 181
2010,14131010,131,CH4 ,10PPBC, 6,13, 180, 181, 179, 180, 181, 182, 181, 180, 180, 179, 178, 178, 179, 178, 180, 180, 180, 179, 180, 180, 180, 180, 182, 179
2010,14131010,131,CH4 ,10PPBC, 6,14, 183, 183, 185, 187, 198, 184, 186, 187, 201, 189, 190, 198, 202, 196, 186, 185, 183, 186, 183, 182, 183, 182, 182, 183
2010,14131010,131,CH4 ,10PPBC, 6,15, 184, 185, 188, 192, 191, 201, 206, 191, 191, 187, 185, 183, 183, 183, 183, 185, 187, 186, 185, 183, 183, 185, 184, 186
2010,14131010,131,CH4 ,10PPBC, 6,16,9999,9999, 190, 182, 172, 171, 171, 171, 171, 173, 174, 174, 177, 178, 184, 184, 185, 185, 186, 189, 190, 193, 190, 197
2010,14131010,131,CH4 ,10PPBC, 6,17, 193, 189, 194, 215, 214, 202, 206, 202, 198, 206, 185, 189, 186, 188, 195, 190, 186, 183, 184, 184, 185, 185, 184, 182
2010,14131010,131,CH4 ,10PPBC, 6,18, 183, 183, 183, 184, 184, 191, 202, 192, 194, 200, 199,9999,9999, 184, 176, 178, 181, 186, 193, 191, 188, 192, 185, 187
2010,14131010,131,CH4 ,10PPBC, 6,19, 195, 206, 177, 169, 169, 177, 186, 191, 186, 195, 198, 194, 186, 178, 181, 182, 181, 182, 183, 184, 184, 179, 173, 175
2010,14131010,131,CH4 ,10PPBC, 6,20, 173, 173, 174, 173, 174, 174, 192, 186, 178, 174, 175, 174, 176, 175, 174, 177, 176, 175, 176, 175, 174, 174, 172, 173
2010,14131010,131,CH4 ,10PPBC, 6,21, 173, 175, 172, 172, 174, 174, 175, 175, 175, 175, 174, 177, 174, 173, 174, 173, 175, 177, 180, 181, 185, 186, 189, 190
2010,14131010,131,CH4 ,10PPBC, 6,22, 186, 182, 181, 181, 183, 183, 188, 196, 195, 192, 188, 182, 179, 185, 182, 179, 176, 176, 179, 182, 179, 183, 180, 179
2010,14131010,131,CH4 ,10PPBC, 6,23, 180, 178, 179, 179, 177, 178, 177, 178, 176, 176, 173, 173, 173, 176, 181, 199, 188, 189, 188, 189, 181, 183, 187, 191
2010,14131010,131,CH4 ,10PPBC, 6,24,9999,9999, 191, 188, 193, 188, 188, 196, 193, 202,9999,9999, 206, 208, 195, 191, 193, 197, 196, 197, 197, 197, 196, 196
2010,14131010,131,CH4 ,10PPBC, 6,25, 196, 195, 197, 196, 198, 198, 203, 202, 196, 193, 194, 218, 208, 197, 195, 190, 187, 187, 182, 186, 186, 186, 188, 185
2010,14131010,131,CH4 ,10PPBC, 6,26, 186, 184, 197, 183, 185, 185, 179, 182, 177, 174, 177, 176, 175, 175, 175, 175, 176, 176, 175, 177, 176, 175, 176, 175
2010,14131010,131,CH4 ,10PPBC, 6,27, 177, 176, 175, 175, 174, 175, 175, 172, 173, 173, 175, 176, 175, 174, 173, 173, 172, 175, 173, 178, 177, 178, 178, 178
2010,14131010,131,CH4 ,10PPBC, 6,28, 179, 178, 186, 186, 183, 188, 194, 205, 188, 193, 198, 211, 205, 200, 189, 186, 188, 196, 191, 198, 194, 196, 194, 194
2010,14131010,131,CH4 ,10PPBC, 6,29, 243, 199, 193, 212, 209, 240, 248, 272, 253, 227, 192, 193, 187, 193, 182, 186, 184, 182, 202, 190, 185, 207, 236, 227
2010,14131010,131,CH4 ,10PPBC, 6,30,9999,9999, 197, 208, 191, 177, 179, 181, 200, 183, 190, 186, 187, 188, 189, 188, 194, 196, 212, 188, 201, 184, 211, 225
2010,14131010,131,CH4 ,10PPBC, 6,31,9998,9998,9998,9998,9998,9998,9998,9998,9998,9998,9998,9998,9998,9998,9998,9998,9998,9998,9998,9998,9998,9998,9998,9998
2010,14131010,131,CH4 ,10PPBC, 7, 1, 187, 186, 183, 185, 184, 182, 186, 181, 183, 186, 180, 179, 178, 176, 174, 178, 176, 175, 175, 178, 180, 181, 181, 182
2010,14131010,131,CH4 ,10PPBC, 7, 2, 188, 185, 187, 199, 197, 195, 189, 202, 276, 205,9999,9999, 180, 179, 177, 176, 176, 178, 177, 178, 179, 182, 180, 179
2010,14131010,131,CH4 ,10PPBC, 7, 3, 179, 180, 191, 204, 213, 216, 249, 228, 213, 196, 184, 183, 180, 181, 179, 179, 179, 179, 180, 182, 178, 175, 175, 177
2010,14131010,131,CH4 ,10PPBC, 7, 4, 176, 176, 178, 187, 199, 195, 184, 191, 190, 192, 197, 195, 192, 195, 192, 190, 186, 183, 184, 189, 186, 203, 216, 208
2010,14131010,131,CH4 ,10PPBC, 7, 5, 221, 201, 202, 197, 188, 194, 213, 189, 203, 199, 191, 192, 188, 184, 183, 181, 185, 188, 186, 187, 186, 189, 193, 186
2010,14131010,131,CH4 ,10PPBC, 7, 6, 202, 211, 191, 190, 193, 197, 194, 192, 218, 207, 190, 186, 191, 189, 185, 185, 187, 191, 195, 197, 198, 195, 197, 195
2010,14131010,131,CH4 ,10PPBC, 7, 7, 192, 192, 192, 192, 191, 194, 223, 203, 219, 204, 192, 211, 193, 189, 191, 190, 187, 186, 185, 187, 183, 184, 185, 184
2010,14131010,131,CH4 ,10PPBC, 7, 8,9999,9999, 191, 191, 197, 194, 196, 194, 195, 189, 186,9999, 183, 193, 187, 186, 187, 187, 182, 180, 182, 180, 182, 179
2010,14131010,131,CH4 ,10PPBC, 7, 9, 175, 176, 176, 178, 176, 183, 182, 195, 186, 190, 193, 191, 184, 180, 179, 178, 179, 180, 178, 178, 173, 173, 172, 173
2010,14131010,131,CH4 ,10PPBC, 7,10, 175, 175, 176, 179, 179, 181, 181, 178, 181, 183, 183, 179, 181, 180, 182, 181, 183, 181, 182, 183, 185, 184, 189, 189
2010,14131010,131,CH4 ,10PPBC, 7,11, 193, 203, 191, 197, 198, 197, 197, 199, 207, 206, 211, 192, 183, 180, 175, 174, 173, 174, 172, 172, 170, 171, 169, 169
2010,14131010,131,CH4 ,10PPBC, 7,12, 169, 169, 169, 169, 169, 170, 170, 171, 170, 171, 172, 173, 171, 172, 171, 171, 172, 172, 173, 172, 173, 173, 175, 174
2010,14131010,131,CH4 ,10PPBC, 7,13, 175, 176, 174, 176, 174, 181, 189, 205, 201, 202, 217, 204, 202, 201, 191, 196, 191, 191, 193, 206, 196, 194, 201, 217
2010,14131010,131,CH4 ,10PPBC, 7,14,9999,9999, 197, 216, 223, 202, 190, 173, 174, 173, 173, 172, 173, 173, 171, 172, 172, 172, 174, 175, 175, 174, 175, 173
2010,14131010,131,CH4 ,10PPBC, 7,15, 173, 175, 173, 175, 173, 174, 173, 174, 174, 173, 174, 172,9999,9999, 171, 172, 171, 172, 174, 174, 174, 174, 175, 174
2010,14131010,131,CH4 ,10PPBC, 7,16, 174, 173, 173, 174, 173, 172, 172, 171, 172, 173, 174, 173, 174, 174, 172, 174, 171, 172, 181, 175, 174, 176, 175, 175
2010,14131010,131,CH4 ,10PPBC, 7,17, 175, 175, 175, 176, 176, 176, 175, 172, 175, 173, 173, 172, 171, 173, 172, 171, 171, 172, 172, 173, 173, 176, 174, 174
2010,14131010,131,CH4 ,10PPBC, 7,18, 180, 175, 174, 175, 174, 175, 175, 173, 174, 172, 172, 172, 171, 169, 170, 171, 174, 172, 173, 173, 173, 173, 173, 174
2010,14131010,131,CH4 ,10PPBC, 7,19, 172, 172, 173, 175, 175, 174, 174, 175, 173, 175, 175, 173, 173, 173, 172, 172, 174, 174, 176, 178, 174, 176, 176, 177
2010,14131010,131,CH4 ,10PPBC, 7,20, 176, 177, 179, 181, 180, 183, 191, 189, 191, 200, 187, 188, 188, 178, 178, 177, 177, 178, 178, 176, 178, 177, 176, 175
2010,14131010,131,CH4 ,10PPBC, 7,21,9999,9999, 186, 184, 188, 188, 187, 193, 199, 221, 199, 191, 187, 191, 196, 182, 181, 177, 182, 183, 179, 180, 180, 183
2010,14131010,131,CH4 ,10PPBC, 7,22, 188, 181, 182, 182, 185, 185, 187, 187, 202, 198, 185, 182, 180, 176, 176, 179, 178, 178, 178, 176, 175, 173, 175, 174
2010,14131010,131,CH4 ,10PPBC, 7,23, 179, 185, 185, 187, 191, 205, 192, 193, 200, 199,9999,9999,9999, 201, 189, 185, 181, 178, 177, 177, 177, 177, 175, 177
2010,14131010,131,CH4 ,10PPBC, 7,24, 174, 176, 178, 183, 190, 188, 193, 188, 192, 190, 197, 199, 195, 191, 183, 182, 180, 180, 177, 181, 178, 178, 181, 180
2010,14131010,131,CH4 ,10PPBC, 7,25, 191, 180, 228, 194, 203, 187, 195, 187, 180, 181, 179, 179, 174, 172, 173, 173, 174, 178, 179, 179, 202, 192, 188, 204
2010,14131010,131,CH4 ,10PPBC, 7,26, 205, 184, 191, 184, 183, 183, 196, 187, 196, 201, 189, 178, 173, 176, 177, 174, 175, 177, 180, 175, 184, 182, 184, 180
2010,14131010,131,CH4 ,10PPBC, 7,27, 189, 184, 184, 180, 180, 185, 183, 182, 175, 173, 174, 172, 172, 174, 173, 174, 172, 172, 173, 174, 174, 175, 175, 176
2010,14131010,131,CH4 ,10PPBC, 7,28, 176, 177, 176, 178, 176, 175, 176, 174, 172, 174, 173, 173, 175, 174, 174, 174, 174, 176, 177, 175, 177, 177, 176, 176
2010,14131010,131,CH4 ,10PPBC, 7,29,9999,9999, 176, 177, 175, 177, 177, 176, 176, 177, 176, 176, 173, 177, 174, 173, 172, 173, 172, 172, 173, 172, 172, 172
2010,14131010,131,CH4 ,10PPBC, 7,30, 171, 171, 172, 173, 170, 171, 169, 171, 172, 174, 171,9999,9999, 171, 171, 177, 174, 172, 173, 175, 177, 181, 182, 181
2010,14131010,131,CH4 ,10PPBC, 7,31, 186, 238, 187, 194, 187, 186, 219, 242, 208, 202, 192, 178, 177, 175, 174, 176, 179, 180, 177, 178, 191, 180, 179, 178
2010,14131010,131,CH4 ,10PPBC, 8, 1, 177, 179, 183, 187, 181, 182, 182, 187, 183, 186, 180, 179, 176, 176, 178, 179, 179, 178, 176, 177, 173, 173, 175, 177
2010,14131010,131,CH4 ,10PPBC, 8, 2, 174, 173, 174, 171, 171, 173, 174, 172, 170, 170, 171, 172, 173, 171, 169, 176, 172, 173, 174, 173, 173, 175, 174, 173
2010,14131010,131,CH4 ,10PPBC, 8, 3, 172, 171, 171, 171, 172, 173, 172, 171, 176, 174, 173, 172, 172, 172, 171, 172, 175, 173, 173, 174, 172, 172, 171, 172
2010,14131010,131,CH4 ,10PPBC, 8, 4, 171, 171, 172, 171, 172, 173, 173, 172, 174, 174, 173, 172, 172, 173, 173, 172, 173, 172, 172, 173, 174, 172, 174, 175
2010,14131010,131,CH4 ,10PPBC, 8, 5,9999,9999, 171, 173, 173, 175, 175, 172, 171, 173, 172, 174,9999,9999, 168, 170, 170, 170, 172, 171, 171, 172, 172, 171
2010,14131010,131,CH4 ,10PPBC, 8, 6, 173, 172, 173, 172, 171, 174, 176, 175, 173, 172, 171, 174, 174, 173, 173, 171, 175, 175, 176, 175, 175, 174, 176, 176
2010,14131010,131,CH4 ,10PPBC, 8, 7, 177, 177, 176, 177, 178, 179, 181, 177, 178, 182, 185, 179, 176, 175, 177, 175, 173, 172, 173, 172, 172, 174, 172, 173
2010,14131010,131,CH4 ,10PPBC, 8, 8, 173, 173, 173, 174, 175, 178, 179, 176, 174, 174, 172, 172, 173, 173, 172, 173, 171, 171, 173, 174, 174, 172, 173, 171
2010,14131010,131,CH4 ,10PPBC, 8, 9, 173, 177, 176, 184, 190, 189, 195, 188, 176, 177, 176, 175, 173, 173, 172, 172, 170, 172, 171, 172, 174, 173, 172, 172
2010,14131010,131,CH4 ,10PPBC, 8,10, 170, 172, 172, 171, 172, 171, 171, 172, 173, 172, 171, 172, 175, 171, 170, 171, 171, 171, 172, 173, 173, 173, 173, 170
2010,14131010,131,CH4 ,10PPBC, 8,11,9999,9999, 169, 172, 171, 171, 171, 170, 170, 170, 170, 172, 170, 172, 168, 169, 171, 171, 171, 171, 171, 172, 171, 169
2010,14131010,131,CH4 ,10PPBC, 8,12, 170, 168, 169, 168, 169, 169, 170, 169, 168, 169, 169, 169, 170, 172, 172, 172, 172, 173, 173, 174, 175, 175, 177, 177
2010,14131010,131,CH4 ,10PPBC, 8,13, 177, 178, 178, 179, 182, 180, 182, 189, 184, 188,9999,9999, 187, 181, 182, 179, 180, 184, 187, 183, 212, 209, 199, 188
2010,14131010,131,CH4 ,10PPBC, 8,14, 227, 213, 199, 195, 189, 177, 174, 172, 173, 173, 175, 173, 173, 172, 172, 176, 175, 175, 175, 174, 173, 176, 176, 176
2010,14131010,131,CH4 ,10PPBC, 8,15, 176, 177, 175, 174, 173, 175, 173, 174, 176, 174, 173, 171, 174, 173, 175, 176, 179, 177, 176, 176, 175, 177, 176, 176
2010,14131010,131,CH4 ,10PPBC, 8,16, 178, 177, 182, 190, 191, 194, 196, 192, 192, 197, 187, 185, 190, 195, 184, 186, 184, 184, 182, 184, 186, 187, 185, 190
2010,14131010,131,CH4 ,10PPBC, 8,17, 193, 213, 207, 222, 204, 280, 289, 268, 214, 209, 199, 183, 181, 182, 180, 177, 177, 177, 180, 174, 176, 176, 191, 205
2010,14131010,131,CH4 ,10PPBC, 8,18, 181, 192, 217, 191, 187, 196, 211, 206, 190, 195, 191, 198, 187, 176, 178, 174, 175, 174, 176, 183, 187, 183, 180, 180
2010,14131010,131,CH4 ,10PPBC, 8,19,9999,9999, 206, 221, 217, 199, 196, 213, 192, 193, 202, 192, 195, 192, 179, 188, 180, 182, 185, 187, 185, 201, 205, 200
2010,14131010,131,CH4 ,10PPBC, 8,20, 206, 216, 208, 222, 216, 209, 222, 209, 201, 210, 209, 213, 203,9999,9999, 184, 184, 184, 188, 188, 185, 185, 184, 190
2010,14131010,131,CH4 ,10PPBC, 8,21, 187, 189, 223, 223, 194, 189, 189, 198, 194, 194, 193, 189, 185, 188, 188, 184, 182, 181, 183, 181, 183, 181, 179, 179
2010,14131010,131,CH4 ,10PPBC, 8,22, 181, 182, 181, 179, 180, 181, 179, 180, 178, 184, 180, 179, 177, 176, 177, 176, 176, 177, 179, 179, 179, 180, 181, 182
2010,14131010,131,CH4 ,10PPBC, 8,23, 181, 178, 177, 178, 181, 180, 183, 212, 200, 188, 186, 179, 178, 179, 176, 179, 177, 178, 180, 179, 180, 179, 177, 177
2010,14131010,131,CH4 ,10PPBC, 8,24, 176, 177, 178, 178, 179, 179, 179, 177, 178, 180, 179, 187, 177, 178, 176, 175, 175, 176, 177, 178, 177, 177, 179, 179
2010,14131010,131,CH4 ,10PPBC, 8,25, 178, 178, 178, 180, 183, 182, 187, 183, 178, 179, 178, 176, 180, 177, 176, 175, 176, 178, 178, 177, 178, 178, 178, 179
2010,14131010,131,CH4 ,10PPBC, 8,26,9999,9999, 186, 184, 184, 199, 190, 186, 178, 177,9999,9999, 177, 177, 177, 179, 179, 180, 181, 180, 180, 182, 180, 179
2010,14131010,131,CH4 ,10PPBC, 8,27, 180, 178, 180, 179, 181, 186, 192, 193, 211, 192, 212, 188, 182, 178, 176, 174, 176, 174, 172, 174, 176, 172, 174, 174
2010,14131010,131,CH4 ,10PPBC, 8,28, 173, 174, 172, 173, 175, 173, 174, 174, 175, 175, 174, 173, 175, 173, 174, 174, 173, 174, 173, 172, 174, 177, 175, 175
2010,14131010,131,CH4 ,10PPBC, 8,29, 177, 179, 176, 176, 180, 181, 182, 178, 176, 178, 177, 175, 174, 176, 175, 173, 174, 172, 173, 177, 172, 174, 176, 176
2010,14131010,131,CH4 ,10PPBC, 8,30, 181, 182, 188, 183, 187, 198, 203, 197, 211, 207, 195, 194, 185, 181, 182, 181, 176, 182, 174, 172, 173, 173, 173, 174
2010,14131010,131,CH4 ,10PPBC, 8,31, 176, 178, 179, 200, 215, 216, 213, 217, 202, 196, 200, 185, 180, 180, 181, 174, 174, 174, 174, 179, 177, 172, 173, 172
2010,14131010,131,CH4 ,10PPBC, 9, 1,9999,9999, 171, 171, 174, 178, 176, 174, 179, 176, 174, 174, 176, 176, 175, 172, 174, 178, 180, 180, 178, 178, 177, 176
2010,14131010,131,CH4 ,10PPBC, 9, 2, 176, 176, 181, 176, 178, 179, 181, 181, 190, 184, 183, 185, 181, 183, 180, 179, 179, 178, 179, 179, 178, 180, 180, 178
2010,14131010,131,CH4 ,10PPBC, 9, 3, 179, 179, 180, 180, 180, 184, 183, 185, 180, 179,9999,9999, 180, 179, 178, 177, 177, 179, 180, 181, 180, 180, 183, 184
2010,14131010,131,CH4 ,10PPBC, 9, 4, 182, 181, 187, 191, 185, 201, 200, 190, 194, 197, 190, 182, 181, 184, 181, 181, 179, 178, 177, 180, 180, 180, 179, 180
2010,14131010,131,CH4 ,10PPBC, 9, 5, 177, 193, 181, 180, 187, 179, 184, 181, 184, 177, 177, 175, 175, 174, 174, 175, 173, 174, 177, 175, 176, 176, 177, 174
2010,14131010,131,CH4 ,10PPBC, 9, 6, 173, 173, 175, 171, 170, 173, 172, 172, 172, 175, 174, 173, 174, 170, 171, 172, 173, 173, 175, 176, 177, 177, 176, 172
2010,14131010,131,CH4 ,10PPBC, 9, 7, 172, 172, 171, 171, 171, 170, 171, 171, 171, 172, 172, 172, 171, 172, 172, 172, 171, 171, 174, 173, 174, 174, 174, 175
2010,14131010,131,CH4 ,10PPBC, 9, 8, 177, 177, 179, 181, 181, 181, 197, 195, 206, 194, 187, 177, 174, 172, 172, 187, 192, 193, 188, 180, 180, 182, 179, 179
2010,14131010,131,CH4 ,10PPBC, 9, 9,9999,9999, 186, 184, 184, 183, 184, 188, 184, 192, 193, 189, 190, 183, 189, 180, 187, 183, 182, 191, 205, 225, 203, 203
2010,14131010,131,CH4 ,10PPBC, 9,10, 208, 207, 205, 247, 215, 222, 245, 199, 190, 194,9999,9999, 189, 188, 188, 184, 183, 183, 184, 186, 185, 186, 189, 187
2010,14131010,131,CH4 ,10PPBC, 9,11, 189, 193, 187, 192, 184, 186, 194, 191, 186, 184, 181, 193, 182, 182, 183, 180, 181, 182, 185, 187, 192, 191, 189, 188
2010,14131010,131,CH4 ,10PPBC, 9,12, 194, 202, 189, 194, 195, 195, 198, 213, 233, 206, 220, 220, 191, 188, 187, 185, 186, 186, 189, 186, 186, 189, 200, 187
2010,14131010,131,CH4 ,10PPBC, 9,13, 188, 186, 176, 181, 201, 192, 188, 191, 213, 208, 187, 191, 190, 195, 187, 183, 188, 183, 192, 187, 189, 190, 193, 195
2010,14131010,131,CH4 ,10PPBC, 9,14, 191, 204, 200, 201, 213, 202, 185, 189, 184, 182, 185, 184, 184, 183, 184, 183, 184, 184, 197, 185, 186, 184, 189, 206
2010,14131010,131,CH4 ,10PPBC, 9,15, 205, 197, 202, 195, 200, 195, 186, 190, 187, 191, 186, 199, 189, 190, 202, 196, 194, 192, 222, 196, 208, 196, 191, 189
2010,14131010,131,CH4 ,10PPBC, 9,16,9999,9999, 190, 188, 202, 187, 187, 186, 188, 185, 186, 188, 185, 187, 187, 189, 187, 191, 187, 194, 185, 185, 197, 199
2010,14131010,131,CH4 ,10PPBC, 9,17, 189, 189, 191, 196, 194, 200, 193, 202, 195, 215, 211,9999,9999, 188, 185, 198, 189, 186, 189, 192, 204, 194, 207, 265
2010,14131010,131,CH4 ,10PPBC, 9,18, 223, 218, 204, 193, 196, 202, 200, 191, 194, 190, 194, 193, 191, 187, 187, 185, 183, 187, 183, 186, 187, 185, 195, 229
2010,14131010,131,CH4 ,10PPBC, 9,19, 207, 205, 241, 213, 220, 197, 212, 213, 212, 197, 194, 185, 180, 181, 180, 181, 183, 183, 182, 182, 182, 183, 181, 182
2010,14131010,131,CH4 ,10PPBC, 9,20, 185, 183, 196, 211, 228, 186, 218, 205, 197, 194, 188, 192, 193, 197, 181, 183, 179, 185, 187, 186, 188, 188, 187, 189
2010,14131010,131,CH4 ,10PPBC, 9,21, 205, 201, 222, 194, 193, 192, 203, 215, 205, 212, 204, 206, 205, 207, 195, 191, 190, 191, 189, 197, 199, 193, 194, 196
2010,14131010,131,CH4 ,10PPBC, 9,22, 197, 200, 196, 194, 199, 194, 197, 191, 188, 190, 188, 185, 185, 186, 188, 185, 181, 181, 179, 183, 190, 199, 205, 202
2010,14131010,131,CH4 ,10PPBC, 9,23,9999,9999, 215, 198, 203, 197, 192, 200, 221, 197, 199, 193, 196, 190, 186, 194, 190, 190, 188, 190, 201, 191, 190, 201
2010,14131010,131,CH4 ,10PPBC, 9,24, 196, 193, 186, 191, 199, 189, 186, 188, 192, 195,9999,9999, 193, 188, 185, 199, 188, 186, 188, 186, 186, 188, 192, 190
2010,14131010,131,CH4 ,10PPBC, 9,25, 188, 185, 186, 185, 188, 188, 184, 185, 185, 183, 187, 184, 184, 184, 190, 196, 201, 207, 264, 235, 190, 195, 193, 198
2010,14131010,131,CH4 ,10PPBC, 9,26, 192, 194, 192, 192, 200, 191, 205, 199, 193, 191, 185, 194, 194, 188, 186, 185, 187, 191, 185, 190, 209, 213, 200, 209
2010,14131010,131,CH4 ,10PPBC, 9,27, 251, 225, 218, 230, 195, 191, 188, 187, 185, 182, 184, 184, 186, 183, 184, 183, 183, 182, 182, 183, 184, 189, 185, 185
2010,14131010,131,CH4 ,10PPBC, 9,28, 188, 192, 184, 183, 184, 186, 184, 186, 196, 196, 211, 201, 199, 189, 188, 189, 197, 197, 202, 216, 213, 227, 216, 204
2010,14131010,131,CH4 ,10PPBC, 9,29, 187, 188, 191, 187, 185, 186, 190, 187, 184, 186, 189, 192, 190, 192, 189, 187, 187, 188, 189, 188, 188, 210, 223,9999
2010,14131010,131,CH4 ,10PPBC, 9,30,9999,9999, 206, 191, 203, 205, 191, 191, 195, 192,9999,9999, 192, 199, 199, 194, 197, 196, 193, 210, 194, 197, 195, 189
2010,14131010,131,CH4 ,10PPBC, 9,31,9998,9998,9998,9998,9998,9998,9998,9998,9998,9998,9998,9998,9998,9998,9998,9998,9998,9998,9998,9998,9998,9998,9998,9998
2010,14131010,131,CH4 ,10PPBC,10, 1, 198, 206, 195, 188, 187, 199, 202, 189, 209, 196, 193, 187, 192, 184, 186, 182, 187, 189, 184, 190, 202, 205, 224, 209
2010,14131010,131,CH4 ,10PPBC,10, 2, 226, 206, 191, 198, 196, 195, 194, 196, 219, 214, 190, 196, 187, 184, 189, 190, 196, 190, 186, 189, 192, 195, 239, 206
2010,14131010,131,CH4 ,10PPBC,10, 3, 209, 191, 191, 193, 194, 193, 196, 195, 191, 190, 189, 186, 187, 186, 200, 187, 184, 183, 192, 203, 202, 206, 279, 224
2010,14131010,131,CH4 ,10PPBC,10, 4, 190, 254, 214, 223, 197, 221, 207, 190, 204, 196, 198, 201, 202, 275, 234, 197, 193, 195, 199, 196, 206, 191, 189, 191
2010,14131010,131,CH4 ,10PPBC,10, 5, 194, 199, 193, 187, 192, 199, 200, 207, 222, 201, 190, 194, 187, 185, 188, 192, 189, 186, 186, 187, 192, 187, 201,9999
2010,14131010,131,CH4 ,10PPBC,10, 6,9999,9999, 191, 192, 187, 188, 190, 193, 196, 200, 188, 191, 191, 193, 195, 192, 192, 215, 220, 229, 199, 195, 200, 195
2010,14131010,131,CH4 ,10PPBC,10, 7, 189, 188, 191, 190, 194, 193, 198, 199, 196, 189,9999,9999, 188, 188, 194, 191, 199, 192, 191, 195, 190, 195, 195, 193
2010,14131010,131,CH4 ,10PPBC,10, 8, 193, 193, 186, 186, 195, 192, 185, 193, 189, 192, 193, 193, 199, 188, 189, 185, 194, 192, 193, 197, 191, 205, 208, 212
2010,14131010,131,CH4 ,10PPBC,10, 9, 200, 187, 189, 187, 186, 186, 186, 186, 185, 186, 186, 186, 185, 189, 184, 188, 188, 186, 193, 184, 185, 186, 193, 186
2010,14131010,131,CH4 ,10PPBC,10,10, 186, 195, 188, 187, 185, 189, 183, 184, 186, 187, 187, 192, 197, 209, 204, 227, 205, 198, 200, 212, 229, 239, 272, 233
2010,14131010,131,CH4 ,10PPBC,10,11, 202, 207, 211, 200, 188, 185, 198, 193, 210, 197, 210, 181, 184, 193, 181, 182, 185, 185, 186, 186, 188, 188, 207, 199
2010,14131010,131,CH4 ,10PPBC,10,12, 220, 285, 278, 295, 356, 401, 209, 241, 183, 219, 202, 190, 213, 186, 190, 190, 185, 195, 191, 208, 224, 227, 214,9999
2010,14131010,131,CH4 ,10PPBC,10,13,9999,9999, 215, 202, 202, 201, 202, 202, 206, 194, 192, 207, 208, 198, 184, 186, 186, 186, 182, 186, 189, 193, 197, 205
2010,14131010,131,CH4 ,10PPBC,10,14, 195, 239, 253, 226, 193, 191, 190, 186, 194, 191, 207, 209,9999, 213, 206, 188, 195, 190, 190, 205, 204, 202, 190, 195
2010,14131010,131,CH4 ,10PPBC,10,15, 193, 188, 190, 195, 189, 200, 192, 202, 209, 189, 203, 192, 192, 187, 186, 190, 185, 189, 187, 186, 204, 200, 221, 212
2010,14131010,131,CH4 ,10PPBC,10,16, 228, 202, 188, 190, 189, 191, 189, 193, 189, 191, 201, 196, 187, 188, 185, 184, 185, 186, 186, 186, 197, 197, 198, 215
2010,14131010,131,CH4 ,10PPBC,10,17, 210, 199, 201, 189, 190, 189, 189, 189, 191, 193, 195, 193, 187, 191, 211, 190, 201, 196, 193, 192, 203, 245, 267, 190
2010,14131010,131,CH4 ,10PPBC,10,18, 191, 198, 198, 192, 199, 193, 192, 189, 191, 194, 199, 196, 196, 188, 190, 192, 185, 187, 186, 190, 218, 206, 189, 189
2010,14131010,131,CH4 ,10PPBC,10,19, 193, 186, 194, 188, 186, 186, 188, 196, 189, 188, 190, 190, 191, 186, 192, 189, 190, 197, 193, 201, 190, 202, 192,9999
2010,14131010,131,CH4 ,10PPBC,10,20,9999,9999, 190, 189, 195, 189, 189, 194, 193, 190, 205, 190, 189, 193, 192, 191, 192, 192, 191, 195, 194, 196, 193, 192
2010,14131010,131,CH4 ,10PPBC,10,21, 193, 189, 189, 191, 194, 199, 196, 197, 200, 193, 194, 195, 194, 199, 188, 190, 192, 217, 189, 192, 195, 191, 209, 191
2010,14131010,131,CH4 ,10PPBC,10,22, 192, 186, 187, 185, 185, 186, 185, 185, 191, 190, 184,9999,9999, 185, 189, 189, 191, 198, 191, 187, 192, 198, 199, 190
2010,14131010,131,CH4 ,10PPBC,10,23, 191, 188, 187, 186, 185, 187, 189, 190, 190, 186, 192, 185, 186, 192, 188, 196, 193, 186, 192, 190, 192, 229, 218, 206
2010,14131010,131,CH4 ,10PPBC,10,24, 197, 199, 196, 198, 198, 193, 200, 194, 193, 192, 193, 195, 195, 194, 193, 204, 200, 198, 198, 195, 188, 191, 190, 193
2010,14131010,131,CH4 ,10PPBC,10,25, 192, 191, 194, 188, 186, 185, 186, 188, 187, 191, 192, 198, 191, 188, 189, 213, 228, 215, 208, 196, 197, 201, 221, 221
2010,14131010,131,CH4 ,10PPBC,10,26, 194, 192, 193, 205, 225, 257, 308, 231, 202, 186, 211, 214, 212, 194, 196, 192, 187, 188, 185, 192, 187, 187, 186, 185
2010,14131010,131,CH4 ,10PPBC,10,27, 185, 185, 185, 185, 185, 184, 187, 186, 186, 186, 187, 186, 189, 189, 187, 187, 195, 187, 186, 189, 189, 189, 194, 189
2010,14131010,131,CH4 ,10PPBC,10,28,9999,9999, 188, 188, 186, 188, 188, 189, 189, 188,9999,9999,9999, 185, 185, 186, 187, 187, 186, 187, 187, 186, 187, 185
2010,14131010,131,CH4 ,10PPBC,10,29, 185, 187, 186, 186, 186, 188, 190, 190, 187, 186, 190, 202, 195, 192, 193, 192, 199, 197, 187, 186, 187, 187, 186, 188
2010,14131010,131,CH4 ,10PPBC,10,30, 190, 186, 185, 186, 185, 187, 185, 185, 187, 186, 186, 185, 186, 187, 185, 185, 184, 183, 185, 184, 184, 184, 183, 183
2010,14131010,131,CH4 ,10PPBC,10,31, 182, 183, 183, 184, 187, 184, 185, 185, 186, 185, 184, 188, 184, 183, 183, 183, 184, 185, 188, 185, 184, 191, 187, 187
2010,14131010,131,CH4 ,10PPBC,11, 1, 195, 201, 190, 185, 182, 181, 181, 182, 184, 183, 182, 184, 183, 186, 185, 183, 185, 184, 184, 187, 202, 210, 208, 198
2010,14131010,131,CH4 ,10PPBC,11, 2, 199, 198, 195, 188, 186, 184, 185, 184, 185, 185, 181, 184, 186, 185, 183, 180, 182, 184, 188, 190, 188, 190, 193, 187
2010,14131010,131,CH4 ,10PPBC,11, 3,9999,9999, 186, 188, 188, 188, 190, 190, 190, 187, 188, 187, 187, 189, 191, 190, 204, 185, 186, 187, 190, 188, 190, 191
2010,14131010,131,CH4 ,10PPBC,11, 4, 189, 187, 187, 187, 192, 187, 188, 188, 191, 194, 201,9999, 204, 241, 187, 204, 233, 252, 231, 275, 280, 256, 212, 200
2010,14131010,131,CH4 ,10PPBC,11, 5, 198, 196, 196, 195, 195, 194, 196, 198, 196, 198, 189, 187, 194, 193, 187, 185, 187, 191, 194, 207, 241, 223, 225, 207
2010,14131010,131,CH4 ,10PPBC,11, 6, 200, 201, 197, 196, 194, 193, 194, 194, 196, 196, 196, 189, 199, 199, 190, 187, 188, 189, 196, 205, 227, 213, 215, 208
2010,14131010,131,CH4 ,10PPBC,11, 7, 198, 195, 196, 191, 189, 187, 188, 189, 189, 192, 196, 189, 188, 189, 192, 191, 193, 199, 200, 200, 211, 227, 217, 211
2010,14131010,131,CH4 ,10PPBC,11, 8, 201, 204, 196, 189, 188, 189, 192, 192, 190,9999,9999,9999,9999,9999,9999,9999,9999,9999,9999,9999,9999,9999,9999,9999
2010,14131010,131,CH4 ,10PPBC,11, 9,9999,9999,9999,9999,9999,9999,9999,9999,9999,9999,9999,9999,9999,9999,9999,9999,9999,9999,9999,9999,9999,9999,9999,9999
2010,14131010,131,CH4 ,10PPBC,11,10,9999,9999,9999,9999,9999,9999,9999,9999,9999,9999,9999,9999,9999,9999,9999,9999,9999,9999,9999,9999,9999,9999,9999,9999
2010,14131010,131,CH4 ,10PPBC,11,11,9999,9999,9999,9999,9999,9999,9999,9999,9999,9999,9999,9999,9999,9999,9999,9999,9999,9999,9999,9999,9999,9999,9999,9999
2010,14131010,131,CH4 ,10PPBC,11,12,9999,9999,9999,9999,9999,9999,9999,9999,9999,9999,9999,9999,9999,9999,9999,9999,9999,9999,9999,9999,9999,9999,9999,9999
2010,14131010,131,CH4 ,10PPBC,11,13,9999,9999,9999,9999,9999,9999,9999,9999,9999,9999,9999,9999,9999,9999,9999,9999,9999,9999,9999,9999,9999,9999,9999,9999
2010,14131010,131,CH4 ,10PPBC,11,14,9999,9999,9999,9999,9999,9999,9999,9999,9999,9999,9999,9999,9999,9999,9999,9999,9999,9999,9999,9999,9999,9999,9999,9999
2010,14131010,131,CH4 ,10PPBC,11,15,9999,9999,9999,9999,9999,9999,9999,9999,9999,9999,9999,9999,9999,9999,9999,9999,9999,9999,9999,9999,9999,9999,9999,9999
2010,14131010,131,CH4 ,10PPBC,11,16,9999,9999,9999,9999,9999,9999,9999,9999,9999,9999, 189, 198, 198, 195, 188, 186, 186, 190, 186, 189, 221, 193, 190, 189
2010,14131010,131,CH4 ,10PPBC,11,17, 192, 194, 191, 190, 195, 190, 189, 187, 193, 190, 187, 188, 186, 187, 188, 186, 185, 186, 187, 188, 189, 189, 188, 189
2010,14131010,131,CH4 ,10PPBC,11,18, 190, 190, 192, 191, 189, 187, 189, 191, 192, 189,9999,9999, 185, 184, 185, 182, 185, 186, 186, 187, 188, 188, 188, 190
2010,14131010,131,CH4 ,10PPBC,11,19, 190, 192, 191, 189, 188, 186, 186, 188, 191, 194, 187, 187, 187, 187, 193, 188, 186, 195, 194, 248, 228, 203, 209, 207
2010,14131010,131,CH4 ,10PPBC,11,20, 200, 200, 193, 190, 188, 188, 188, 189, 191, 187, 189, 188, 187, 189, 195, 204, 216, 212, 215, 221, 214, 222, 208, 199
2010,14131010,131,CH4 ,10PPBC,11,21, 193, 193, 192, 192, 190, 190, 190, 191, 190, 190, 188, 189, 188, 186, 188, 187, 190, 196, 197, 196, 193, 200, 197, 206
2010,14131010,131,CH4 ,10PPBC,11,22, 200, 195, 194, 193, 193, 193, 193, 195, 199, 200, 198, 192, 192, 189, 190, 187, 187, 189, 188, 197, 189, 189, 190, 189
2010,14131010,131,CH4 ,10PPBC,11,23, 188, 185, 185, 189, 183, 180, 181, 182, 180, 182, 184, 183, 183, 186, 185, 185, 187, 189, 188, 186, 190, 188, 189, 190
2010,14131010,131,CH4 ,10PPBC,11,24,9999,9999, 185, 185, 187, 187, 189, 188, 187, 185, 186, 188, 193, 190, 190, 183, 184, 186, 187, 194, 215, 225, 268, 219
2010,14131010,131,CH4 ,10PPBC,11,25, 209, 211, 207, 199, 195, 195, 198, 198, 197, 195, 193,9999,9999, 207, 221, 203, 223, 196, 196, 196, 197, 195, 192, 193
2010,14131010,131,CH4 ,10PPBC,11,26, 196, 201, 198, 190, 190, 190, 192, 196, 197, 196, 201, 194, 189, 194, 226, 204, 203, 204, 198, 203, 195, 186, 187, 186
2010,14131010,131,CH4 ,10PPBC,11,27, 185, 185, 185, 185, 184, 184, 186, 186, 186, 186, 185, 188, 189, 194, 185, 184, 185, 185, 186, 187, 190, 202, 212, 210
2010,14131010,131,CH4 ,10PPBC,11,28, 215, 208, 204, 201, 199, 202, 205, 198, 200, 201, 195, 186, 187, 183, 183, 186, 187, 188, 190, 186, 192, 187, 189, 188
2010,14131010,131,CH4 ,10PPBC,11,29, 189, 189, 187, 185, 187, 188, 190, 193, 199, 191, 189, 189, 193, 187, 184, 185, 186, 189, 192, 193, 198, 200, 190, 190
2010,14131010,131,CH4 ,10PPBC,11,30, 191, 190, 190, 188, 189, 187, 189, 191, 189, 194, 194, 201, 195, 190, 188, 189, 193, 193, 195, 193, 194, 196, 197, 194
2010,14131010,131,CH4 ,10PPBC,11,31,9998,9998,9998,9998,9998,9998,9998,9998,9998,9998,9998,9998,9998,9998,9998,9998,9998,9998,9998,9998,9998,9998,9998,9998
2010,14131010,131,CH4 ,10PPBC,12, 1,9999,9999, 194, 195, 197, 199, 202, 203, 210, 285, 201, 190, 194, 232, 203, 191, 216, 218, 188, 207, 222, 207, 212, 203
2010,14131010,131,CH4 ,10PPBC,12, 2, 202, 202, 196, 194, 193, 193, 193, 196, 198, 195,9999,9999, 192, 195, 191, 191, 195, 195, 201, 204, 216, 223, 214, 201
2010,14131010,131,CH4 ,10PPBC,12, 3, 199, 197, 196, 195, 198, 189, 180, 183, 187, 178, 178, 181, 181, 181, 183, 181, 181, 181, 182, 186, 187, 189, 189, 188
2010,14131010,131,CH4 ,10PPBC,12, 4, 186, 186, 186, 186, 186, 186, 189, 205, 189, 190, 189, 187, 187, 186, 185, 190, 196, 187, 187, 187, 189, 190, 189, 188
2010,14131010,131,CH4 ,10PPBC,12, 5, 191, 191, 192, 193, 195, 195, 196, 198, 193, 197, 227, 230, 221, 221, 196, 191, 193, 198, 201, 210, 212, 369, 220, 207
2010,14131010,131,CH4 ,10PPBC,12, 6, 199, 196, 195, 195, 192, 191, 192, 192, 192, 192, 193, 210, 218, 196, 197, 192, 192, 193, 194, 193, 198, 212, 217, 206
2010,14131010,131,CH4 ,10PPBC,12, 7, 201, 201, 202, 200, 203, 207, 207, 204, 203, 197, 192, 190, 188, 187, 187, 189, 188, 187, 187, 188, 188, 185, 185, 184
2010,14131010,131,CH4 ,10PPBC,12, 8,9999,9999, 186, 186, 185, 185, 186, 195, 191, 189, 190, 186, 189, 189, 185, 185, 185, 195, 188, 186, 189, 190, 195, 198
2010,14131010,131,CH4 ,10PPBC,12, 9, 199, 196, 195, 192, 191, 191, 190, 190, 191, 195,9999,9999, 194, 193, 191, 219, 234, 206, 200, 200, 200, 202, 201, 194
2010,14131010,131,CH4 ,10PPBC,12,10, 190, 192, 190, 188, 189, 188, 190, 191, 193, 193, 190, 198, 194, 189, 188, 190, 191, 190, 191, 191, 189, 189, 192, 201
2010,14131010,131,CH4 ,10PPBC,12,11, 205, 211, 216, 205, 197, 195, 196, 198, 203, 193, 185, 186, 184, 184, 184, 184, 184, 186, 186, 188, 185, 188, 189, 193
2010,14131010,131,CH4 ,10PPBC,12,12, 200, 200, 196, 193, 192, 190, 189, 188, 188, 188, 187, 187, 187, 189, 191, 192, 200, 212, 189, 192, 196, 191, 188, 189
2010,14131010,131,CH4 ,10PPBC,12,13, 189, 189, 189, 189, 189, 189, 191, 191, 191, 191, 191, 191, 192, 191, 191, 190, 191, 191, 191, 191, 193, 195, 191, 195
2010,14131010,131,CH4 ,10PPBC,12,14, 198, 199, 193, 190, 188, 189, 190, 191, 196, 197, 195, 193, 190, 189, 197, 188, 188, 188, 191, 193, 201, 198, 191, 193
2010,14131010,131,CH4 ,10PPBC,12,15,9999,9999, 200, 202, 199, 200, 206, 199, 192, 191, 189, 190, 194, 203, 201, 201, 195, 194, 196, 194, 192, 191, 189, 192
2010,14131010,131,CH4 ,10PPBC,12,16, 191, 193, 198, 191, 189, 190, 191, 191, 193,9999,9999,9999,9999,9999,9999,9999,9999,9999,9999,9999,9999,9999,9999,9999
2010,14131010,131,CH4 ,10PPBC,12,17,9999,9999,9999,9999,9999,9999,9999,9999,9999,9999,9999,9999,9999,9999, 189, 188, 186, 192, 206, 239, 244, 239, 202, 205
2010,14131010,131,CH4 ,10PPBC,12,18, 209, 202, 196, 193, 192, 194, 197, 198, 199, 196, 190, 190, 190, 213, 205, 186, 186, 186, 187, 187, 187, 188, 188, 189
2010,14131010,131,CH4 ,10PPBC,12,19, 190, 188, 189, 188, 189, 192, 189, 189, 191, 193, 194, 192, 188, 193, 205, 195, 191, 201, 192, 196, 199, 199, 199, 196
2010,14131010,131,CH4 ,10PPBC,12,20, 195, 192, 190, 191, 191, 191, 191, 199, 200, 201, 196, 191, 185, 183, 202, 206, 210, 207, 208, 199, 194, 196, 196, 198
2010,14131010,131,CH4 ,10PPBC,12,21, 204, 365, 241, 197, 198, 199, 199, 199, 201, 196, 197, 195, 194, 194, 195, 193, 191, 191, 194, 193, 192, 189, 187, 188
2010,14131010,131,CH4 ,10PPBC,12,22, 188, 190, 194, 258, 217, 187, 182, 184, 186, 185, 187, 188, 188, 185, 182, 205, 242, 218, 194, 187, 187, 187, 188, 195
2010,14131010,131,CH4 ,10PPBC,12,23,9999,9999, 185, 182, 187, 186, 184, 184, 184, 184, 183, 183, 184, 184, 184, 183, 185, 188, 188, 195, 191, 193, 194, 195
2010,14131010,131,CH4 ,10PPBC,12,24, 195, 198, 199, 205, 211, 201, 201, 203, 199, 198,9999,9999, 186, 187, 186, 186, 185, 187, 189, 189, 189, 189, 188, 187
2010,14131010,131,CH4 ,10PPBC,12,25, 187, 188, 188, 191, 192, 189, 191, 185, 186, 185, 185, 186, 185, 184, 184, 185, 185, 186, 186, 186, 187, 186, 186, 185
2010,14131010,131,CH4 ,10PPBC,12,26, 185, 185, 186, 185, 184, 185, 184, 185, 187, 185, 185, 184, 184, 183, 183, 183, 184, 185, 186, 187, 186, 187, 188, 188
2010,14131010,131,CH4 ,10PPBC,12,27, 188, 191, 191, 191, 186, 187, 187, 191, 190, 189, 188, 187, 187, 186, 185, 184, 185, 188, 190, 195, 200, 207, 203, 204
2010,14131010,131,CH4 ,10PPBC,12,28, 197, 197, 202, 201, 201, 197, 205, 204, 210, 197, 191, 195, 193, 184, 184, 184, 184, 184, 185, 185, 189, 190, 188, 193
2010,14131010,131,CH4 ,10PPBC,12,29, 192, 194, 194, 188, 190, 193, 190, 191, 192, 192, 190, 187, 186, 184, 185, 185, 185, 185, 186, 187, 187, 187, 188, 189
2010,14131010,131,CH4 ,10PPBC,12,30,9999,9999, 189, 189, 188, 189, 193, 202, 189, 187, 188, 191, 193, 193, 199, 195, 191, 191, 189, 189, 192, 192, 194, 197
2010,14131010,131,CH4 ,10PPBC,12,31, 237, 223, 195, 192, 191, 190, 189, 192, 194, 193, 188, 186, 184, 185, 184, 185, 186, 186, 186, 189, 193, 193, 193, 193
2010,14131010,131,CH4 ,10PPBC, 1, 1, 197, 193, 195, 200, 204, 199, 206, 201, 197, 199, 194, 200, 187, 184, 184, 185, 186, 188, 188, 189, 193, 194, 192, 191
2010,14131010,131,CH4 ,10PPBC, 1, 2, 192, 192, 206, 190, 188, 187, 189, 199, 203, 197, 189, 187, 185, 185, 188, 192, 188, 185, 186, 187, 188, 189, 189, 188
2010,14131010,131,CH4 ,10PPBC, 1, 3, 190, 188, 186, 187, 187, 186, 188, 188, 189, 187, 187, 187, 187, 186, 191, 208, 191, 194, 190, 193, 199, 208, 214, 209
2010,14131010,131,CH4 ,10PPBC, 1, 4, 197, 191, 189, 187, 186, 187, 187, 189, 190, 187, 187, 185, 185, 184, 184, 183, 184, 186, 186, 186, 188, 187, 187, 188
2010,14131010,131,CH4 ,10PPBC, 1, 5,9999,9999, 192, 193, 190, 191, 192, 192, 196, 195, 188, 189, 189, 188, 186, 185, 185, 187, 186, 188, 188, 191, 194, 193
2010,14131010,131,CH4 ,10PPBC, 1, 6, 189, 186, 185, 184, 185, 184, 184, 185, 187, 186,9999,9999, 183, 183, 183, 184, 185, 184, 185, 186, 186, 187, 185, 187
2010,14131010,131,CH4 ,10PPBC, 1, 7, 185, 185, 184, 185, 184, 186, 186, 188, 188, 187, 187, 187, 185, 184, 185, 185, 185,9999,9999,9999,9999,9999,9999,9999
2010,14131010,131,CH4 ,10PPBC, 1, 8,9999,9999,9999,9999,9999,9999,9999,9999,9999,9999,9999,9999,9999,9999,9999,9999,9999,9999,9999,9999,9999,9999,9999,9999
2010,14131010,131,CH4 ,10PPBC, 1, 9,9999,9999,9999,9999,9999,9999,9999,9999,9999,9999,9999,9999,9999,9999,9999,9999,9999,9999,9999,9999,9999,9999,9999,9999
2010,14131010,131,CH4 ,10PPBC, 1,10,9999,9999,9999,9999,9999,9999,9999,9999,9999,9999,9999,9999,9999,9999,9999,9999,9999,9999,9999,9999,9999,9999,9999,9999
2010,14131010,131,CH4 ,10PPBC, 1,11,9999,9999,9999,9999,9999,9999,9999,9999,9999,9999,9999, 192, 194, 202, 196, 199, 191, 187, 207, 195, 191, 191, 188, 196
2010,14131010,131,CH4 ,10PPBC, 1,12,9999,9999, 193, 193, 195, 195, 194, 194, 197, 212, 200, 197, 196, 209, 217, 205, 205, 222, 211, 187, 187, 187, 188, 188
2010,14131010,131,CH4 ,10PPBC, 1,13, 188, 189, 188, 188, 188, 189, 189, 190, 192, 192, 192, 195, 194, 191, 209, 193, 188, 189, 191, 191, 191, 192, 189, 190
2010,14131010,131,CH4 ,10PPBC, 1,14, 191, 190, 192, 192, 192, 193, 198, 202, 208, 213,9999,9999,9999,9999,9999,9999,9999,9999,9999,9999,9999,9999,9999,9999
2010,14131010,131,CH4 ,10PPBC, 1,15,9999,9999,9999,9999,9999,9999,9999,9999,9999,9999,9999,9999,9999,9999,9999,9999,9999,9999,9999,9999,9999,9999,9999,9999
2010,14131010,131,CH4 ,10PPBC, 1,16,9999,9999,9999,9999,9999,9999,9999,9999,9999,9999,9999,9999,9999,9999,9999,9999,9999,9999,9999,9999,9999,9999,9999,9999
2010,14131010,131,CH4 ,10PPBC, 1,17,9999,9999,9999,9999,9999,9999,9999,9999,9999,9999,9999,9999,9999,9999,9999,9999,9999,9999,9999,9999,9999,9999,9999,9999
2010,14131010,131,CH4 ,10PPBC, 1,18,9999,9999,9999,9999,9999,9999,9999,9999,9999,9999,9999,9999,9999,9999,9999,9999,9999,9999,9999,9999,9999,9999,9999,9999
2010,14131010,131,CH4 ,10PPBC, 1,19,9999,9999,9999,9999,9999,9999,9999,9999,9999,9999,9999,9999,9999,9999,9999,9999,9999,9999,9999,9999,9999,9999,9999,9999
2010,14131010,131,CH4 ,10PPBC, 1,20,9999,9999,9999,9999,9999,9999,9999,9999,9999,9999,9999,9999,9999,9999,9999,9999,9999,9999,9999,9999,9999,9999,9999,9999
2010,14131010,131,CH4 ,10PPBC, 1,21,9999,9999,9999,9999,9999,9999,9999,9999,9999,9999,9999,9999,9999,9999,9999,9999,9999,9999,9999,9999,9999,9999,9999,9999
2010,14131010,131,CH4 ,10PPBC, 1,22,9999,9999,9999,9999,9999,9999,9999,9999,9999,9999,9999,9999,9999,9999,9999,9999,9999,9999,9999,9999,9999,9999,9999,9999
2010,14131010,131,CH4 ,10PPBC, 1,23,9999,9999,9999,9999,9999,9999,9999,9999,9999,9999,9999,9999,9999,9999,9999,9999,9999,9999,9999,9999,9999,9999,9999,9999
2010,14131010,131,CH4 ,10PPBC, 1,24,9999,9999,9999,9999,9999,9999,9999,9999,9999,9999,9999,9999,9999,9999,9999,9999,9999,9999,9999,9999,9999,9999,9999,9999
2010,14131010,131,CH4 ,10PPBC, 1,25,9999,9999,9999,9999,9999,9999,9999,9999,9999,9999,9999,9999,9999,9999,9999,9999,9999,9999,9999,9999,9999,9999,9999,9999
2010,14131010,131,CH4 ,10PPBC, 1,26,9999,9999,9999,9999,9999,9999,9999,9999,9999,9999,9999,9999,9999,9999,9999,9999,9999,9999,9999,9999,9999,9999,9999,9999
2010,14131010,131,CH4 ,10PPBC, 1,27,9999,9999,9999,9999,9999,9999,9999,9999,9999,9999,9999,9999,9999,9999,9999,9999,9999,9999,9999,9999,9999,9999,9999,9999
2010,14131010,131,CH4 ,10PPBC, 1,28,9999,9999,9999,9999,9999,9999,9999,9999,9999,9999,9999,9999,9999,9999,9999,9999,9999,9999,9999,9999,9999,9999,9999,9999
2010,14131010,131,CH4 ,10PPBC, 1,29,9999,9999,9999,9999,9999,9999,9999,9999,9999,9999,9999,9999,9999,9999,9999,9999,9999,9999,9999,9999,9999,9999,9999,9999
2010,14131010,131,CH4 ,10PPBC, 1,30,9999,9999,9999,9999,9999,9999,9999,9999,9999,9999,9999,9999,9999,9999,9999,9999,9999,9999,9999,9999,9999,9999,9999,9999
2010,14131010,131,CH4 ,10PPBC, 1,31,9999,9999,9999,9999,9999,9999,9999,9999,9999,9999,9999,9999,9999,9999,9999,9999,9999,9999,9999,9999,9999,9999,9999,9999
2010,14131010,131,CH4 ,10PPBC, 2, 1,9999,9999,9999,9999,9999,9999,9999,9999,9999,9999,9999,9999,9999,9999,9999,9999,9999,9999,9999,9999,9999,9999,9999,9999
2010,14131010,131,CH4 ,10PPBC, 2, 2,9999,9999,9999,9999,9999,9999,9999,9999,9999,9999,9999,9999,9999,9999,9999,9999,9999,9999,9999,9999,9999,9999,9999,9999
2010,14131010,131,CH4 ,10PPBC, 2, 3,9999,9999,9999,9999,9999,9999,9999,9999,9999,9999,9999,9999,9999,9999,9999,9999,9999,9999,9999,9999,9999,9999,9999,9999
2010,14131010,131,CH4 ,10PPBC, 2, 4,9999,9999,9999,9999,9999,9999,9999,9999,9999,9999,9999,9999,9999,9999,9999,9999,9999,9999,9999,9999,9999,9999,9999,9999
2010,14131010,131,CH4 ,10PPBC, 2, 5,9999,9999,9999,9999,9999,9999,9999,9999,9999,9999,9999,9999,9999,9999,9999,9999,9999,9999,9999,9999,9999,9999,9999,9999
2010,14131010,131,CH4 ,10PPBC, 2, 6,9999,9999,9999,9999,9999,9999,9999,9999,9999,9999,9999,9999,9999,9999,9999,9999,9999,9999,9999,9999,9999,9999,9999,9999
2010,14131010,131,CH4 ,10PPBC, 2, 7,9999,9999,9999,9999,9999,9999,9999,9999,9999,9999,9999,9999,9999,9999,9999,9999,9999,9999,9999,9999,9999,9999,9999,9999
2010,14131010,131,CH4 ,10PPBC, 2, 8,9999,9999,9999,9999,9999,9999,9999,9999,9999,9999,9999,9999,9999,9999,9999,9999,9999,9999,9999,9999,9999,9999,9999,9999
2010,14131010,131,CH4 ,10PPBC, 2, 9,9999,9999,9999,9999,9999,9999,9999,9999,9999,9999,9999,9999,9999,9999,9999,9999,9999,9999,9999,9999,9999,9999,9999,9999
2010,14131010,131,CH4 ,10PPBC, 2,10,9999,9999,9999,9999,9999,9999,9999,9999,9999,9999,9999,9999,9999,9999,9999,9999,9999,9999,9999,9999,9999,9999,9999,9999
2010,14131010,131,CH4 ,10PPBC, 2,11,9999,9999,9999,9999,9999,9999,9999,9999,9999,9999,9999,9999,9999,9999,9999,9999,9999,9999,9999,9999,9999,9999,9999,9999
2010,14131010,131,CH4 ,10PPBC, 2,12,9999,9999,9999,9999,9999,9999,9999,9999,9999,9999,9999,9999,9999,9999,9999,9999,9999,9999,9999,9999,9999,9999,9999,9999
2010,14131010,131,CH4 ,10PPBC, 2,13,9999,9999,9999,9999,9999,9999,9999,9999,9999,9999,9999,9999,9999,9999,9999,9999,9999,9999,9999,9999,9999,9999,9999,9999
2010,14131010,131,CH4 ,10PPBC, 2,14,9999,9999,9999,9999,9999,9999,9999,9999,9999,9999,9999,9999, 193, 190, 191, 189, 188, 189, 188, 191, 195, 195, 192, 192
2010,14131010,131,CH4 ,10PPBC, 2,15, 188, 187, 188, 187, 187, 187, 187, 189, 194, 191, 191, 188, 187, 186, 186, 185, 186, 186, 187, 193, 203, 196, 188, 187
2010,14131010,131,CH4 ,10PPBC, 2,16, 188, 187, 189, 187, 188, 188, 190, 192, 194, 193, 192, 198, 204, 194, 196, 189, 189, 192, 191, 195, 204, 204, 201, 202
2010,14131010,131,CH4 ,10PPBC, 2,17, 200, 199, 202, 203, 206, 204, 204, 205, 202, 202, 208, 237, 200, 195, 189, 183, 184, 184, 185, 191, 189, 190, 190, 189
2010,14131010,131,CH4 ,10PPBC, 2,18, 185, 181, 182, 181, 180, 179, 180, 185, 184,9999,9999,9999,9999, 183, 184, 185, 185, 186, 186, 186, 186, 187, 187, 187
2010,14131010,131,CH4 ,10PPBC, 2,19, 187, 188, 188, 187, 188, 187, 186, 188, 189, 189, 189, 193, 196, 192, 193, 190, 188, 190, 190, 190, 191, 212, 200, 192
2010,14131010,131,CH4 ,10PPBC, 2,20, 193, 195, 194, 192, 192, 190, 190, 190, 191, 194, 193, 194, 194, 193, 192, 192, 191, 190, 189, 201, 189, 189, 189, 188
2010,14131010,131,CH4 ,10PPBC, 2,21, 188, 188, 187, 188, 188, 188, 188, 189, 188, 189, 189, 188, 188, 195, 192, 190, 189, 193, 202, 199, 197, 189, 189, 188
2010,14131010,131,CH4 ,10PPBC, 2,22, 190, 189, 189, 188, 191, 191, 195, 200, 198, 188, 189, 190, 189, 189, 191, 189, 198, 200, 191, 191, 194, 194, 196, 200
2010,14131010,131,CH4 ,10PPBC, 2,23, 192, 190, 192, 191, 192, 193, 193, 195, 197, 194, 192, 190, 197, 195, 189, 186, 189, 191, 193, 194, 197, 196, 193, 244
2010,14131010,131,CH4 ,10PPBC, 2,24,9999,9999, 200, 190, 190, 191, 200, 212, 217, 234, 195, 202, 197, 193, 195, 188, 186, 188, 190, 187, 187, 186, 183, 184
2010,14131010,131,CH4 ,10PPBC, 2,25, 185, 184, 182, 183, 185, 183, 188, 182, 183, 182, 183,9999,9999,9999, 181, 182, 181, 183, 185, 187, 187, 186, 186, 186
2010,14131010,131,CH4 ,10PPBC, 2,26, 187, 186, 186, 186, 186, 187, 188, 188, 188, 189, 190, 189, 189, 194, 191, 193, 189, 191, 192, 192, 197, 195, 193, 191
2010,14131010,131,CH4 ,10PPBC, 2,27, 194, 195, 234, 206, 199, 197, 194, 195, 196, 197, 200, 195, 184, 185, 185, 184, 185, 186, 190, 190, 195, 196, 193, 196
2010,14131010,131,CH4 ,10PPBC, 2,28, 192, 192, 190, 189, 187, 187, 188, 188, 191, 189, 189, 189, 189, 188, 189, 189, 188, 188, 189, 189, 191, 191, 192, 190
2010,14131010,131,CH4 ,10PPBC, 2,29,9998,9998,9998,9998,9998,9998,9998,9998,9998,9998,9998,9998,9998,9998,9998,9998,9998,9998,9998,9998,9998,9998,9998,9998
2010,14131010,131,CH4 ,10PPBC, 2,30,9998,9998,9998,9998,9998,9998,9998,9998,9998,9998,9998,9998,9998,9998,9998,9998,9998,9998,9998,9998,9998,9998,9998,9998
2010,14131010,131,CH4 ,10PPBC, 2,31,9998,9998,9998,9998,9998,9998,9998,9998,9998,9998,9998,9998,9998,9998,9998,9998,9998,9998,9998,9998,9998,9998,9998,9998
2010,14131010,131,CH4 ,10PPBC, 3, 1, 188, 188, 190, 188, 190, 191, 189, 190, 192, 194, 195, 193, 210, 224, 235, 191, 220, 196, 192, 192, 192, 192, 192, 192
2010,14131010,131,CH4 ,10PPBC, 3, 2, 192, 193, 189, 192, 262, 190, 188, 188, 189, 189, 187, 187,9999,9999, 189, 191, 185, 184, 185, 186, 186, 187, 187, 186
2010,14131010,131,CH4 ,10PPBC, 3, 3, 187, 185, 187, 186, 185, 186, 187, 188, 187, 188,9999,9999, 195, 185, 186, 185, 185, 184, 186, 187, 186, 186, 186, 186
2010,14131010,131,CH4 ,10PPBC, 3, 4, 187, 187, 185, 186, 187, 187, 188, 191, 190, 189, 186, 185, 185, 186, 186, 186, 186, 187, 189, 189, 188, 189, 191, 190
2010,14131010,131,CH4 ,10PPBC, 3, 5, 190, 192, 191, 192, 195, 194, 192, 190, 189, 189, 188, 186, 188, 190, 189, 188, 187, 187, 188, 188, 193, 191, 195, 193
2010,14131010,131,CH4 ,10PPBC, 3, 6, 192, 192, 192, 192, 192, 190, 190, 193, 196, 200, 198, 252, 236, 251, 228, 207, 203, 207, 206, 211, 210, 203, 203, 208
2010,14131010,131,CH4 ,10PPBC, 3, 7, 195, 191, 188, 186, 186, 189, 190, 188, 187, 190, 193, 193, 193, 190, 191, 187, 185, 187, 187, 188, 189, 191, 197, 187
2010,14131010,131,CH4 ,10PPBC, 3, 8, 194, 189, 188, 192, 194, 195, 197, 201, 206, 196, 195, 192, 192, 193, 193, 191, 198, 190, 190, 191, 190, 199, 197, 203
2010,14131010,131,CH4 ,10PPBC, 3, 9,9999,9999, 191, 190, 191, 192, 191, 193, 209, 194, 189, 189, 189, 188, 186, 185, 185, 187, 190, 190, 190, 187, 186, 187
2010,14131010,131,CH4 ,10PPBC, 3,10, 187, 187, 188, 188, 187, 189, 190, 190, 190, 189, 188, 187, 187, 188, 191, 190, 189, 193, 201, 192, 189, 188, 190, 189
2010,14131010,131,CH4 ,10PPBC, 3,11, 196, 194, 192, 192, 192, 191, 190, 191, 190, 191,9999,9999,9999, 185, 185, 187, 185, 185, 186, 185, 185, 187, 187, 189
2010,14131010,131,CH4 ,10PPBC, 3,12, 189, 190, 193, 195, 199, 198, 199, 196, 194, 190, 188, 188, 188, 191, 189, 190, 188, 192, 193, 194, 192, 194, 200, 199
2010,14131010,131,CH4 ,10PPBC, 3,13, 198, 197, 195, 195, 195, 194, 196, 197, 196, 196, 197, 201, 198, 194, 193, 192, 191, 195, 190, 192, 191, 192, 194, 201
2010,14131010,131,CH4 ,10PPBC, 3,14, 195, 195, 197, 197, 200, 206, 213, 210, 187, 185, 184, 182, 181, 182, 182, 181, 182, 183, 183, 185, 184, 184, 187, 187
2010,14131010,131,CH4 ,10PPBC, 3,15, 190, 191, 189, 190, 188, 189, 185, 186, 187, 196, 192, 191, 192, 201, 208, 195, 186, 187, 189, 191, 192, 193, 197, 197
2010,14131010,131,CH4 ,10PPBC, 3,16, 215, 196, 184, 183, 185, 185, 199, 199, 187, 183, 188, 191, 187, 183, 183, 184, 184, 184, 185, 185, 186, 188, 186, 186
2010,14131010,131,CH4 ,10PPBC, 3,17,9999,9999, 187, 187, 188, 188, 189, 189, 189, 188, 187, 187, 187, 185, 186, 186, 187, 188,9999,9999,9999,9999, 188, 188
2010,14131010,131,CH4 ,10PPBC, 3,18, 187, 187, 188, 188, 189, 189, 190, 191, 190, 189, 188, 187, 192, 193, 192,9999,9999,9999,9999, 186, 188, 189, 190, 189
2010,14131010,131,CH4 ,10PPBC, 3,19, 187, 186, 187, 186, 186, 186, 187, 187, 190, 192, 186, 184, 185, 184, 184, 184, 185, 185, 191, 198, 199, 200, 190, 188
2010,14131010,131,CH4 ,10PPBC, 3,20, 190, 188, 188, 189, 189, 192, 194, 194, 194, 192, 193, 200, 187, 188, 189, 187, 187, 184, 186, 184, 184, 183, 182, 183
2010,14131010,131,CH4 ,10PPBC, 3,21, 182, 182, 182, 181, 182, 183, 191, 191, 192, 192, 192, 190, 188, 192, 208, 201, 194, 193, 192, 188, 187, 189, 199, 190
2010,14131010,131,CH4 ,10PPBC, 3,22, 189, 188, 187, 186, 187, 188, 188, 189, 189, 189, 187, 188, 189, 189, 190, 189, 190, 191, 192, 194, 193, 192, 190, 191
2010,14131010,131,CH4 ,10PPBC, 3,23, 190, 186, 189, 188, 189, 187, 189, 188, 188, 188, 189, 188, 189, 188, 188, 189, 188, 187, 190, 187, 192, 189, 187, 191
2010,14131010,131,CH4 ,10PPBC, 3,24,9999,9999, 186, 187, 193, 193, 190, 189, 187, 190, 197, 203, 189, 188, 189, 188, 188, 189, 189, 192, 192, 192, 194, 192
2010,14131010,131,CH4 ,10PPBC, 3,25, 192, 192, 193, 194, 197, 196, 200, 233, 197, 208, 200,9999,9999, 190, 185, 184, 184, 184, 185, 185, 185, 186, 185, 188
2010,14131010,131,CH4 ,10PPBC, 3,26, 188, 187, 188, 186, 186, 187, 186, 186, 186, 184, 185, 185, 185, 185, 185, 184, 184, 184, 184, 186, 186, 187, 185, 187
2010,14131010,131,CH4 ,10PPBC, 3,27, 187, 186, 186, 186, 186, 187, 186, 186, 185, 185, 185, 184, 186, 185, 187, 187, 189, 189, 191, 192, 192, 190, 189, 189
2010,14131010,131,CH4 ,10PPBC, 3,28, 187, 194, 189, 186, 187, 187, 188, 188, 187, 188, 189, 190, 187, 189, 188, 189, 186, 185, 186, 186, 186, 185, 187, 188
2010,14131010,131,CH4 ,10PPBC, 3,29, 189, 189, 188, 190, 190, 191, 191, 192, 192, 188, 196, 198, 191, 188, 187, 185, 185, 186, 186, 188, 190, 192, 191, 187
2010,14131010,131,CH4 ,10PPBC, 3,30, 189, 191, 193, 188, 189, 189, 190, 191, 191, 189, 188, 192, 187, 185, 187, 187, 185, 185, 187, 186, 191, 191, 185, 184
2010,14131010,131,CH4 ,10PPBC, 3,31,9999,9999, 185, 186, 188, 203, 200, 189, 188, 190,9999,9999, 190, 187, 186, 184, 186, 184, 185, 185, 186, 186, 186, 187
2010,14131020,131,CH4 ,10PPBC, 4, 1, 228, 224, 222, 216, 212, 212, 212, 326, 210, 196, 188, 189, 188, 187, 188, 187, 187, 187, 187, 187, 186, 187, 186, 185
2010,14131020,131,CH4 ,10PPBC, 4, 2, 186, 184, 184, 184, 184, 184, 183, 183, 183, 183, 183, 183, 187, 189, 191, 195, 188, 188, 190, 189, 190, 190, 190, 194
2010,14131020,131,CH4 ,10PPBC, 4, 3, 193, 193, 200, 190, 191, 191, 192, 193, 193, 191, 192, 192, 193, 191, 192, 191, 189, 190, 193, 194, 198, 193, 202, 196
2010,14131020,131,CH4 ,10PPBC, 4, 4, 196, 195, 196, 199, 200, 200, 198, 206, 203, 195, 215, 209, 200, 196, 199, 230, 224, 195, 196, 198, 198, 197, 196, 196
2010,14131020,131,CH4 ,10PPBC, 4, 5, 195, 194, 195, 195, 195, 195, 196, 197, 199, 201, 202, 202, 201, 202, 204, 205, 204, 202, 205, 208, 213, 212, 207, 206
2010,14131020,131,CH4 ,10PPBC, 4, 6, 208, 206, 199, 195, 222, 195, 191, 191, 190, 195, 195, 198, 196, 193, 191, 195, 188, 191, 191, 191, 189, 192, 196, 192
2010,14131020,131,CH4 ,10PPBC, 4, 7,9999,9999, 191, 190, 191, 205, 204, 201, 200, 202,9999,9999, 199, 196, 193, 192, 191, 192, 193, 193, 194, 196, 199, 196
2010,14131020,131,CH4 ,10PPBC, 4, 8, 196, 197, 196, 195, 195, 195, 197, 202, 196, 197, 198, 196, 194, 195, 195, 194, 196, 196, 196, 195, 196, 196, 207, 226
2010,14131020,131,CH4 ,10PPBC, 4, 9, 201, 199, 228, 200, 200, 198, 198, 200, 205, 222, 198, 196, 196, 196, 195, 194, 194, 194, 193, 195, 199, 198, 199, 201
2010,14131020,131,CH4 ,10PPBC, 4,10, 205, 204, 203, 203, 202, 198, 196, 196, 198, 200, 200, 205, 196, 195, 194, 192, 192, 192, 192, 192, 192, 191, 192, 195
2010,14131020,131,CH4 ,10PPBC, 4,11, 192, 192, 192, 192, 194, 197, 197, 195, 195, 196, 224, 211, 200, 199, 198, 196, 197, 197, 192, 191, 193, 193, 207, 195
2010,14131020,131,CH4 ,10PPBC, 4,12, 200, 193, 193, 196, 193, 195, 194, 193, 193, 195, 195, 194, 195, 195, 196, 196, 193, 194, 194, 195, 196, 196, 194, 193
2010,14131020,131,CH4 ,10PPBC, 4,13, 193, 191, 191, 191, 191, 190, 192, 194, 198, 197, 196, 194, 193, 190, 191, 190, 189, 188, 189, 188, 189, 188, 190, 196
2010,14131020,131,CH4 ,10PPBC, 4,14,9999,9999, 199, 193, 192, 192, 192, 192, 194, 193,9999,9999, 198, 194, 192, 194, 193, 193, 192, 194, 197, 194, 193, 194
2010,14131020,131,CH4 ,10PPBC, 4,15, 194, 193, 194, 192, 193, 193, 193, 193, 200, 208, 203, 226, 217, 201, 201, 193, 192, 194, 192, 199, 210, 208, 198, 197
2010,14131020,131,CH4 ,10PPBC, 4,16, 197, 195, 194, 195, 193, 194, 195, 199, 200, 196, 198, 196, 198, 194, 194, 197, 195, 196, 196, 195, 195, 195, 194, 194
2010,14131020,131,CH4 ,10PPBC, 4,17, 194, 195, 193, 193, 194, 193, 193, 194, 194, 194, 193, 194, 192, 193, 195, 192, 192, 194, 195, 197, 194, 197, 204, 200
2010,14131020,131,CH4 ,10PPBC, 4,18, 199, 198, 197, 273, 310, 217, 204, 218, 224, 214, 207, 207, 204, 197, 194, 194, 197, 195, 196, 195, 195, 196, 200, 201
2010,14131020,131,CH4 ,10PPBC, 4,19, 205, 209, 209, 206, 204, 204, 202, 203, 202, 218, 210, 200, 198, 197, 197, 195, 195, 193, 195, 197, 196, 195, 194, 193
2010,14131020,131,CH4 ,10PPBC, 4,20, 193, 192, 193, 192, 193, 193, 195, 203, 190, 188,9999,9999, 188, 189, 188, 191, 190, 190, 190, 194, 199, 202, 198, 200
2010,14131020,131,CH4 ,10PPBC, 4,21,9999,9999, 198, 196, 197, 199, 203, 199, 199, 197, 193, 209, 216, 206, 195, 197, 193, 191, 193, 192, 191, 193, 193, 193
2010,14131020,131,CH4 ,10PPBC, 4,22, 193, 193, 192, 193, 202, 210, 211, 202, 197, 197, 197, 196, 195, 195, 196, 194, 195, 195, 194, 194, 195, 196, 193, 193
2010,14131020,131,CH4 ,10PPBC, 4,23, 192, 193, 192, 193, 191, 192, 192, 194, 195, 195, 194, 193, 195, 195, 199, 286, 203, 232, 192, 192, 192, 223, 237, 197
2010,14131020,131,CH4 ,10PPBC, 4,24, 247, 228, 211, 255, 235, 219, 247, 213, 200, 195, 203, 198, 196, 193, 192, 193, 194, 193, 195, 197, 196, 196, 197, 200
2010,14131020,131,CH4 ,10PPBC, 4,25, 201, 198, 195, 196, 199, 202, 202, 200, 197, 199, 198, 195, 196, 194, 193, 193, 195, 194, 193, 194, 194, 197, 198, 196
2010,14131020,131,CH4 ,10PPBC, 4,26, 196, 201, 203, 206, 206, 204, 206, 201, 205, 205, 202, 200, 196, 196, 195, 197, 197, 198, 196, 195, 194, 194, 195, 194
2010,14131020,131,CH4 ,10PPBC, 4,27, 194, 202, 202, 197, 197, 198, 198, 199, 200, 200, 203, 225, 200, 196, 195, 193, 195, 193, 195, 196, 195, 194, 193, 193
2010,14131020,131,CH4 ,10PPBC, 4,28,9999,9999, 193, 191, 190, 189, 188, 191, 192, 198,9999,9999, 192, 192, 192, 192, 193, 193, 194, 194, 192, 194, 194, 194
2010,14131020,131,CH4 ,10PPBC, 4,29, 198, 196, 199, 197, 194, 190, 189, 189, 189, 188, 188, 187, 186, 187, 187, 187, 188, 188, 189, 190, 191, 193, 193, 192
2010,14131020,131,CH4 ,10PPBC, 4,30, 202, 204, 197, 195, 194, 194, 194, 193, 195, 208, 194, 195, 194, 192, 192, 190, 191, 191, 190, 191, 193, 194, 193, 194
2010,14131020,131,CH4 ,10PPBC, 4,31,9998,9998,9998,9998,9998,9998,9998,9998,9998,9998,9998,9998,9998,9998,9998,9998,9998,9998,9998,9998,9998,9998,9998,9998
2010,14131020,131,CH4 ,10PPBC, 5, 1, 193, 209, 199, 196, 198, 199, 194, 194, 196, 196, 195, 194, 193, 193, 191, 191, 191, 192, 194, 193, 192, 194, 196, 195
2010,14131020,131,CH4 ,10PPBC, 5, 2, 194, 199, 206, 198, 200, 204, 200, 198, 198, 201, 204, 200, 200, 195, 194, 193, 192, 194, 193, 196, 195, 194, 194, 192
2010,14131020,131,CH4 ,10PPBC, 5, 3, 196, 196, 201, 200, 204, 213, 209, 209, 237, 252, 221, 203, 194, 193, 190, 190, 190, 191, 191, 191, 191, 191, 191, 189
2010,14131020,131,CH4 ,10PPBC, 5, 4, 190, 189, 189, 190, 191, 191, 191, 192, 191, 193, 193, 192, 191, 192, 192, 192, 193, 191, 194, 194, 191, 198, 198, 196
2010,14131020,131,CH4 ,10PPBC, 5, 5,9999,9999, 191, 193, 194, 196, 196, 199, 199, 212, 219, 205, 199, 194, 193, 193, 191, 192, 192, 192, 194, 192, 191, 189
2010,14131020,131,CH4 ,10PPBC, 5, 6, 190, 189, 189, 189, 188, 189, 188, 186, 187, 186, 188, 188, 186, 188, 187, 186, 187, 189, 187, 186, 191, 190, 190, 191
2010,14131020,131,CH4 ,10PPBC, 5, 7, 188, 186, 191, 186, 186, 187, 189, 186, 185, 183, 184, 185, 184, 183, 182, 182, 181, 184, 182, 183, 184, 184, 184, 191
2010,14131020,131,CH4 ,10PPBC, 5, 8, 188, 190, 188, 187, 189, 190, 208, 193, 188, 190, 189, 190, 191, 191, 191, 191, 191, 190, 190, 192, 192, 189, 191, 191
2010,14131020,131,CH4 ,10PPBC, 5, 9, 188, 189, 189, 192, 196, 199, 197, 194, 200, 192, 197, 195, 196, 195, 195, 194, 192, 193, 194, 196, 195, 195, 191, 192
2010,14131020,131,CH4 ,10PPBC, 5,10, 216, 207, 206, 201, 194, 195, 194, 194, 195, 195,9999,9999, 199, 196, 194, 196, 193, 193, 193, 193, 193, 193, 191, 193
2010,14131020,131,CH4 ,10PPBC, 5,11, 191, 190, 190, 189, 189, 190, 190, 190, 194, 191, 193, 204, 223, 191, 196, 208, 189, 190, 188, 190, 190, 208, 202, 194
2010,14131020,131,CH4 ,10PPBC, 5,12,9999,9999, 193, 193, 191, 191, 193, 194, 192, 194,9999,9999, 191, 194, 192, 190, 190, 191, 191, 192, 192, 193, 193, 193
2010,14131020,131,CH4 ,10PPBC, 5,13, 193, 192, 192, 192, 192, 192, 192, 192, 192, 192, 194, 192, 192, 194, 193, 192, 192, 191, 192, 193, 193, 193, 193, 194
2010,14131020,131,CH4 ,10PPBC, 5,14, 194, 193, 193, 194, 192, 192, 192, 192, 194, 195, 197, 197, 195, 194, 193, 192, 193, 193, 193, 194, 194, 194, 194, 194
2010,14131020,131,CH4 ,10PPBC, 5,15, 192, 193, 192, 191, 192, 210, 220, 207, 197, 196, 193, 192, 193, 192, 192, 193, 192, 193, 194, 195, 196, 196, 194, 195
2010,14131020,131,CH4 ,10PPBC, 5,16, 197, 195, 200, 196, 199, 202, 200, 196, 196, 197, 194, 191, 191, 191, 191, 191, 192, 192, 192, 192, 191, 196, 197, 196
2010,14131020,131,CH4 ,10PPBC, 5,17, 199, 208, 205, 211, 214, 204, 203, 201, 196, 218, 234, 216, 200, 197, 197, 196, 194, 195, 193, 195, 197, 198, 196, 197
2010,14131020,131,CH4 ,10PPBC, 5,18, 195, 194, 195, 198, 202, 202, 203, 195, 192, 191,9999, 187, 188, 189, 188, 188, 186, 188, 187, 187, 186, 187, 187, 186
2010,14131020,131,CH4 ,10PPBC, 5,19,9999,9999, 185, 186, 187, 186, 186, 187, 187, 186, 185, 185, 185, 185, 186, 185, 185, 187, 188, 188, 187, 187, 187, 187
2010,14131020,131,CH4 ,10PPBC, 5,20, 188, 189, 191, 209, 211, 194, 207, 188, 187, 186, 185, 186, 186, 188, 189, 192, 200, 201, 195, 191, 193, 198, 195, 196
2010,14131020,131,CH4 ,10PPBC, 5,21, 194, 197, 201, 196, 202, 202, 196, 194, 193, 194,9999, 174, 197, 196, 195, 190, 189, 190, 191, 192, 195, 195, 195, 197
2010,14131020,131,CH4 ,10PPBC, 5,22, 198, 202, 203, 255, 229, 211, 198, 203, 208, 220, 199, 193, 194, 198, 198, 201, 200, 198, 196, 194, 196, 194, 195, 195
2010,14131020,131,CH4 ,10PPBC, 5,23, 195, 194, 194, 194, 192, 201, 202, 197, 198, 204, 202, 197, 194, 196, 195, 195, 191, 190, 190, 192, 193, 190, 189, 189
2010,14131020,131,CH4 ,10PPBC, 5,24, 187, 187, 188, 188, 187, 207, 191, 192, 193, 196, 196, 191, 189, 190, 192, 193, 192, 194, 193, 191, 178, 182, 186, 186
2010,14131020,131,CH4 ,10PPBC, 5,25, 186, 186, 187, 187, 186, 188, 189, 190, 189, 188, 187, 187, 188, 187, 187, 187, 189, 191, 191, 192, 192, 191, 190, 190
2010,14131020,131,CH4 ,10PPBC, 5,26,9999,9999, 192, 193, 193, 195, 199, 199, 198, 196,9999,9999, 191, 189, 198, 194, 192, 189, 189, 207, 198, 238, 193, 189
2010,14131020,131,CH4 ,10PPBC, 5,27, 189, 188, 189, 189, 190, 192, 192, 195, 197, 198, 198, 197, 194, 193, 193, 192, 192, 192, 192, 191, 194, 195, 192, 192
2010,14131020,131,CH4 ,10PPBC, 5,28, 191, 191, 190, 189, 190, 189, 190, 192, 191, 191, 192, 193, 192, 192, 192, 192, 193, 193, 194, 195, 195, 193, 194, 194
2010,14131020,131,CH4 ,10PPBC, 5,29, 194, 195, 192, 191, 192, 190, 190, 192, 216, 211, 195, 193, 192, 208, 201, 223, 201, 191, 192, 192, 207, 207, 210, 200
2010,14131020,131,CH4 ,10PPBC, 5,30, 199, 194, 194, 195, 192, 192, 193, 193, 192, 192, 192, 197, 203, 194, 190, 189, 190, 191, 192, 191, 192, 192, 192, 191
2010,14131020,131,CH4 ,10PPBC, 5,31, 251, 240, 208, 217, 255, 278, 195, 192, 195, 197, 195, 193, 193, 195, 193, 193, 192, 194, 194, 194, 194, 194, 194, 193
2010,14131020,131,CH4 ,10PPBC, 6, 1, 192, 191, 194, 222, 208, 203, 227, 254, 211, 204, 196, 195, 192, 191, 192, 193, 192, 193, 195, 198, 196, 196, 195, 196
2010,14131020,131,CH4 ,10PPBC, 6, 2,9999,9999, 187, 197, 240, 216, 189, 190, 195, 197, 192, 190, 189, 189, 191, 191, 190, 192, 193, 192, 196, 196, 196, 196
2010,14131020,131,CH4 ,10PPBC, 6, 3, 196, 192, 194, 194, 198, 198, 199, 196, 201, 196,9999,9999, 189, 190, 189, 188, 189, 188, 186, 188, 186, 186, 187, 186
2010,14131020,131,CH4 ,10PPBC, 6, 4, 187, 189, 189, 190, 193, 195, 192, 194, 189, 188, 186, 186, 186, 186, 186, 185, 184, 187, 186, 187, 186, 188, 190, 187
2010,14131020,131,CH4 ,10PPBC, 6, 5, 195, 194, 193, 192, 191, 195, 195, 201, 198, 194, 202, 192, 194, 187, 188, 189, 189, 188, 188, 188, 188, 189, 188, 199
2010,14131020,131,CH4 ,10PPBC, 6, 6, 194, 190, 191, 229, 230, 191, 188, 189, 190, 194, 192, 192, 192, 190, 191, 190, 188, 187, 188, 189, 191, 194, 192, 194
2010,14131020,131,CH4 ,10PPBC, 6, 7, 193, 192, 194, 199, 200, 200, 197, 194, 192, 197, 217, 208, 205, 197, 191, 190, 190, 192, 190, 191, 189, 189, 189, 190
2010,14131020,131,CH4 ,10PPBC, 6, 8, 189, 188, 190, 190, 191, 194, 193, 192, 189, 189, 190, 192, 197, 216, 212, 192, 195, 188, 192, 202, 208, 250, 233, 254
2010,14131020,131,CH4 ,10PPBC, 6, 9,9999,9999, 195, 192, 191, 192, 195, 197, 198, 203,9999,9999, 200, 222, 199, 200, 192, 187, 189, 196, 202, 204, 192, 194
2010,14131020,131,CH4 ,10PPBC, 6,10, 191, 192, 193, 193, 192, 192, 193, 191, 190, 191, 190, 190, 188, 186, 186, 186, 187, 191, 191, 189, 190, 191, 188, 190
2010,14131020,131,CH4 ,10PPBC, 6,11, 189, 192, 187, 187, 187, 187, 187, 188, 188, 189, 194, 190, 191, 193, 189, 189, 189, 189, 192, 189, 186, 187, 186, 187
2010,14131020,131,CH4 ,10PPBC, 6,12, 191, 192, 189, 188, 191, 191, 192, 196, 192, 193, 190, 186, 185, 185, 185, 186, 187, 189, 186, 185, 185, 185, 185, 185
2010,14131020,131,CH4 ,10PPBC, 6,13, 186, 185, 188, 186, 186, 185, 186, 184, 185, 185, 185, 186, 186, 185, 185, 187, 187, 186, 189, 188, 187, 187, 187, 187
2010,14131020,131,CH4 ,10PPBC, 6,14, 187, 188, 190, 190, 188, 187, 188, 188, 220, 202, 191, 191, 194, 196, 193, 188, 189, 187, 188, 188, 188, 189, 189, 188
2010,14131020,131,CH4 ,10PPBC, 6,15, 189, 191, 193, 194, 194, 194, 199, 196, 193, 193, 191, 189, 187, 188, 187, 190, 191, 190, 189, 187, 186, 190, 191, 191
2010,14131020,131,CH4 ,10PPBC, 6,16,9999,9999, 194, 189, 177, 175, 178, 176, 177, 177, 179, 179, 180, 184, 187, 187, 187, 192, 195, 198, 197, 197, 201, 205
2010,14131020,131,CH4 ,10PPBC, 6,17, 205, 204, 196, 194, 194, 222, 216, 196, 200, 190,9999,9999, 191, 195, 194, 192, 192, 191, 192, 191, 192, 191, 190, 188
2010,14131020,131,CH4 ,10PPBC, 6,18, 186, 188, 191, 189, 188, 193, 202, 201, 198, 200, 208, 197, 186, 188, 183, 182, 184, 183, 189, 196, 188, 190, 191, 194
2010,14131020,131,CH4 ,10PPBC, 6,19, 192, 192, 179, 177, 175, 182, 197, 193, 192, 196, 199, 198, 187, 182, 183, 185, 185, 186, 187, 185, 187, 183, 178, 178
2010,14131020,131,CH4 ,10PPBC, 6,20, 179, 179, 176, 178, 177, 179, 198, 192, 184, 178, 179, 179, 179, 179, 177, 180, 179, 179, 179, 180, 180, 180, 178, 177
2010,14131020,131,CH4 ,10PPBC, 6,21, 178, 179, 178, 179, 179, 179, 179, 178, 179, 179, 179, 180, 178, 177, 177, 177, 177, 180, 180, 187, 189, 188, 190, 192
2010,14131020,131,CH4 ,10PPBC, 6,22, 201, 192, 185, 184, 186, 186, 190, 200, 200, 195, 193, 188, 182, 184, 182, 180, 182, 185, 184, 186, 183, 185, 185, 187
2010,14131020,131,CH4 ,10PPBC, 6,23,9999,9999, 183, 185, 183, 184, 183, 180, 185, 181, 178,9999,9999, 178, 183, 294, 192, 188, 193, 192, 184, 188, 192, 197
2010,14131020,131,CH4 ,10PPBC, 6,24, 198, 198, 198, 196, 199, 196, 194, 197, 201, 202, 206, 208, 201, 198, 198, 196, 196, 202, 202, 202, 201, 202, 201, 204
2010,14131020,131,CH4 ,10PPBC, 6,25, 202, 204, 203, 208, 204, 203, 208, 210, 202, 200, 215, 223, 216, 205, 200, 199, 194, 192, 190, 192, 191, 191, 191, 191
2010,14131020,131,CH4 ,10PPBC, 6,26, 191, 191, 191, 191, 190, 191, 191, 188, 185, 183, 182, 182, 182, 182, 181, 181, 182, 183, 184, 182, 183, 183, 183, 183
2010,14131020,131,CH4 ,10PPBC, 6,27, 182, 182, 182, 182, 182, 182, 181, 181, 181, 181, 180, 180, 180, 180, 178, 178, 182, 181, 182, 182, 184, 183, 183, 187
2010,14131020,131,CH4 ,10PPBC, 6,28, 184, 185, 187, 187, 202, 201, 200, 201, 204, 204, 205, 207, 200, 193, 191, 191, 192, 193, 196, 199, 201, 200, 202, 204
2010,14131020,131,CH4 ,10PPBC, 6,29, 203, 203, 199, 199, 205, 208, 239, 268, 237, 196, 187, 191, 194, 195, 184, 181, 183, 184, 189, 194, 186, 189, 211, 228
2010,14131020,131,CH4 ,10PPBC, 6,30,9999,9999, 199, 192, 193, 184, 183, 188, 185, 185, 185, 184, 184, 185, 195, 189, 187,9999, 185, 188, 197, 191, 193, 192
2010,14131020,131,CH4 ,10PPBC, 6,31,9998,9998,9998,9998,9998,9998,9998,9998,9998,9998,9998,9998,9998,9998,9998,9998,9998,9998,9998,9998,9998,9998,9998,9998
2010,14131020,131,CH4 ,10PPBC, 7, 1, 192, 192, 190, 191, 186, 187, 186, 186, 186, 186, 185,9999,9999,9999, 182, 180, 180, 181, 182, 183, 186, 184, 185, 186
2010,14131020,131,CH4 ,10PPBC, 7, 2, 189, 191, 190, 191, 191, 195, 202, 234, 220, 202, 195, 192, 185, 180, 180, 180, 181, 180, 182, 181, 181, 183, 182, 183
2010,14131020,131,CH4 ,10PPBC, 7, 3, 183, 183, 185, 195, 202, 184, 257, 223, 214, 205, 188, 185, 185, 184, 183, 182, 182, 184, 184, 189, 187, 180, 178, 180
2010,14131020,131,CH4 ,10PPBC, 7, 4, 180, 179, 180, 179, 196, 209, 187, 192, 192, 190, 194, 199, 198, 196, 196, 192, 192, 188, 186, 188, 201, 194, 199, 201
2010,14131020,131,CH4 ,10PPBC, 7, 5, 200, 198, 194, 189, 189, 186, 188, 193, 202, 191, 190, 190, 188, 184, 184, 185, 187, 191, 189, 190, 195, 194, 196, 192
2010,14131020,131,CH4 ,10PPBC, 7, 6, 192, 192, 192, 193, 196, 195, 196, 214, 202, 204, 191, 193, 193, 190, 188, 190, 193, 195, 202, 203, 204, 204, 198, 195
2010,14131020,131,CH4 ,10PPBC, 7, 7,9999,9999, 197, 197, 195, 197, 210, 201, 210, 193,9999, 196, 199, 197, 197, 196, 194, 192, 191, 191, 189, 189, 190, 188
2010,14131020,131,CH4 ,10PPBC, 7, 8, 189, 191, 193, 195, 196, 200, 200, 201, 199, 195, 193, 188, 190, 193, 192, 194, 194, 194, 189, 185, 188, 187, 187, 185
2010,14131020,131,CH4 ,10PPBC, 7, 9, 183, 181, 182, 183, 183, 186, 187, 187, 188, 194, 194, 194, 188, 186, 185, 182, 183, 185, 184, 185, 180, 180, 182, 178
2010,14131020,131,CH4 ,10PPBC, 7,10, 180, 181, 185, 183, 185, 186, 185, 184, 186, 187, 187, 185, 185, 189, 186, 188, 188, 193, 193, 193, 189, 189, 192, 195
2010,14131020,131,CH4 ,10PPBC, 7,11, 201, 206, 199, 204, 205, 206, 206, 206, 205, 220, 226, 206, 196, 191, 185, 184, 181, 179, 178, 178, 178, 178, 178, 177
2010,14131020,131,CH4 ,10PPBC, 7,12, 177, 176, 176, 177, 176, 178, 177, 176, 177, 177, 177, 177, 176, 177, 178, 178, 176, 177, 176, 177, 178, 178, 179, 179
2010,14131020,131,CH4 ,10PPBC, 7,13, 178, 182, 182, 182, 180, 181, 189, 208, 201, 202, 200, 205, 200, 205, 186, 201, 198, 196, 196, 197, 199, 200, 204, 196
2010,14131020,131,CH4 ,10PPBC, 7,14,9999,9999, 209, 208, 210, 212, 189, 178, 177, 177, 176, 176, 177, 176, 176, 176, 176, 177, 177, 177, 178, 178, 176, 178
2010,14131020,131,CH4 ,10PPBC, 7,15, 178, 177, 178, 177, 178, 177, 178, 181, 179, 177, 177, 177, 176, 177, 177, 176, 177, 178, 178, 178, 178, 179, 180, 179
2010,14131020,131,CH4 ,10PPBC, 7,16, 179, 179, 178, 177, 178, 179, 178, 178, 178, 178, 179,9999,9999,9999, 179, 178, 179, 179, 179, 178, 182, 179, 180, 179
2010,14131020,131,CH4 ,10PPBC, 7,17, 179, 179, 178, 180, 179, 179, 180, 181, 183, 181, 180, 180, 180,9999,9999,9999,9999,9999,9999,9999,9999,9999,9999,9999
2010,14131020,131,CH4 ,10PPBC, 7,18,9999,9999,9999,9999,9999,9999,9999,9999,9999,9999,9999,9999,9999,9999,9999,9999,9999,9999,9999,9999,9999,9999,9999,9999
2010,14131020,131,CH4 ,10PPBC, 7,19,9999,9999,9999,9999,9999,9999,9999,9999,9999,9999,9999,9999,9999,9999,9999,9999,9999,9999,9999,9999,9999,9999,9999,9999
2010,14131020,131,CH4 ,10PPBC, 7,20,9999,9999,9999,9999,9999,9999,9999,9999,9999,9999,9999,9999,9999,9999, 184, 183, 182, 180, 183, 184, 184, 187, 188, 189
2010,14131020,131,CH4 ,10PPBC, 7,21,9999,9999, 191, 192, 191, 193, 193, 195, 198, 211, 201, 195, 191, 191, 191, 189, 188, 184, 185, 186, 187, 189, 189, 190
2010,14131020,131,CH4 ,10PPBC, 7,22, 192, 187, 190, 188, 194, 194, 193, 200, 195, 192, 186, 184, 182, 182, 183, 182, 180, 182, 181, 181, 180, 178, 180, 181
2010,14131020,131,CH4 ,10PPBC, 7,23, 179, 180, 188, 194, 192, 184, 192, 198, 203, 205, 207, 206, 203, 201, 196, 192, 186, 181, 181, 179, 180, 179, 181, 179
2010,14131020,131,CH4 ,10PPBC, 7,24, 180, 186, 186, 186, 192, 193, 194, 191, 192, 201, 210, 204, 201, 195, 187, 188, 185, 180, 181, 184, 183, 182, 185, 185
2010,14131020,131,CH4 ,10PPBC, 7,25, 184, 191, 184, 184, 187, 194, 197, 193, 187, 184, 180, 179, 178, 176, 179, 179, 179, 181, 183, 181, 183, 183, 183, 192
2010,14131020,131,CH4 ,10PPBC, 7,26, 198, 187, 187, 188, 187, 187, 189, 192, 198, 193, 192, 185, 178, 177, 177, 177, 178, 178, 177, 179, 183, 184, 188, 185
2010,14131020,131,CH4 ,10PPBC, 7,27, 186, 185, 183, 182, 180, 185, 187, 184, 179, 177, 176, 178, 179, 177, 176, 179, 175, 176, 177, 176, 177, 177, 178, 178
2010,14131020,131,CH4 ,10PPBC, 7,28,9999,9999, 180, 181, 179, 179, 179, 177, 177, 177, 176, 178, 178, 179, 179, 178, 179, 179, 180, 180, 179, 181, 179, 178
2010,14131020,131,CH4 ,10PPBC, 7,29, 180, 179, 182, 179, 180, 180, 181, 181, 180, 180,9999,9999, 179, 179, 178, 179, 178, 177, 178, 177, 176, 177, 177, 177
2010,14131020,131,CH4 ,10PPBC, 7,30, 176, 175, 176, 179, 179, 179, 178, 176, 176, 178, 176, 176, 178, 177,9999, 176, 176, 177, 178, 183, 193, 184, 186, 185
2010,14131020,131,CH4 ,10PPBC, 7,31, 186, 196, 202, 207, 216, 203, 196, 204, 203, 200, 193, 184, 180, 181, 179, 186, 186, 181, 184, 190, 189, 189, 186, 187
2010,14131020,131,CH4 ,10PPBC, 8, 1, 185, 185, 185, 186, 189, 187, 193, 192, 190, 192, 188, 182, 182, 183, 183, 185, 186, 183, 183, 183, 182, 178, 179, 180
2010,14131020,131,CH4 ,10PPBC, 8, 2, 180, 178, 179, 179, 179, 179, 184, 178, 180, 175, 175, 177, 175, 176, 175, 178, 177, 177, 177, 179, 179, 179, 181, 180
2010,14131020,131,CH4 ,10PPBC, 8, 3, 177, 177, 176, 178, 177, 179, 181, 181, 178, 177, 178, 178, 178, 177, 176, 177, 180, 180, 181, 182, 181, 180, 181, 179
2010,14131020,131,CH4 ,10PPBC, 8, 4,9999,9999, 177, 178, 179, 178, 179, 177, 178, 176,9999,9999, 177, 177, 179, 178, 177, 177, 176, 176, 175, 175, 176, 176
2010,14131020,131,CH4 ,10PPBC, 8, 5, 176, 176, 175, 176, 177, 176, 176, 177, 177, 177, 179, 181, 179, 176, 177, 177, 177, 178, 182, 182, 182, 180, 181, 177
2010,14131020,131,CH4 ,10PPBC, 8, 6, 176, 177, 177, 176, 176, 176, 179, 179, 180, 178, 177, 180, 179, 178, 179, 179, 180, 182, 183, 183, 182, 183, 187, 183
2010,14131020,131,CH4 ,10PPBC, 8, 7, 182, 182, 183, 183, 184, 184, 183, 182, 183, 187, 185, 184, 182, 182, 181, 180, 178, 177, 179, 179, 177, 177, 178, 178
2010,14131020,131,CH4 ,10PPBC, 8, 8, 179, 177, 179, 179, 180, 178, 180, 180, 179, 181, 180, 179, 178, 178, 177, 178, 176, 178, 178, 179, 178, 180, 176, 176
2010,14131020,131,CH4 ,10PPBC, 8, 9, 176, 178, 179, 183, 179, 186, 188, 182, 180, 183, 182, 182, 177, 176, 177, 177, 176, 177, 177, 178, 177, 177, 177, 178
2010,14131020,131,CH4 ,10PPBC, 8,10, 178, 178, 179, 178, 178, 176, 177, 176, 176, 177, 177, 177, 176, 176, 175, 177, 176, 176, 176, 178, 177, 178, 178, 177
2010,14131020,131,CH4 ,10PPBC, 8,11,9999,9999, 177, 175, 177, 176, 176, 175, 178, 176, 176, 176, 176, 176, 174, 174, 176, 175, 176, 174, 174, 174, 174, 174
2010,14131020,131,CH4 ,10PPBC, 8,12, 175, 174, 174, 174, 174, 177, 173, 173, 174, 173, 173,9999, 175, 176, 177, 178, 177, 177, 176, 176, 178, 178, 179, 182
2010,14131020,131,CH4 ,10PPBC, 8,13, 180, 178, 183, 184, 186, 187, 186, 186, 187, 190, 211, 196, 188, 186, 185, 183, 185, 185, 185, 186, 189, 191, 192, 189
2010,14131020,131,CH4 ,10PPBC, 8,14, 190, 197, 210, 201, 194, 180, 180, 179, 178, 178, 179, 179, 177, 177, 178, 179, 180, 180, 181, 180, 179, 180, 180, 179
2010,14131020,131,CH4 ,10PPBC, 8,15, 180, 178, 178, 179, 179, 179, 178, 180, 179, 179, 179, 177, 178, 179, 180, 182, 184, 180, 183, 186, 184, 184, 183, 179
2010,14131020,131,CH4 ,10PPBC, 8,16, 183, 184, 187, 192, 198, 197, 197, 200, 200, 195, 199, 195, 199, 200, 192, 192, 191, 190, 187, 186, 188, 190, 191, 192
2010,14131020,131,CH4 ,10PPBC, 8,17, 194, 192, 195, 192, 186, 256, 235, 231, 205, 212, 196, 190, 186, 184, 183, 183, 183, 184, 182, 184, 185, 184, 185, 185
2010,14131020,131,CH4 ,10PPBC, 8,18,9999,9999, 201, 198, 193, 194, 204, 199, 194, 199, 191, 190,9999,9999, 180, 179, 178, 180, 180, 182, 181, 182, 183, 182
2010,14131020,131,CH4 ,10PPBC, 8,19, 200, 201, 208, 219, 204, 208, 188, 195, 189, 187, 187, 200, 194, 188, 186, 185, 186, 186, 185, 185, 187, 189, 188, 189
2010,14131020,131,CH4 ,10PPBC, 8,20, 192, 196, 212, 212, 201, 210, 209, 217, 201, 198, 199, 202, 198, 196, 188, 188, 191, 189, 191, 191, 192, 191, 191, 190
2010,14131020,131,CH4 ,10PPBC, 8,21, 190, 189, 190, 189, 190, 195, 196, 194, 196, 196, 196, 194, 192, 191, 191, 189, 187, 184, 184, 185, 185, 184, 185, 185
2010,14131020,131,CH4 ,10PPBC, 8,22, 183, 185, 185, 184, 183, 183, 184, 186, 185, 190, 187, 186, 185, 184, 184, 185, 185, 185, 185, 183, 183, 183, 184, 186
2010,14131020,131,CH4 ,10PPBC, 8,23, 183, 184, 184, 184, 186, 186, 188, 188, 191, 189, 186, 185, 182, 186, 186, 184, 182, 183, 184, 184, 184, 185, 186, 184
2010,14131020,131,CH4 ,10PPBC, 8,24, 183, 182, 181, 181, 181, 182, 183, 182, 182, 184, 183, 184, 181, 181, 182, 180, 182, 181, 182, 182, 183, 184, 187, 184
2010,14131020,131,CH4 ,10PPBC, 8,25,9999,9999, 183, 185, 185, 185, 186, 186, 184, 184, 183, 182, 181,9999,9999,9999, 183, 184, 184, 183, 182, 183, 183, 183
2010,14131020,131,CH4 ,10PPBC, 8,26, 183, 186, 192, 191, 191, 191, 192, 194, 188, 184, 181, 182, 183, 183, 184, 184, 185, 186, 188, 187, 187, 184, 187, 185
2010,14131020,131,CH4 ,10PPBC, 8,27, 186, 185, 187, 187, 187, 188, 198, 202, 200, 199, 218, 202, 188, 184, 182, 182, 179, 178, 178, 178, 180, 178, 177, 178
2010,14131020,131,CH4 ,10PPBC, 8,28, 177, 178, 179, 177, 178, 178, 181, 181, 181, 180, 178, 178, 177, 178, 179, 178, 179, 178, 179, 178, 177, 177, 178, 178
2010,14131020,131,CH4 ,10PPBC, 8,29, 179, 179, 179, 183, 181, 182, 183, 183, 182, 184, 186, 184, 178, 176, 179, 178, 178, 178, 178, 179, 179, 180, 182, 186
2010,14131020,131,CH4 ,10PPBC, 8,30, 188, 190, 190, 194, 191, 199, 195, 192, 204, 197, 193, 189, 188, 185, 182, 185, 182, 178, 178, 177, 179, 179, 180, 183
2010,14131020,131,CH4 ,10PPBC, 8,31, 183, 179, 179, 182, 183, 182, 192, 221, 195, 195, 189, 186, 186, 186, 187, 182, 180, 180, 179, 183, 184, 179, 179, 187
2010,14131020,131,CH4 ,10PPBC, 9, 1,9999,9999, 177, 175, 178, 179, 181, 179, 179, 180, 177,9999,9999, 179, 177, 178, 179, 181, 182, 183, 183, 183, 182, 183
2010,14131020,131,CH4 ,10PPBC, 9, 2, 182, 183, 184, 183, 184, 184, 183, 185, 185, 184, 185, 190, 184, 183, 183, 183, 184, 183, 185, 185, 185, 182, 182, 182
2010,14131020,131,CH4 ,10PPBC, 9, 3, 182, 181, 181, 183, 184, 186, 187, 187, 183, 183, 182, 183, 181, 180, 179, 181, 182, 183, 183, 181, 180, 181, 181, 181
2010,14131020,131,CH4 ,10PPBC, 9, 4, 185, 186, 186, 186, 184, 184, 195, 192, 194, 194, 184, 184, 184, 184, 184, 183, 184, 183, 183, 184, 184, 185, 184, 185
2010,14131020,131,CH4 ,10PPBC, 9, 5, 184, 187, 185, 186, 186, 189, 191, 187, 190, 184, 181, 180, 181, 180, 180, 178, 179, 182, 182, 180, 181, 180, 180, 181
2010,14131020,131,CH4 ,10PPBC, 9, 6, 180, 179, 178, 178, 175, 174, 180, 175, 174, 176, 178, 176, 175, 173, 176, 178, 178, 178, 179, 179, 177, 178, 179, 175
2010,14131020,131,CH4 ,10PPBC, 9, 7, 174, 174, 175, 175, 173, 174, 173, 175, 174, 174, 174, 174, 174, 174, 173, 173, 174, 175, 176, 174, 176, 176, 176, 178
2010,14131020,131,CH4 ,10PPBC, 9, 8,9999,9999, 184, 186, 190, 187, 193, 195, 197, 194, 192, 182, 179,9999,9999, 184, 191, 200, 187, 186, 185, 185, 184, 185
2010,14131020,131,CH4 ,10PPBC, 9, 9, 186, 187, 187, 186, 187, 187, 188, 189, 189, 190, 190, 190, 189, 189, 187, 187, 187, 187, 188, 188, 217, 218, 198, 195
2010,14131020,131,CH4 ,10PPBC, 9,10, 211, 196, 212, 208, 200, 212, 212, 189, 190, 192, 195, 195, 193, 191, 189, 190, 190, 198, 191, 187, 187, 187, 187, 190
2010,14131020,131,CH4 ,10PPBC, 9,11, 190, 188, 197, 192, 193, 192, 193, 193, 197, 188, 189, 188, 188, 185, 184, 185, 186, 189, 188, 189, 187, 187, 187, 191
2010,14131020,131,CH4 ,10PPBC, 9,12, 195, 191, 201, 198, 205, 194, 195, 204, 199, 194, 212, 201, 187, 186, 186, 184, 184, 185, 188, 191, 189, 192, 195, 193
2010,14131020,131,CH4 ,10PPBC, 9,13, 193, 192, 183, 183, 197, 191, 195, 191, 193, 194, 194, 197, 190, 191, 187, 183, 183, 184, 188, 192, 189, 190, 195, 223
2010,14131020,131,CH4 ,10PPBC, 9,14, 191, 198, 195, 191, 189, 190, 185, 185, 184, 185, 186, 186, 187, 186, 189, 189, 189, 194, 193, 190, 188, 188, 187, 190
2010,14131020,131,CH4 ,10PPBC, 9,15,9999,9999, 207, 193, 192, 193, 194, 191, 191, 192, 191, 190,9999,9999, 187, 187, 191, 192, 202, 197, 193, 189, 190, 190
2010,14131020,131,CH4 ,10PPBC, 9,16, 192, 190, 192, 191, 192, 193, 190, 195, 205, 197, 189, 188, 188, 188, 188, 190, 190, 191, 189, 197, 192, 191, 191, 192
2010,14131020,131,CH4 ,10PPBC, 9,17, 195, 197, 196, 195, 194, 196, 201, 197, 203, 201, 200, 202, 200, 189, 191, 190, 190, 187, 188, 192, 195, 197, 243, 284
2010,14131020,131,CH4 ,10PPBC, 9,18, 279, 202, 197, 192, 195, 197, 196, 196, 195, 192, 191, 190, 186, 186, 184, 185, 186, 186, 187, 189, 188, 188, 188, 189
2010,14131020,131,CH4 ,10PPBC, 9,19, 187, 189, 278, 187, 186, 188, 194, 198, 197, 197, 197, 191, 186, 184, 184, 184, 185, 186, 186, 183, 187, 187, 187, 186
2010,14131020,131,CH4 ,10PPBC, 9,20, 187, 192, 189, 194, 192, 191, 191, 188, 189, 189, 190, 187, 195, 187, 185, 185, 185, 186, 187, 188, 191, 193, 192, 200
2010,14131020,131,CH4 ,10PPBC, 9,21, 210, 205, 202, 200, 196, 196, 196, 199, 208, 206, 214, 212, 206, 203, 203, 195, 190, 191, 193, 196, 195, 195, 197, 202
2010,14131020,131,CH4 ,10PPBC, 9,22,9999,9999, 205, 201, 200, 200, 198, 198, 195, 194, 192,9999,9999,9999, 186, 186, 186, 183, 185, 199, 189, 190, 190, 190
2010,14131020,131,CH4 ,10PPBC, 9,23, 207, 244, 219, 209, 222, 202, 202, 204, 212, 211, 195, 196, 193, 193, 190, 193, 194, 191, 192, 192, 193, 194, 192, 193
2010,14131020,131,CH4 ,10PPBC, 9,24, 193, 192, 194, 196, 194, 194, 192, 192, 192, 193, 194, 192, 193, 193, 193, 192, 191, 191, 192, 192, 192, 192, 193, 192
2010,14131020,131,CH4 ,10PPBC, 9,25, 192, 192, 190, 190, 190, 190, 190, 190, 189, 191, 190, 190, 189, 189, 190, 190, 191, 196, 209, 204, 198, 202, 196, 197
2010,14131020,131,CH4 ,10PPBC, 9,26, 206, 213, 208, 202, 201, 203, 207, 215, 196, 195, 196, 207, 199, 195, 197, 197, 196, 194, 194, 193, 214, 224, 194, 192
2010,14131020,131,CH4 ,10PPBC, 9,27, 219, 242, 208, 243, 222, 195, 193, 193, 192, 191, 191, 192, 191, 191, 191, 191, 192, 190, 190, 191, 192, 193, 195, 193
2010,14131020,131,CH4 ,10PPBC, 9,28, 194, 193, 192, 191, 190, 192, 197, 195, 195, 209, 291, 214, 209, 201, 195, 193, 194, 203, 205, 207, 216, 227, 228, 206
2010,14131020,131,CH4 ,10PPBC, 9,29,9999,9999, 193, 192, 189, 190, 191, 191, 191, 190,9999,9999, 192, 191, 193, 193, 192, 193, 194, 192, 191, 193, 209, 277
2010,14131020,131,CH4 ,10PPBC, 9,30, 204, 200, 196, 197, 197, 196, 196, 195, 194, 198, 196, 197, 200, 200, 200, 197, 195, 197, 198, 265, 205, 197, 197, 195
2010,14131020,131,CH4 ,10PPBC, 9,31,9998,9998,9998,9998,9998,9998,9998,9998,9998,9998,9998,9998,9998,9998,9998,9998,9998,9998,9998,9998,9998,9998,9998,9998
2010,14131020,131,CH4 ,10PPBC,10, 1, 192, 194, 194, 192, 191, 193, 195, 193, 192, 191, 191, 190, 190, 189, 190, 188, 187, 189, 189, 189, 191, 191, 232, 233
2010,14131020,131,CH4 ,10PPBC,10, 2, 300, 219, 193, 194, 196, 197, 200, 195, 210, 189, 189, 191, 194, 189, 188, 188, 188, 189, 189, 188, 188, 190, 228, 300
2010,14131020,131,CH4 ,10PPBC,10, 3, 206, 196, 198, 200, 200, 199, 207, 201, 196, 195, 193, 191, 188, 196, 201, 187, 186, 186, 189, 196, 239, 235, 269, 190
2010,14131020,131,CH4 ,10PPBC,10, 4, 188, 233, 282, 255, 242, 237, 274, 204, 199, 214, 211, 205, 240, 257, 218, 203, 199, 215, 201, 204, 202, 195, 194, 197
2010,14131020,131,CH4 ,10PPBC,10, 5, 197, 198, 199, 194, 192, 193, 195, 202, 195, 192, 192, 191, 191, 188, 190, 190, 191, 193, 190, 193, 193, 196, 198, 196
2010,14131020,131,CH4 ,10PPBC,10, 6,9999,9999, 198, 195, 194, 193, 193, 193, 194,9999,9999,9999, 190, 193, 188, 189, 190, 195, 220, 198, 212, 194, 197, 197
2010,14131020,131,CH4 ,10PPBC,10, 7, 196, 194, 193, 197, 199, 200, 201, 199, 196, 195, 196, 194, 194, 192, 193, 197, 196, 216, 205, 194, 194, 195, 198, 201
2010,14131020,131,CH4 ,10PPBC,10, 8, 198, 193, 192, 193, 195, 196, 195, 193, 193, 193, 195, 194, 191, 190, 190, 190, 190, 191, 191, 191, 191, 191, 221, 248
2010,14131020,131,CH4 ,10PPBC,10, 9, 213, 199, 196, 194, 192, 191, 191, 190, 192, 193, 198, 198, 194, 193, 193, 193, 200, 203, 200, 192, 192, 195, 196, 197
2010,14131020,131,CH4 ,10PPBC,10,10, 197, 199, 198, 197, 192, 190, 192, 193, 194, 195, 193, 193, 202, 198, 212, 202, 202, 198, 209, 218, 219, 228, 237, 284
2010,14131020,131,CH4 ,10PPBC,10,11, 260, 248, 248, 227, 197, 194, 204, 196, 201, 198, 206, 188, 186, 189, 187, 188, 190, 194, 195, 193, 194, 195, 196, 198
2010,14131020,131,CH4 ,10PPBC,10,12, 217, 285, 382, 567,9999, 452, 339, 243, 190, 189, 189, 198, 210, 192, 199, 196, 195, 202, 198, 205, 215, 220, 222, 244
2010,14131020,131,CH4 ,10PPBC,10,13,9999,9999, 228, 211, 212, 211, 211, 222, 232,9999,9999,9999,9999,9999,9999,9999,9999, 190, 192, 194, 198, 197, 195, 196
2010,14131020,131,CH4 ,10PPBC,10,14, 194, 239, 228, 238, 215, 197, 194, 194, 194, 198, 209, 190, 190, 199, 192, 189, 188, 189, 190, 222, 244, 214, 193, 193
2010,14131020,131,CH4 ,10PPBC,10,15, 193, 192, 194, 197, 193, 196, 194, 192, 193, 206, 204, 191, 191, 190, 191, 191, 191, 190, 192, 193, 199, 197, 206, 208
2010,14131020,131,CH4 ,10PPBC,10,16, 208, 206, 198, 196, 193, 193, 201, 194, 194, 193, 197, 200, 194, 193, 190, 191, 192, 193, 192, 194, 194, 195, 196, 218
2010,14131020,131,CH4 ,10PPBC,10,17, 203, 197, 199, 194, 198, 198, 195, 194, 195, 195, 195, 193, 192, 192, 192, 195, 214, 232, 202, 200, 208, 231, 226, 200
2010,14131020,131,CH4 ,10PPBC,10,18, 197, 196, 196, 194, 195, 200, 195, 196, 198, 197, 198, 192, 192, 190, 190, 190, 191, 190, 192, 191, 191, 217, 196, 194
2010,14131020,131,CH4 ,10PPBC,10,19, 193, 196, 193, 193, 193, 195, 196, 196, 196, 198, 196, 194, 193, 193, 193, 193, 200, 194, 194, 196, 197, 198, 197, 196
2010,14131020,131,CH4 ,10PPBC,10,20,9999,9999, 192, 192, 193, 191, 192, 196, 198, 194, 194, 195,9999,9999, 194, 197, 197, 196, 200, 200, 201, 207, 208, 203
2010,14131020,131,CH4 ,10PPBC,10,21, 201, 200, 198, 199, 196, 202, 201, 201, 202, 203, 200, 201, 195, 192, 192, 193, 191, 192, 192, 195, 196, 197, 199, 198
2010,14131020,131,CH4 ,10PPBC,10,22, 195, 193, 192, 192, 190, 189, 191, 193, 192, 192, 190, 190, 191, 196, 195, 198, 200, 199, 201, 195, 193, 192, 193, 202
2010,14131020,131,CH4 ,10PPBC,10,23, 196, 195, 194, 190, 192, 190, 191, 193, 193, 192, 190, 191, 190, 194, 193, 189, 190, 190, 189, 188, 190, 305, 348, 280
2010,14131020,131,CH4 ,10PPBC,10,24, 227, 207, 204, 206, 210, 204, 199, 200, 200, 201, 203, 202, 204, 199, 200, 200, 233, 209, 203, 198, 197, 200, 196, 200
2010,14131020,131,CH4 ,10PPBC,10,25, 199, 197, 196, 197, 194, 192, 190, 191, 193, 195, 231, 211, 198, 207, 208, 216, 218, 198, 194, 195, 196, 197, 259, 336
2010,14131020,131,CH4 ,10PPBC,10,26, 199, 204, 200, 329, 258, 248, 242, 201, 187, 187, 192, 228, 205, 187, 187, 190, 189, 191, 194, 194, 192, 191, 191, 190
2010,14131020,131,CH4 ,10PPBC,10,27,9999,9999, 190, 189, 190, 190, 190, 191, 192, 192, 193, 191, 190, 192, 192, 194, 191, 191, 190, 191, 191, 194, 198, 199
2010,14131020,131,CH4 ,10PPBC,10,28, 200,9999, 193, 193, 192, 193, 194, 194, 193, 192,9999,9999,9999,9999,9999,9999,9999,9999,9999,9999,9999,9999,9999,9999
2010,14131020,131,CH4 ,10PPBC,10,29, 190, 191, 190, 193, 190, 188, 190, 190, 190, 190, 193, 195, 190, 188, 188, 187, 195, 199, 196, 192, 209, 192, 201, 193
2010,14131020,131,CH4 ,10PPBC,10,30, 193, 190, 191, 191, 191, 193, 191, 190, 191, 192, 191, 191, 192, 190, 190, 189, 173, 188, 189, 189, 188, 188, 188, 188
2010,14131020,131,CH4 ,10PPBC,10,31, 189, 187, 192, 190, 187, 188, 191, 189, 190, 190, 190, 189, 188, 188, 188, 189, 189, 190, 189, 190, 191, 189, 190, 195
2010,14131020,131,CH4 ,10PPBC,11, 1, 299, 231, 189, 192, 186, 186, 187, 186, 189, 186, 185, 184, 184, 187, 186, 184, 185, 184, 185, 187, 195, 215, 214, 205
2010,14131020,131,CH4 ,10PPBC,11, 2, 207, 209, 202, 202, 192, 192, 207, 199, 199, 188,9999,9999, 190, 191, 187, 187, 187, 189, 193, 195, 195, 200, 198, 194
2010,14131020,131,CH4 ,10PPBC,11, 3,9999,9999, 192, 192, 192, 192, 193, 193, 193, 192, 192, 192, 192, 194, 199, 193, 193, 192, 193, 194, 195, 197, 198, 196
2010,14131020,131,CH4 ,10PPBC,11, 4, 195, 192, 192, 191, 195, 196, 194, 193, 196, 201, 204, 197, 280, 265, 193, 236, 226, 261, 306, 358, 421, 383, 229, 215
2010,14131020,131,CH4 ,10PPBC,11, 5, 215, 209, 212, 209, 209, 207, 211, 206, 219, 200, 197, 194, 197, 196, 192, 193, 192, 192, 208, 202, 211, 212, 236, 227
2010,14131020,131,CH4 ,10PPBC,11, 6, 218, 229, 212, 206, 205, 205, 208, 209, 208, 203, 197, 196, 216, 198, 194, 194, 196, 199, 202, 207, 206, 206, 252, 228
2010,14131020,131,CH4 ,10PPBC,11, 7, 215, 204, 199, 196, 195, 200, 199, 202, 200, 196, 195, 195, 197, 200, 202, 199, 199, 202, 212, 222, 220, 236, 240, 227
2010,14131020,131,CH4 ,10PPBC,11, 8, 216, 219, 203, 196, 196, 200, 204, 207, 199, 202, 206, 229, 199, 197, 197, 196, 196, 198, 200, 198, 197, 202, 207, 207
2010,14131020,131,CH4 ,10PPBC,11, 9, 215, 216, 213, 211, 214, 213, 191, 208, 198, 188, 187, 187, 186, 186, 186, 187, 188, 190, 193, 198, 198, 199, 195, 196
2010,14131020,131,CH4 ,10PPBC,11,10,9999,9999, 200, 203, 281, 336, 243, 237, 218, 209, 198,9999,9999, 191, 189, 189, 190, 192, 192, 193, 192, 198, 198, 198
2010,14131020,131,CH4 ,10PPBC,11,11, 204, 196, 194, 199, 203, 201, 203, 218, 219, 201, 193, 193, 196, 198, 196, 195, 194, 196, 199, 204, 204, 206, 223, 229
2010,14131020,131,CH4 ,10PPBC,11,12, 232, 228, 220, 225, 209, 207, 200, 206, 210, 208, 204, 205, 195, 191, 192, 195, 192, 193, 194, 199, 202, 208, 225, 223
2010,14131020,131,CH4 ,10PPBC,11,13, 218, 213, 201, 199, 206, 205, 198, 198, 217, 209, 200, 197, 198, 208, 196, 195, 194, 196, 226, 211, 202, 198, 206, 210
2010,14131020,131,CH4 ,10PPBC,11,14, 213, 206, 204, 203, 203, 202, 199, 200, 200, 206, 234, 214, 212, 211, 202, 199, 200, 211, 225, 226, 234, 302, 238, 235
2010,14131020,131,CH4 ,10PPBC,11,15, 231, 232, 228, 221, 211, 206, 207, 200, 195, 196, 196, 196, 195, 196, 212, 190, 195, 199, 194, 196, 201, 199, 195, 200
2010,14131020,131,CH4 ,10PPBC,11,16, 204, 199, 196, 201, 244, 265, 201, 216, 200, 196, 195, 205, 195, 197, 193, 192, 192, 193, 194, 195, 229, 205, 198, 198
2010,14131020,131,CH4 ,10PPBC,11,17,9999,9999, 194, 195, 196, 196, 193, 193, 195, 196,9999,9999, 191, 189, 190, 190, 191, 191, 192, 195, 196, 195, 194, 194
2010,14131020,131,CH4 ,10PPBC,11,18, 191, 194, 196, 197, 195, 194, 193, 195, 196, 194, 193, 192, 190, 190, 189, 189, 189, 191, 194, 194, 192, 193, 197, 199
2010,14131020,131,CH4 ,10PPBC,11,19, 196, 195, 202, 197, 192, 192, 193, 195, 197, 194, 194, 191, 193, 197, 198, 189, 188, 188, 189, 216, 290, 230, 220, 226
2010,14131020,131,CH4 ,10PPBC,11,20, 218, 216, 198, 195, 194, 195, 196, 197, 195, 194, 195, 193, 192, 207, 232, 230, 225, 200, 352, 235, 222, 239, 236, 211
2010,14131020,131,CH4 ,10PPBC,11,21, 201, 199, 198, 198, 198, 197, 196, 197, 195, 195, 193, 193, 192, 192, 192, 193, 194, 198, 200, 204, 218, 199, 228, 224
2010,14131020,131,CH4 ,10PPBC,11,22, 216, 206, 206, 199, 199, 202, 201, 202, 204, 204, 204, 205, 197, 195, 194, 194, 193, 192, 195, 196, 198, 197, 199, 197
2010,14131020,131,CH4 ,10PPBC,11,23, 196, 192, 190, 191, 189, 186, 186, 185, 184, 185, 186, 186, 188, 188, 188, 190, 199, 205, 196, 201, 204, 192, 195, 193
2010,14131020,131,CH4 ,10PPBC,11,24,9999,9999, 190, 191, 192, 192, 193, 175, 192, 190,9999,9999, 201, 196, 190, 187, 187, 188, 188, 187, 260, 312, 266, 289
2010,14131020,131,CH4 ,10PPBC,11,25, 219, 192, 215, 206, 200, 201, 203, 208, 201, 201, 199, 197, 195, 211, 207, 201, 199, 200, 203, 200, 172, 199, 197, 199
2010,14131020,131,CH4 ,10PPBC,11,26, 198, 200, 227, 194, 194, 192, 198, 199, 204, 198, 197, 195, 194, 203, 240, 193, 191, 226, 257, 232, 200, 189,9999, 190
2010,14131020,131,CH4 ,10PPBC,11,27, 188, 191, 189, 188, 187, 186, 188, 189, 190, 189, 188, 189, 200, 191, 186, 186, 187, 187, 188, 189, 189, 203, 210, 210
2010,14131020,131,CH4 ,10PPBC,11,28, 221, 217, 209, 206, 206, 207, 210, 208, 206, 197, 197, 187, 187, 186, 185, 186, 187, 188, 195, 189, 188, 189, 190, 190
2010,14131020,131,CH4 ,10PPBC,11,29, 190, 192, 191, 192, 192, 191, 196, 198, 195, 194,9999,9999, 196, 192, 188, 190, 191, 194, 195, 195, 202, 204, 196, 196
2010,14131020,131,CH4 ,10PPBC,11,30, 195, 194, 194, 194, 193, 192, 193, 195, 194, 203, 218, 203, 194, 193, 193, 193, 195, 196, 194, 198, 199, 201, 201, 200
2010,14131020,131,CH4 ,10PPBC,11,31,9998,9998,9998,9998,9998,9998,9998,9998,9998,9998,9998,9998,9998,9998,9998,9998,9998,9998,9998,9998,9998,9998,9998,9998
2010,14131020,131,CH4 ,10PPBC,12, 1,9999,9999, 199, 204, 206, 208, 211, 209, 211, 265, 208, 195, 205, 208, 195, 195, 250, 210, 192, 193, 284, 232, 217, 225
2010,14131020,131,CH4 ,10PPBC,12, 2, 225, 211, 206, 204, 200, 200, 200, 210, 205, 200, 200, 199, 203, 198, 197, 197, 206, 192, 257, 216, 434, 427, 256, 215
2010,14131020,131,CH4 ,10PPBC,12, 3, 208, 209, 207, 214, 223, 190, 185, 186, 192, 183, 183, 183, 184, 184, 184, 185, 185, 185, 185, 188, 189, 190, 191, 191
2010,14131020,131,CH4 ,10PPBC,12, 4, 190, 189, 190, 190, 192, 191, 192, 194, 195, 196, 194, 195, 192, 193, 195, 195, 198, 195, 193, 194, 195, 197, 198, 198
2010,14131020,131,CH4 ,10PPBC,12, 5, 206, 206, 206, 202, 204, 203, 201, 205, 200, 277, 252, 218, 228, 221, 195, 193, 196, 208, 206, 218, 230, 636, 293, 222
2010,14131020,131,CH4 ,10PPBC,12, 6, 213, 205, 207, 200, 198, 198, 202, 198, 199, 197, 195, 224, 215, 202, 199, 198, 198, 200, 196, 191, 199, 212, 226, 222
2010,14131020,131,CH4 ,10PPBC,12, 7, 220, 214, 214, 209, 211, 254, 381, 258, 201, 200, 201, 200, 192, 192, 192, 194, 193, 190, 191, 196, 190, 192, 191, 191
2010,14131020,131,CH4 ,10PPBC,12, 8,9999,9999, 192, 191, 190, 190, 191, 192, 195, 194,9999,9999, 189, 190, 190, 190, 190, 192, 195, 192, 193, 196, 200, 199
2010,14131020,131,CH4 ,10PPBC,12, 9, 201, 197, 198, 203, 197, 197, 200, 196, 196, 197, 197, 195, 196, 196, 198, 237, 222, 209, 213, 203, 201, 205, 211, 205
2010,14131020,131,CH4 ,10PPBC,12,10, 195, 199, 196, 194, 194, 193, 194, 195, 209, 199, 200, 204, 196, 193, 194, 196, 196, 198, 197, 196, 194, 194, 195, 198
2010,14131020,131,CH4 ,10PPBC,12,11, 207, 213, 222, 220, 208, 205, 206, 206, 211, 201, 191, 189, 189, 191, 189, 189, 188, 189, 190, 191, 189, 189, 189, 192
2010,14131020,131,CH4 ,10PPBC,12,12, 218, 214, 201, 200, 198, 197, 195, 194, 196, 194, 193, 193, 193, 196, 202, 211, 222, 255, 194, 194, 203, 203, 196, 194
2010,14131020,131,CH4 ,10PPBC,12,13, 195, 196, 196, 195, 194, 194, 195, 196, 197, 197, 197, 197, 198, 196, 196, 197, 198, 197, 197, 197, 199, 200, 200, 199
2010,14131020,131,CH4 ,10PPBC,12,14, 201, 209, 201, 194, 194, 194, 195, 194, 198, 200, 201, 196, 193, 219, 197, 191, 191, 192, 194, 195, 199, 203, 194, 195
2010,14131020,131,CH4 ,10PPBC,12,15,9999,9999, 211, 208, 207, 206, 208, 202, 194, 193,9999,9999, 200, 203, 198, 209, 194, 195, 192, 198, 198, 199, 196, 212
2010,14131020,131,CH4 ,10PPBC,12,16, 210, 210, 196, 204, 199, 198, 197, 195, 227, 240, 214, 214, 226, 241, 195, 219, 196, 212, 200, 199, 202, 202, 204, 205
2010,14131020,131,CH4 ,10PPBC,12,17, 203, 202, 200, 197, 197, 196, 195, 199, 198, 196, 194, 193, 194, 194, 194, 192, 192, 197, 211, 238, 241, 286, 230, 212
2010,14131020,131,CH4 ,10PPBC,12,18, 220, 218, 209, 203, 203, 204, 206, 208, 208, 204, 200, 196, 197, 227, 212, 198, 193, 194, 194, 194, 195, 197, 196, 196
2010,14131020,131,CH4 ,10PPBC,12,19, 197, 195, 197, 195, 196, 198, 198, 199, 198, 198, 200, 199, 196, 207, 204, 194, 194, 211, 200, 201, 210, 211, 216, 203
2010,14131020,131,CH4 ,10PPBC,12,20, 203, 201, 198, 200, 199, 202, 202, 204, 207, 208, 204, 196, 192, 189, 211, 240, 257, 251, 235, 209, 207, 202, 207, 221
2010,14131020,131,CH4 ,10PPBC,12,21, 328, 283, 232, 225, 216, 215, 214, 217, 210, 209, 204, 199, 202, 204, 205, 204, 201, 202, 204, 205, 201, 206, 200, 197
2010,14131020,131,CH4 ,10PPBC,12,22,9999,9999, 222, 349, 192, 200, 193, 192, 198, 193, 193,9999,9999,9999, 189, 212, 269, 291, 202, 201, 200, 195, 195, 199
2010,14131020,131,CH4 ,10PPBC,12,23, 204, 195, 206, 195, 193, 199, 192, 198, 192, 192, 192, 192, 192, 191, 191, 191, 192, 193, 195, 196, 196, 199, 203, 207
2010,14131020,131,CH4 ,10PPBC,12,24, 216, 213, 219, 211, 215, 209, 204, 207, 207, 199, 201, 193, 193, 194, 193, 193, 192, 194, 196, 196, 197, 197, 196, 196
2010,14131020,131,CH4 ,10PPBC,12,25, 196, 196, 198, 198, 199, 194, 195, 192, 192, 192, 192, 191, 191, 192, 190, 190, 191, 192, 192, 192, 191, 193, 191, 192
2010,14131020,131,CH4 ,10PPBC,12,26, 191, 191, 191, 191, 192, 191, 192, 192, 192, 192, 191, 191, 190, 190, 190, 190, 190, 192, 192, 192, 192, 193, 194, 195
2010,14131020,131,CH4 ,10PPBC,12,27, 195, 196, 199, 201, 196, 194, 193, 195, 195, 194, 193, 193, 194, 192, 193, 192, 193, 195, 198, 207, 224, 226, 224, 233
2010,14131020,131,CH4 ,10PPBC,12,28, 222, 213, 212, 216, 217, 213, 215, 218, 218, 212, 206, 210, 205, 194, 192, 192, 191, 192, 192, 193, 194, 195, 200, 201
2010,14131020,131,CH4 ,10PPBC,12,29,9999,9999, 204, 200, 202, 200, 203, 200, 206, 200, 200, 195, 195, 192, 193, 192, 193, 194, 194, 194, 194, 196, 197, 199
2010,14131020,131,CH4 ,10PPBC,12,30, 198, 198, 197, 197, 198, 197, 201, 201, 199, 196, 196, 197, 220, 235, 220, 206, 201, 198, 197, 197, 197, 199, 201, 255
2010,14131020,131,CH4 ,10PPBC,12,31, 324, 267, 206, 201, 200, 199, 198, 199, 203, 199, 195, 191, 191, 191, 190, 191, 194, 193, 196, 195, 198, 198, 199, 201
2010,14131020,131,CH4 ,10PPBC, 1, 1, 205, 205, 207, 210, 214, 210, 209, 207, 214, 207, 203, 210, 194, 194, 191, 192, 194, 195, 194, 202, 211, 214, 207, 198
2010,14131020,131,CH4 ,10PPBC, 1, 2, 197, 215, 235, 212, 203, 196, 196, 199, 208, 196, 197, 196, 194, 195, 198, 198, 194, 194, 196, 197, 198, 204, 208, 200
2010,14131020,131,CH4 ,10PPBC, 1, 3, 199, 198, 195, 194, 196, 196, 197, 197, 199, 198, 196, 196, 197, 200, 216, 224, 220, 221, 200, 206, 205, 206, 219, 228
2010,14131020,131,CH4 ,10PPBC, 1, 4, 211, 201, 197, 196, 194, 193, 194, 194, 195, 195, 193, 194, 193, 193, 192, 192, 192, 193, 194, 194, 199, 196, 196, 202
2010,14131020,131,CH4 ,10PPBC, 1, 5,9999,9999, 196, 201, 214, 202, 200, 201, 205, 201,9999,9999, 193, 191, 190, 190, 189, 190, 190, 191, 192, 193, 196, 197
2010,14131020,131,CH4 ,10PPBC, 1, 6, 192, 190, 188, 188, 188, 191, 190, 191, 190, 190, 191, 189, 191, 190, 190, 190, 189, 191, 191, 191, 192, 192, 192, 192
2010,14131020,131,CH4 ,10PPBC, 1, 7, 191, 190, 193, 190, 191, 191, 192, 193,9999,9999,9999, 191, 191, 190, 190, 190, 191, 191, 194, 192, 193, 193, 192, 192
2010,14131020,131,CH4 ,10PPBC, 1, 8, 193, 194, 195, 194, 197, 202, 201, 200, 206, 208, 205, 196, 196, 202, 195, 192, 191, 190, 191, 197, 194, 195, 209, 212
2010,14131020,131,CH4 ,10PPBC, 1, 9, 215, 205, 204, 206, 208, 204, 200, 209, 200, 197, 191, 190, 188, 192, 206, 225, 262, 226, 206, 192, 191, 190, 193, 193
2010,14131020,131,CH4 ,10PPBC, 1,10, 191, 191, 192, 192, 192, 192, 192, 194, 193, 192, 193, 191, 192, 193, 192, 192, 192, 193, 193, 194, 195, 195, 193, 193
2010,14131020,131,CH4 ,10PPBC, 1,11, 192, 192, 193, 192, 192, 192, 192, 195, 195,9999,9999,9999,9999,9999,9999,9999,9999,9999,9999,9999,9999,9999,9999,9999
2010,14131020,131,CH4 ,10PPBC, 1,12,9999,9999,9999,9999,9999,9999,9999,9999,9999,9999,9999,9999,9999,9999,9999,9999,9999,9999,9999,9999,9999,9999,9999,9999
2010,14131020,131,CH4 ,10PPBC, 1,13,9999,9999,9999,9999,9999,9999,9999,9999,9999,9999,9999,9999,9999,9999,9999,9999,9999,9999,9999,9999,9999,9999,9999,9999
2010,14131020,131,CH4 ,10PPBC, 1,14,9999,9999,9999,9999,9999,9999,9999,9999,9999,9999,9999,9999, 199, 194, 194, 194, 195, 214, 216, 227, 241, 253, 244, 231
2010,14131020,131,CH4 ,10PPBC, 1,15, 218, 212, 208, 206, 202, 203, 205, 208, 212, 257, 308, 209, 236, 344, 242, 265, 234, 222, 293, 241, 207, 207, 207, 197
2010,14131020,131,CH4 ,10PPBC, 1,16, 194, 197, 194, 202, 207, 193, 191, 191, 190, 190, 190, 190, 190, 188, 191, 192, 193, 192, 194, 199, 200, 202, 203, 206
2010,14131020,131,CH4 ,10PPBC, 1,17, 196, 193, 193, 197, 200, 204, 212, 207, 206, 204, 193, 192, 189, 189, 189, 188, 189, 189, 190, 192, 192, 200, 196, 197
2010,14131020,131,CH4 ,10PPBC, 1,18, 200, 200, 199, 202, 209, 208, 215, 227, 221, 210, 195, 192, 191, 191, 192, 191, 190, 192, 203, 206, 216, 225, 206, 199
2010,14131020,131,CH4 ,10PPBC, 1,19,9999,9999,9999, 194, 201, 198, 202, 208, 208, 204,9999,9999, 205, 204, 191, 191, 191, 202, 201, 212, 192, 220, 210, 202
2010,14131020,131,CH4 ,10PPBC, 1,20, 209, 206, 201, 196, 200, 194, 197, 206, 200, 194, 192, 192, 194, 192, 193, 193, 192, 191, 192, 192, 192, 192, 190, 191
2010,14131020,131,CH4 ,10PPBC, 1,21, 191, 190, 190, 189, 190, 190, 191, 191, 193, 191, 190, 189, 189, 190, 191, 192, 193, 194, 196, 196, 197, 200, 196, 198
2010,14131020,131,CH4 ,10PPBC, 1,22, 194, 193, 191, 190, 191, 191, 190, 192, 202, 199, 198, 195, 198, 196, 191, 188, 189, 193, 197, 208, 216, 203, 198, 197
2010,14131020,131,CH4 ,10PPBC, 1,23, 203, 208, 215, 208, 208, 208, 208, 208, 204, 198, 198, 198, 195, 194, 195, 199, 194, 193, 193, 196, 196, 196, 197, 200
2010,14131020,131,CH4 ,10PPBC, 1,24, 274, 196, 210, 193, 193, 200, 197, 196, 195, 195, 197, 204, 198, 216, 210, 204, 195, 201, 196, 197, 194, 194, 196, 194
2010,14131020,131,CH4 ,10PPBC, 1,25, 194, 195, 194, 196, 196, 196, 195, 196, 197, 200, 196, 192, 193, 193, 195, 194, 193, 193, 194, 194, 194, 197, 198, 197
2010,14131020,131,CH4 ,10PPBC, 1,26,9999,9999, 194, 194, 200, 199, 206, 212, 208, 204, 199, 209, 203, 195, 194, 192, 193, 191, 191, 195, 194, 195, 194, 195
2010,14131020,131,CH4 ,10PPBC, 1,27, 194, 195, 201, 197, 200, 203, 209, 271, 236,9999,9999, 197, 192, 194, 195, 194, 193, 193, 193, 193, 193, 194, 194, 195
2010,14131020,131,CH4 ,10PPBC, 1,28, 194, 193, 192, 193, 195, 197, 197, 200, 201, 197, 193, 192, 191, 191, 190, 190, 191, 191, 192, 192, 191, 192, 193, 192
2010,14131020,131,CH4 ,10PPBC, 1,29, 192, 192, 190, 191, 192, 199, 192, 193, 210, 214, 196, 193, 192, 192, 190, 191, 192, 192, 194, 196, 194, 255, 216, 206
2010,14131020,131,CH4 ,10PPBC, 1,30, 211, 208, 203, 204, 207, 197, 195, 196, 193, 191, 191, 192, 191, 192, 191, 190, 192, 193, 193, 192, 193, 193, 196, 199
2010,14131020,131,CH4 ,10PPBC, 1,31, 198, 197, 195, 198, 197, 202, 201, 206, 203, 199, 192, 191, 192, 190, 190, 191, 190, 190, 192, 205, 218, 221, 203, 206
2010,14131020,131,CH4 ,10PPBC, 2, 1, 204, 200, 204, 213, 216, 216, 214, 210, 205, 201, 198, 195, 191, 190, 190, 190, 190, 192, 190, 191, 192, 192, 193, 193
2010,14131020,131,CH4 ,10PPBC, 2, 2,9999,9999, 194, 193, 194, 192, 193, 197, 199,9999,9999,9999, 202, 193, 196, 191, 193, 192, 194, 191, 193, 233, 223, 204
2010,14131020,131,CH4 ,10PPBC, 2, 3, 200, 208, 214, 201, 200, 202, 211, 213, 218, 210,9999, 197, 212, 209, 193, 193, 194, 196, 193, 192, 194, 194, 197, 204
2010,14131020,131,CH4 ,10PPBC, 2, 4, 201, 202, 204, 207, 206, 201, 202, 207, 208, 206, 204, 220, 204, 196, 194, 193, 197, 194, 200, 214, 209, 196, 195, 195
2010,14131020,131,CH4 ,10PPBC, 2, 5, 240, 208, 198, 197, 211, 207, 199, 199, 199, 197, 196, 195, 194, 198, 202, 199, 198, 200, 213, 210, 224, 228, 268, 209
2010,14131020,131,CH4 ,10PPBC, 2, 6, 206, 233, 202, 202, 201, 210, 216, 211, 207, 200, 214, 213, 207, 217, 218, 202, 196, 198, 203, 208, 206, 207, 206, 199
2010,14131020,131,CH4 ,10PPBC, 2, 7, 199, 204, 203, 202, 205, 210, 204, 196, 196, 192, 191, 191, 191, 193, 192, 191, 191, 191, 191, 190, 191, 192, 192, 191
2010,14131020,131,CH4 ,10PPBC, 2, 8, 190, 190, 190, 190, 190, 191, 220, 194, 192, 193, 194, 200, 192, 193, 202, 191, 189, 189, 189, 191, 200, 192, 191, 191
2010,14131020,131,CH4 ,10PPBC, 2, 9,9999,9999, 192, 192, 191, 191, 192, 194, 195, 195, 193, 194, 195, 195, 195, 201, 196, 196, 196, 206, 199, 211, 200, 195
2010,14131020,131,CH4 ,10PPBC, 2,10, 193, 193, 192, 192, 192, 192, 192, 193,9999,9999,9999, 191, 192, 193, 194, 197, 196, 196, 204, 200, 195, 194, 194, 193
2010,14131020,131,CH4 ,10PPBC, 2,11, 195, 193, 193, 194, 195, 195, 196, 193, 194, 196, 196, 196, 195, 194, 194, 194, 194, 194, 195, 194, 193, 193, 192, 190
2010,14131020,131,CH4 ,10PPBC, 2,12, 191, 191, 191, 190, 191, 190, 190, 191, 193, 192, 192, 191, 191, 194, 191, 193, 192, 192, 194, 195, 195, 195, 214, 212
2010,14131020,131,CH4 ,10PPBC, 2,13, 206, 207, 204, 201, 201, 201, 205, 206, 210, 197, 195, 193, 193, 192, 192, 192, 193, 194, 199, 199, 199, 202, 203, 201
2010,14131020,131,CH4 ,10PPBC, 2,14, 201, 201, 200, 200, 197, 197, 197, 197, 201, 201, 196, 202, 208, 197, 196, 196, 194, 195, 195, 200, 203, 206, 202, 200
2010,14131020,131,CH4 ,10PPBC, 2,15, 197, 195, 194, 193, 192, 192, 193, 195, 197, 196, 195, 194, 193, 193, 193, 193, 193, 194, 195, 205, 198, 207, 201, 199
2010,14131020,131,CH4 ,10PPBC, 2,16,9999,9999, 194, 195, 193, 195, 196, 196, 199, 199, 198,9999,9999, 199, 202, 205, 196, 197, 198, 202, 207, 211, 210, 217
2010,14131020,131,CH4 ,10PPBC, 2,17, 215, 212, 214, 215, 215, 215, 217, 216, 215, 212, 244, 207, 204, 200, 193, 188, 187, 186, 188, 190, 188, 189, 192, 193
2010,14131020,131,CH4 ,10PPBC, 2,18, 191, 187, 188, 184, 185, 184, 186, 194, 189, 187, 187, 186, 185, 186, 186, 187, 188, 189, 190, 188, 189, 190, 190, 190
2010,14131020,131,CH4 ,10PPBC, 2,19, 190, 189, 190, 189, 190, 189, 190, 190, 191, 193, 193, 197, 195, 194, 195, 193, 192, 193, 192, 193, 192, 199, 217, 197
2010,14131020,131,CH4 ,10PPBC, 2,20, 198, 196, 193, 193, 194, 194, 194, 194, 195, 196, 197, 197, 195, 195, 195, 194, 194, 204, 204, 196, 192, 193, 192, 192
2010,14131020,131,CH4 ,10PPBC, 2,21, 192, 192, 191, 190, 191, 190, 192, 192, 192, 191, 193, 191, 190, 192, 188, 189, 190, 190, 192, 192, 200, 200, 192, 192
2010,14131020,131,CH4 ,10PPBC, 2,22, 193, 195, 196, 195, 196, 197, 197, 200, 195, 193, 192, 192, 192, 193, 195, 194, 191, 191, 191, 192, 192, 193, 194, 212
2010,14131020,131,CH4 ,10PPBC, 2,23,9999,9999, 194, 195, 194, 194, 196, 199, 200, 198, 193, 194, 210, 196, 191, 190, 192, 196, 197, 200, 198, 199, 194, 278
2010,14131020,131,CH4 ,10PPBC, 2,24, 209, 204, 203, 200, 197, 222, 250, 201, 194, 193, 197, 198,9999,9999, 198, 195, 191, 194, 194, 193, 194, 192, 191, 192
2010,14131020,131,CH4 ,10PPBC, 2,25, 190, 190, 188, 188, 189, 188, 197, 186, 188, 187, 186, 186, 186, 185, 185, 185, 185, 186, 188, 191, 192, 192, 192, 191
2010,14131020,131,CH4 ,10PPBC, 2,26, 191, 191, 190, 192, 192, 192, 193, 192, 194, 195, 196, 195, 195, 198, 197, 194, 198, 199, 195, 200, 201, 199, 197, 199
2010,14131020,131,CH4 ,10PPBC, 2,27, 196, 202, 286, 215, 211, 208, 204, 202, 203, 206, 216, 204, 190, 189, 189, 189, 189, 190, 192, 192, 204, 205, 202, 233
2010,14131020,131,CH4 ,10PPBC, 2,28, 228, 222, 202, 203, 196, 194, 193, 193, 194, 195, 193, 191, 192, 193, 193, 193, 193, 192, 194, 195, 196, 195, 196, 195
2010,14131020,131,CH4 ,10PPBC, 2,29,9998,9998,9998,9998,9998,9998,9998,9998,9998,9998,9998,9998,9998,9998,9998,9998,9998,9998,9998,9998,9998,9998,9998,9998
2010,14131020,131,CH4 ,10PPBC, 2,30,9998,9998,9998,9998,9998,9998,9998,9998,9998,9998,9998,9998,9998,9998,9998,9998,9998,9998,9998,9998,9998,9998,9998,9998
2010,14131020,131,CH4 ,10PPBC, 2,31,9998,9998,9998,9998,9998,9998,9998,9998,9998,9998,9998,9998,9998,9998,9998,9998,9998,9998,9998,9998,9998,9998,9998,9998
2010,14131020,131,CH4 ,10PPBC, 3, 1, 195, 194, 193, 193, 195, 194, 193, 195, 196, 199, 200, 224, 244, 255, 225, 192, 221, 204, 198, 196, 194, 195, 195, 195
2010,14131020,131,CH4 ,10PPBC, 3, 2,9999,9999, 196, 198, 238, 192, 193, 194, 193, 193,9999, 193, 193, 194, 195, 196, 192, 191, 191, 192, 192, 194, 194, 193
2010,14131020,131,CH4 ,10PPBC, 3, 3, 194, 194, 193, 193, 192, 192, 192, 193, 193, 193, 192, 192, 193, 192, 193, 191, 192, 193, 192, 192, 194, 194, 193, 194
2010,14131020,131,CH4 ,10PPBC, 3, 4, 194, 194, 193, 193, 193, 194, 195, 199, 197, 193, 193, 192, 193, 192, 193, 194, 192, 193, 195, 196, 197, 196, 196, 197
2010,14131020,131,CH4 ,10PPBC, 3, 5, 198, 200, 203, 200, 197, 204, 211, 209, 208, 199, 193, 193, 195, 196, 196, 196, 194, 196, 197, 197, 197, 198, 197, 198
2010,14131020,131,CH4 ,10PPBC, 3, 6, 197, 198, 207, 211, 206, 207, 209, 204, 207, 268, 307, 252, 243, 270, 208, 202, 249, 197, 213, 217, 212, 214, 212, 205
2010,14131020,131,CH4 ,10PPBC, 3, 7, 200, 199, 196, 196, 196, 198, 196, 193, 194, 194, 198, 200, 198, 196, 196, 193, 194, 192, 202, 198, 200, 211, 204, 194
2010,14131020,131,CH4 ,10PPBC, 3, 8, 199, 196, 195, 204, 209, 205, 204, 209, 214, 203, 204, 196, 199, 200, 198, 198, 197, 196, 198, 198, 198, 202, 204, 212
2010,14131020,131,CH4 ,10PPBC, 3, 9,9999,9999, 201, 198, 198, 197, 200, 199, 212, 194,9999,9999, 192, 192, 191, 190, 189, 190, 190, 191, 192, 192, 191, 192
2010,14131020,131,CH4 ,10PPBC, 3,10, 192, 193, 193, 192, 193, 192, 192, 195, 193, 193, 192, 193, 192, 192, 195, 194, 194, 196, 212, 197, 194, 195, 197, 195
2010,14131020,131,CH4 ,10PPBC, 3,11, 196, 202, 204, 200, 198, 198, 198, 196, 195, 193, 194, 194, 193, 190,9999,9999,9999,9999,9999,9999,9999,9999,9999, 169
2010,14131020,131,CH4 ,10PPBC, 3,12, 196, 198, 201, 205, 206, 206, 207, 205, 199, 198, 196, 194, 195, 199, 198, 197, 197, 200, 204, 197, 196, 198, 202, 216
2010,14131020,131,CH4 ,10PPBC, 3,13, 223, 213, 209, 206, 208, 206, 204, 206, 208, 205, 207, 208, 206, 201, 200, 196, 195, 194, 200, 196, 196, 196, 196, 203
2010,14131020,131,CH4 ,10PPBC, 3,14, 209, 200, 204, 204, 210, 215, 221, 218, 192, 191, 190, 188, 187, 188, 188, 188, 188, 187, 187, 188, 188, 189, 189, 192
2010,14131020,131,CH4 ,10PPBC, 3,15, 195, 197, 199, 198, 195, 196, 196, 192, 197, 195, 201, 207, 220, 205, 201, 193, 192, 193, 196, 198, 198, 198, 199, 200
2010,14131020,131,CH4 ,10PPBC, 3,16,9999,9999,9999, 193, 192, 195, 226, 196, 198, 193, 197, 195, 194, 193, 192, 192, 192, 193, 194, 195, 196, 196, 196, 196
2010,14131020,131,CH4 ,10PPBC, 3,17, 196, 196, 196, 195, 194, 195, 196, 196, 197,9999,9999,9999,9999,9999, 190, 191, 191,9999,9999,9999,9999, 194, 195, 192
2010,14131020,131,CH4 ,10PPBC, 3,18, 193, 193, 192, 193, 193, 193,9999,9999,9999,9999, 193, 193, 195, 196, 195, 194, 193, 193, 193, 197, 194, 192, 193, 192
2010,14131020,131,CH4 ,10PPBC, 3,19, 192, 191, 190, 192, 190, 192, 191, 192, 193, 196, 191, 189, 189, 189, 189, 189, 189, 189, 194, 197, 196, 208, 203, 195
2010,14131020,131,CH4 ,10PPBC, 3,20, 195, 201, 194, 195, 194, 232, 257, 204, 200, 195, 209, 204, 193, 193, 193, 195, 195, 189, 192, 188, 188, 187, 187, 186
2010,14131020,131,CH4 ,10PPBC, 3,21, 187, 186, 186, 186, 185, 186, 197, 197, 197, 197, 196, 196, 198, 207, 192, 192, 191, 191, 190, 191, 191, 191, 201, 203
2010,14131020,131,CH4 ,10PPBC, 3,22, 211, 214, 203, 192, 192, 193, 193, 193, 193,9999,9999,9999,9999,9999,9999,9999,9999,9999,9999,9999,9999,9999,9999,9999
2010,14131020,131,CH4 ,10PPBC, 3,23,9999,9999,9999,9999,9999,9999,9999,9999,9999,9999,9999,9999,9999,9999,9999,9999,9999,9999,9999,9999,9999,9999,9999,9999
2010,14131020,131,CH4 ,10PPBC, 3,24,9999,9999,9999,9999,9999,9999,9999,9999,9999,9999,9999,9999,9999,9999, 195, 194, 193, 193,9999,9999,9999, 198, 201, 201
2010,14131020,131,CH4 ,10PPBC, 3,25, 201, 201, 205, 204, 206, 206, 223, 231, 198, 208, 198, 194, 193, 194, 192, 191, 190, 191, 190, 191, 192, 192, 210, 192
2010,14131020,131,CH4 ,10PPBC, 3,26, 194, 199, 195, 193, 191, 193, 193, 194, 198, 190, 189, 190, 190, 191, 191, 190, 190, 190, 191, 191, 192, 193, 193, 192
2010,14131020,131,CH4 ,10PPBC, 3,27, 193, 192, 191, 193, 198, 195, 197, 193, 192, 192, 192, 192, 190, 192, 192, 193, 193, 193, 194, 195, 197, 195, 196, 195
2010,14131020,131,CH4 ,10PPBC, 3,28, 191, 191, 197, 197, 193, 194, 194, 198, 193, 193,9999,9999,9999,9999,9999,9999, 193, 192, 193, 193, 193, 195, 194, 195
2010,14131020,131,CH4 ,10PPBC, 3,29, 194, 195, 195, 201, 212, 204, 200, 199, 200, 201, 215, 205, 198, 195, 193, 191, 191, 191, 194, 196, 197, 203, 199, 197
2010,14131020,131,CH4 ,10PPBC, 3,30, 199, 200, 202, 199, 196, 194, 197, 200, 199, 196,9999,9999, 192, 191, 191, 192, 192, 194, 194, 193, 196, 197, 193, 192
2010,14131020,131,CH4 ,10PPBC, 3,31, 192, 193, 193, 192, 192, 209, 215, 200, 200, 201, 203, 200, 195, 193, 193, 191, 191, 191, 191, 192, 193, 194, 193, 194
2010,14131030,131,CH4 ,10PPBC, 4, 1, 226, 223, 221, 219, 218, 215, 216, 262, 273, 199, 194, 193, 194, 193, 192, 192, 192, 191, 192, 191, 192, 191, 192, 191
2010,14131030,131,CH4 ,10PPBC, 4, 2, 191, 190, 190, 190, 189, 189, 189, 189, 189, 188,9999,9999,9999,9999, 197, 198, 192, 194, 195, 195, 195, 195, 195, 197
2010,14131030,131,CH4 ,10PPBC, 4, 3, 196, 196, 199, 195, 194, 194, 195, 196, 196, 194, 196, 197, 194, 193, 191, 189, 189, 189, 190, 193, 196, 193, 198, 198
2010,14131030,131,CH4 ,10PPBC, 4, 4, 200, 195, 200, 198, 204, 202, 198, 204, 203, 196, 208, 206, 202, 197, 200, 218, 231, 200, 199, 200, 199, 199, 199, 198
2010,14131030,131,CH4 ,10PPBC, 4, 5, 198, 198, 197, 196, 196, 197, 198, 199, 200, 201, 201, 200, 197, 197, 198, 201, 203, 201, 202, 203, 210, 209, 211, 209
2010,14131030,131,CH4 ,10PPBC, 4, 6, 206, 208, 201, 195, 205, 202, 193, 195, 198, 194, 196, 205, 199, 191, 203, 207, 191, 195, 191, 193, 194, 193, 192, 195
2010,14131030,131,CH4 ,10PPBC, 4, 7, 193, 191, 190, 189, 190, 196, 202, 200, 197, 201,9999,9999,9999, 194, 192, 191, 191, 191, 191, 192, 192, 194, 199, 197
2010,14131030,131,CH4 ,10PPBC, 4, 8, 196, 198, 197, 196, 195, 197, 197, 198, 197, 197, 194, 192, 196, 195, 195, 195, 195, 197, 197, 196, 196, 196, 197, 215
2010,14131030,131,CH4 ,10PPBC, 4, 9, 208, 200, 220, 202, 199, 199, 199, 202, 200, 211, 199, 195, 195, 196, 193, 194, 192, 191, 191, 193, 194, 194, 201, 203
2010,14131030,131,CH4 ,10PPBC, 4,10, 204, 202, 202, 204, 200, 198, 196, 196, 198, 202, 201, 200, 200, 195, 192, 190, 190, 187, 187, 190, 188, 189, 192, 192
2010,14131030,131,CH4 ,10PPBC, 4,11, 191, 191, 189, 192, 198, 200, 197, 196, 194, 193, 206, 209, 205, 198, 201, 202, 203, 197, 192, 193, 193, 191, 199, 196
2010,14131030,131,CH4 ,10PPBC, 4,12, 200, 194, 195, 195, 196, 194, 193, 193, 195, 196, 196, 199, 199, 199, 198, 197, 194, 194, 194, 196, 196, 195, 194, 194
2010,14131030,131,CH4 ,10PPBC, 4,13,9999, 202, 192, 191, 191, 192, 193, 194, 194, 197, 193, 192, 189, 187, 187, 188, 188, 188, 187, 189, 188, 188, 190, 198
2010,14131030,131,CH4 ,10PPBC, 4,14, 200, 198, 192, 191, 190, 190, 191, 192, 193, 192, 191, 191, 195, 192, 193, 194, 193, 193, 191, 192, 192, 194, 193, 193
2010,14131030,131,CH4 ,10PPBC, 4,15, 193, 192, 193, 192, 192, 192, 192, 193, 195, 206, 207,9999,9999,9999, 200, 191, 190, 190, 191, 193, 202, 205, 202, 201
2010,14131030,131,CH4 ,10PPBC, 4,16, 199, 196, 195, 196, 196, 198, 197, 198, 199, 200, 197, 197, 197, 196, 197, 198, 200, 199, 197, 197, 198, 197, 198, 197
2010,14131030,131,CH4 ,10PPBC, 4,17, 196, 196, 196, 196, 196, 195, 196, 196, 198, 200, 197, 195, 193, 192, 193, 192, 191, 192, 192, 193, 193, 197, 203, 199
2010,14131030,131,CH4 ,10PPBC, 4,18, 196, 197, 198, 211, 287, 237, 206, 201, 212, 210, 205, 206, 204, 197, 195, 195, 194, 196, 197, 195, 193, 193, 199, 199
2010,14131030,131,CH4 ,10PPBC, 4,19, 202, 209, 208, 204, 204, 203, 202, 202, 203, 210, 209, 197, 196, 196, 193, 194, 194, 194, 193, 194, 195, 194, 195, 193
2010,14131030,131,CH4 ,10PPBC, 4,20, 195, 195, 194, 194, 195, 194, 193, 193, 192, 192, 192, 191, 191, 191, 192, 190, 193, 193, 195, 197, 202, 201, 204, 200
2010,14131030,131,CH4 ,10PPBC, 4,21,9999, 212, 199, 198, 200, 202, 203, 202, 202, 197, 194,9999,9999, 207, 195, 197, 194, 192, 191, 193, 191, 195, 193, 194
2010,14131030,131,CH4 ,10PPBC, 4,22, 195, 195, 194, 195, 200, 205, 213, 203, 199, 199, 198, 199, 200, 197, 196, 197, 197, 197, 197, 196, 197, 197, 196, 195
2010,14131030,131,CH4 ,10PPBC, 4,23, 194, 195, 194, 195, 194, 194, 195, 196, 196, 197, 198, 198, 198, 199, 198, 243, 229, 215, 200, 196, 195, 210, 227, 207
2010,14131030,131,CH4 ,10PPBC, 4,24, 198, 229, 215, 236, 244, 235, 231, 205, 201, 196, 202, 198, 194, 191, 190, 191, 192, 190, 191, 195, 194, 196, 196, 197
2010,14131030,131,CH4 ,10PPBC, 4,25, 200, 197, 195, 197, 198, 201, 202, 201, 199, 200, 196, 194, 195, 195, 194, 193, 194, 195, 194, 194, 196, 198, 197, 197
2010,14131030,131,CH4 ,10PPBC, 4,26, 198, 200, 203, 203, 202, 204, 202, 201, 202, 205, 199, 203, 199, 197, 196, 196, 195, 197, 198, 196, 196, 197, 196, 195
2010,14131030,131,CH4 ,10PPBC, 4,27,9999, 202, 204, 196, 194, 194, 195, 197, 197, 200, 202, 208, 195, 191, 190, 191, 191, 190, 193, 195, 193, 191, 191, 190
2010,14131030,131,CH4 ,10PPBC, 4,28, 191, 192, 191, 190, 191, 190, 191, 189, 194, 196,9999,9999,9999, 192, 192, 192, 190, 189, 189, 190, 190, 191, 191, 193
2010,14131030,131,CH4 ,10PPBC, 4,29, 193, 195, 197, 195, 195, 190, 188, 189, 189, 189, 188, 187, 188, 188, 187, 188, 188, 189, 190, 192, 192, 192, 194, 194
2010,14131030,131,CH4 ,10PPBC, 4,30, 197, 196, 196, 193, 193, 195, 197, 194, 195, 207, 197, 195, 194, 192, 191, 190, 190, 191, 192, 192, 195, 197, 193, 194
2010,14131030,131,CH4 ,10PPBC, 4,31,9998,9998,9998,9998,9998,9998,9998,9998,9998,9998,9998,9998,9998,9998,9998,9998,9998,9998,9998,9998,9998,9998,9998,9998
2010,14131030,131,CH4 ,10PPBC, 5, 1, 193, 194, 195, 196, 197, 200, 201, 198, 196, 197, 197, 194, 193, 192, 192, 191, 191, 191, 192, 195, 193, 195, 195, 195
2010,14131030,131,CH4 ,10PPBC, 5, 2, 195, 198, 197, 196, 196, 197, 198, 199, 199, 202, 206, 203, 197, 194, 193, 193, 191, 191, 191, 192, 191, 193, 191, 193
2010,14131030,131,CH4 ,10PPBC, 5, 3, 194, 196, 197, 203, 201, 204, 204, 209, 220, 227, 228, 202, 192, 191, 190, 190, 189, 189, 190, 190, 190, 190, 191, 191
2010,14131030,131,CH4 ,10PPBC, 5, 4,9999, 201, 191, 190, 191, 191, 192, 192, 192, 191, 190, 190, 189, 189, 189, 189, 190, 191, 190, 190, 190, 190, 191, 191
2010,14131030,131,CH4 ,10PPBC, 5, 5, 193, 192, 192, 193, 194, 197, 199, 197, 202, 204, 212, 205, 199, 193, 190, 187, 187, 187, 189, 190, 190, 192, 191, 191
2010,14131030,131,CH4 ,10PPBC, 5, 6, 190, 190, 189, 189, 189, 188, 189, 187, 186, 185, 185, 183, 183, 183, 182, 182, 182, 182, 185, 183, 184, 183, 184, 184
2010,14131030,131,CH4 ,10PPBC, 5, 7, 184, 184, 184, 186, 185, 185, 184, 183, 184, 185, 184, 183, 183, 183, 182, 182, 183, 183, 181, 183, 181, 183, 190, 187
2010,14131030,131,CH4 ,10PPBC, 5, 8, 189, 190, 187, 188, 189, 194, 200, 197, 190, 190, 190, 190, 190, 190, 190, 189, 188, 190, 193, 189, 189, 191, 189, 190
2010,14131030,131,CH4 ,10PPBC, 5, 9, 189, 189, 189, 193, 197, 198, 196, 194, 192, 195, 194, 194, 195, 193, 194, 193, 192, 193, 193, 196, 195, 192, 190, 191
2010,14131030,131,CH4 ,10PPBC, 5,10,9999, 217, 202, 200, 197, 196, 195, 195, 195, 196, 195, 197, 198, 194, 194, 193, 191, 192, 195, 191, 192, 192, 191, 192
2010,14131030,131,CH4 ,10PPBC, 5,11, 194, 193, 191, 191, 191, 191, 190, 192, 192, 191, 195, 201, 207, 196, 192, 211, 195, 191, 193, 196, 196, 201, 194, 193
2010,14131030,131,CH4 ,10PPBC, 5,12, 194, 193, 191, 191, 190, 190, 194, 194, 193, 193,9999,9999,9999, 192, 192, 190, 190, 190, 191, 191, 192, 193, 193, 194
2010,14131030,131,CH4 ,10PPBC, 5,13, 193, 193, 193, 193, 193, 193, 194, 194, 192, 192, 192, 191, 191, 191, 192, 192, 192, 191, 192, 192, 193, 193, 194, 194
2010,14131030,131,CH4 ,10PPBC, 5,14, 194, 193, 194, 193, 192, 193, 193, 193, 194, 195, 197, 198, 196, 194, 193, 192, 193, 194, 195, 195, 196, 195, 195, 194
2010,14131030,131,CH4 ,10PPBC, 5,15, 192, 192, 192, 191, 192, 197, 221, 208, 196, 195, 195, 193, 193, 192, 192, 193, 193, 193, 194, 194, 194, 195, 194, 195
2010,14131030,131,CH4 ,10PPBC, 5,16, 198, 197, 197, 196, 200, 203, 198, 195, 193, 193, 193, 191, 191, 191, 189, 189, 189, 189, 189, 191, 192, 192, 196, 195
2010,14131030,131,CH4 ,10PPBC, 5,17, 194, 200, 204, 210, 208, 204, 202, 200, 197, 206, 230, 207, 196, 193, 193, 190, 190, 190, 189, 190, 189, 191, 192, 192
2010,14131030,131,CH4 ,10PPBC, 5,18, 195, 194, 196, 199, 199, 200, 202, 194, 191, 190,9999,9999,9999,9999, 187,9999, 188, 188, 187, 187, 188, 188, 188, 189
2010,14131030,131,CH4 ,10PPBC, 5,19, 189, 189, 189, 188, 187, 187, 187, 188, 188, 188, 189, 188, 187, 188, 187, 188, 186, 186, 186, 186, 185, 186, 186, 186
2010,14131030,131,CH4 ,10PPBC, 5,20, 186, 186, 186, 189, 190, 187, 188, 186, 187, 186, 187, 186, 211, 187, 193, 195, 196, 205, 202, 195, 195, 198, 195, 194
2010,14131030,131,CH4 ,10PPBC, 5,21, 194, 195, 195, 195, 198, 202, 198, 195, 196, 195, 196, 216, 200, 195, 193, 191, 191, 193, 192, 191, 196, 197, 199, 200
2010,14131030,131,CH4 ,10PPBC, 5,22, 201, 202, 202, 218, 233, 213, 200, 202, 208, 202, 198, 196, 196, 199, 198, 199, 197, 197, 198, 194, 192, 192, 194, 194
2010,14131030,131,CH4 ,10PPBC, 5,23, 196, 193, 195, 194, 193, 200, 207, 198, 201, 207, 206, 196, 195, 200, 198, 197, 193, 193, 194, 195, 194, 192, 191, 192
2010,14131030,131,CH4 ,10PPBC, 5,24, 193, 191, 192, 191, 190, 201, 192, 193, 192, 192, 192, 192, 191, 191, 193, 194, 195, 198, 194, 197, 184, 187, 189, 188
2010,14131030,131,CH4 ,10PPBC, 5,25,9999, 200, 193, 192, 192, 194, 194, 195, 194, 192, 191, 191, 191, 191, 191, 191, 193, 194, 194, 195, 195, 193, 192, 193
2010,14131030,131,CH4 ,10PPBC, 5,26, 193, 193, 193, 194, 194, 196, 197, 198, 196, 195,9999,9999,9999, 190, 194, 196, 190, 190, 190, 197, 206, 218, 201, 192
2010,14131030,131,CH4 ,10PPBC, 5,27, 192, 190, 192, 191, 192, 193, 195, 197, 198, 198, 197, 195, 193, 192, 192, 191, 193, 193, 193, 193, 193, 192, 193, 192
2010,14131030,131,CH4 ,10PPBC, 5,28, 192, 191, 192, 191, 191, 191, 191, 192, 191, 192, 193, 194, 193, 193, 193, 193, 194, 194, 194, 194, 195, 194, 194, 193
2010,14131030,131,CH4 ,10PPBC, 5,29, 193, 195, 195, 193, 194, 192, 192, 192, 210, 217, 195, 194, 193, 193, 207, 209, 206, 193, 192, 192, 202, 205, 207, 202
2010,14131030,131,CH4 ,10PPBC, 5,30, 196, 196, 197, 197, 194, 195, 195, 194, 194, 194, 193, 197, 200, 195, 191, 190, 192, 193, 194, 194, 194, 193, 193, 192
2010,14131030,131,CH4 ,10PPBC, 5,31, 210, 227, 212, 215, 225, 267, 221, 195, 195, 197, 197, 196, 193, 194, 195, 194, 193, 192, 192, 193, 193, 194, 194, 196
2010,14131030,131,CH4 ,10PPBC, 6, 1, 193, 192, 193, 216, 215, 208, 225, 237, 216, 200, 198, 195, 194, 193, 192, 194, 194, 194, 194, 195, 194, 194, 193, 194
2010,14131030,131,CH4 ,10PPBC, 6, 2,9999, 201, 189, 190, 237, 229, 192, 192, 194, 197, 194, 193, 191, 190, 191, 192, 190, 190, 191, 190, 194, 195, 192, 194
2010,14131030,131,CH4 ,10PPBC, 6, 3, 195, 198, 197, 197, 200, 200, 200, 195, 203, 198, 190,9999,9999, 189, 188, 188, 187, 188, 187, 187, 189, 189, 190, 190
2010,14131030,131,CH4 ,10PPBC, 6, 4, 190, 188, 190, 194, 196, 197, 196, 196, 192, 188, 188, 187, 187, 187, 186, 186, 186, 187, 188, 188, 187, 188, 189, 189
2010,14131030,131,CH4 ,10PPBC, 6, 5, 192, 193, 192, 193, 193, 194, 195, 197, 198, 197, 203, 197, 197, 193, 190, 191, 192, 192, 192, 193, 192, 191, 191, 193
2010,14131030,131,CH4 ,10PPBC, 6, 6, 202, 194, 194, 199, 216, 199, 191, 191, 192, 194, 194, 194, 195, 195, 194, 189, 189, 189, 189, 190, 192, 192, 191, 189
2010,14131030,131,CH4 ,10PPBC, 6, 7, 189, 188, 191, 193, 195, 197, 198, 194, 192, 195, 202, 205, 195, 191, 190, 189, 190, 190, 191, 189, 190, 190, 189, 189
2010,14131030,131,CH4 ,10PPBC, 6, 8, 190, 189, 188, 190, 190, 194, 193, 191, 191, 189, 197, 193, 194, 200, 209, 198, 193, 189, 192, 198, 207, 220, 235, 226
2010,14131030,131,CH4 ,10PPBC, 6, 9, 200, 194, 194, 195, 197, 192, 195, 197, 197, 200, 200, 197, 201, 213, 210, 202, 200, 191, 192, 193, 200, 201, 198, 199
2010,14131030,131,CH4 ,10PPBC, 6,10,9999, 201, 194, 194, 194, 193, 195, 192, 191, 193, 192,9999,9999,9999, 188, 189, 189, 190, 190, 189, 193, 196, 193, 192
2010,14131030,131,CH4 ,10PPBC, 6,11, 191, 190, 190, 192, 189, 189, 189, 191, 191, 192, 191, 192, 194, 193, 191, 189, 192, 192, 190, 191, 189, 191, 191, 190
2010,14131030,131,CH4 ,10PPBC, 6,12, 190, 188, 192, 193, 193, 193, 193, 192, 191, 194, 190, 188, 188, 188, 187, 187, 186, 187, 188, 187, 187, 187, 186, 185
2010,14131030,131,CH4 ,10PPBC, 6,13, 185, 186, 185, 186, 187, 186, 186, 188, 186, 187, 187, 187, 187, 188, 188, 187, 187, 188, 188, 188, 189, 189, 189, 190
2010,14131030,131,CH4 ,10PPBC, 6,14, 192, 188, 188, 190, 190, 190, 189, 188, 205, 205, 197, 195, 195, 200, 197, 192, 190, 190, 189, 189, 190, 190, 190, 190
2010,14131030,131,CH4 ,10PPBC, 6,15, 191, 193, 196, 196, 198, 201, 197, 196, 196, 195, 192, 189, 189, 189, 190, 193, 193, 194, 193, 191, 190, 188, 190, 191
2010,14131030,131,CH4 ,10PPBC, 6,16, 193, 196, 199, 190, 178, 176, 177, 175, 175, 176, 179, 181, 182, 184, 187, 190, 190, 190, 191, 195, 193, 194, 194, 197
2010,14131030,131,CH4 ,10PPBC, 6,17,9999, 202, 194, 203, 199, 198, 211, 202, 195, 198,9999,9999, 200, 195, 198, 192, 191, 191, 190, 191, 192, 190, 190, 188
2010,14131030,131,CH4 ,10PPBC, 6,18, 189, 191, 192, 189, 189, 194, 201, 200, 198, 196, 199, 196, 189, 188, 183, 182, 184, 190, 190, 200, 189, 190, 191, 193
2010,14131030,131,CH4 ,10PPBC, 6,19, 193, 193, 181, 175, 175, 179, 190, 193, 193, 193, 199, 193, 187, 183, 184, 188, 188, 189, 189, 188, 189, 184, 179, 180
2010,14131030,131,CH4 ,10PPBC, 6,20, 180, 178, 178, 179, 179, 180, 187, 193, 185, 180, 180, 181, 182, 182, 180, 183, 181, 182, 181, 181, 181, 180, 178, 180
2010,14131030,131,CH4 ,10PPBC, 6,21, 179, 180, 181, 179, 179, 180, 181, 181, 181, 182, 182, 181, 181, 178, 180, 181, 181, 182, 185, 187, 187, 191, 190, 192
2010,14131030,131,CH4 ,10PPBC, 6,22, 192, 186, 186, 186, 189, 186, 188, 197, 199, 194, 189, 184, 183, 184, 185, 183, 183, 182, 182, 183, 185, 183, 186, 187
2010,14131030,131,CH4 ,10PPBC, 6,23, 185, 185, 183, 185, 184, 185, 182, 182, 181, 182, 182,9999,9999, 181, 183, 195, 191, 189, 194, 190, 190, 183, 189, 194
2010,14131030,131,CH4 ,10PPBC, 6,24, 198, 201, 200, 198, 198, 196, 194, 197, 200, 201, 206, 209, 204, 201, 199, 197, 199, 203, 204, 204, 202, 203, 201, 203
2010,14131030,131,CH4 ,10PPBC, 6,25, 202, 203, 206, 210, 205, 208, 207, 209, 199, 200, 211, 224, 214, 204, 202, 201, 193, 190, 189, 190, 192, 194, 192, 192
2010,14131030,131,CH4 ,10PPBC, 6,26, 192, 190, 193, 193, 189, 192, 186, 189, 186, 184, 183, 184, 182, 183, 183, 184, 184, 181, 181, 182, 181, 181, 181, 181
2010,14131030,131,CH4 ,10PPBC, 6,27, 181, 180, 180, 180, 180, 180, 180, 180, 180, 182, 183, 183, 183, 181, 181, 180, 180, 181, 182, 184, 183, 182, 185, 187
2010,14131030,131,CH4 ,10PPBC, 6,28, 185, 187, 185, 187, 197, 202, 199, 196, 202, 200, 198, 203, 202, 197, 192, 192, 192, 194, 200, 210, 205, 202, 198, 200
2010,14131030,131,CH4 ,10PPBC, 6,29, 201, 204, 204, 202, 206, 213, 224, 258, 262, 230, 208, 197, 196, 198, 189, 186, 185, 187, 195, 193, 188, 188, 201, 206
2010,14131030,131,CH4 ,10PPBC, 6,30,9999, 211, 193, 198, 191, 184, 184, 185, 185, 185, 187, 184, 185, 186, 188, 193, 190, 188, 193, 192, 192, 191, 189, 194
2010,14131030,131,CH4 ,10PPBC, 6,31,9998,9998,9998,9998,9998,9998,9998,9998,9998,9998,9998,9998,9998,9998,9998,9998,9998,9998,9998,9998,9998,9998,9998,9998
2010,14131030,131,CH4 ,10PPBC, 7, 1, 194, 194, 192, 188, 186, 189, 189, 186, 187, 186, 185, 184, 183,9999,9999, 182, 181, 181, 181, 183, 184, 182, 184, 190
2010,14131030,131,CH4 ,10PPBC, 7, 2, 190, 190, 190, 191, 192, 195, 196, 202, 241,9999,9999,9999,9999,9999,9999, 183, 184, 182, 182, 183, 185, 185, 184, 185
2010,14131030,131,CH4 ,10PPBC, 7, 3, 185, 185, 186, 195, 195, 187, 188, 195, 210, 201, 188, 186, 185, 186, 184, 185, 185, 184, 185, 184, 180, 180, 181, 183
2010,14131030,131,CH4 ,10PPBC, 7, 4, 185, 181, 181, 183, 187, 203, 188, 193, 192, 193, 199, 199, 196, 197, 196, 194, 191, 190, 189, 188, 193, 196, 204, 208
2010,14131030,131,CH4 ,10PPBC, 7, 5, 211, 200, 200, 192, 190, 189, 192, 197, 205, 195, 195, 196,9999,9999, 187, 189, 190, 191, 190, 192, 193, 194, 194, 192
2010,14131030,131,CH4 ,10PPBC, 7, 6, 191, 194, 197, 202, 199, 197, 197, 203, 206, 199, 190, 191, 191, 192, 191, 190, 192, 196, 199, 200, 200, 201, 202, 199
2010,14131030,131,CH4 ,10PPBC, 7, 7, 199, 200, 200, 200, 198, 200, 206, 203, 206, 195, 196, 198, 200, 196, 197, 197, 192, 192, 191, 192, 191, 193, 193, 190
2010,14131030,131,CH4 ,10PPBC, 7, 8, 192, 192, 195, 195, 197, 206, 206, 200, 199, 197, 192, 187, 191, 193, 193, 194, 193, 192, 189, 186, 188, 186, 185, 185
2010,14131030,131,CH4 ,10PPBC, 7, 9, 183, 186, 184, 184, 185, 187, 189, 190, 197, 195, 197, 195, 190, 187, 186,9999,9999,9999, 186, 183, 181, 179, 178, 179
2010,14131030,131,CH4 ,10PPBC, 7,10, 183, 184, 186, 187, 187, 187, 188, 188, 187, 189, 188, 188, 188, 186, 186, 186, 187, 186, 186, 186, 189, 193, 197, 197
2010,14131030,131,CH4 ,10PPBC, 7,11, 200, 202, 199, 205, 206, 205, 206, 205, 204, 225, 216, 203, 193, 189, 184, 182, 181, 180, 179, 178, 178, 178, 177, 177
2010,14131030,131,CH4 ,10PPBC, 7,12, 177, 177, 177, 177, 177, 177, 178, 179, 179, 180, 180, 179, 179, 180, 179, 179, 180, 179, 180, 180, 180, 180, 179, 181
2010,14131030,131,CH4 ,10PPBC, 7,13, 182, 184, 185, 184, 181, 185, 192, 205, 207, 205, 202, 207, 202, 201, 187, 198, 197, 196, 196, 197, 199, 200, 200, 197
2010,14131030,131,CH4 ,10PPBC, 7,14, 245, 249, 212, 207, 209, 212, 188, 179, 179, 180, 180, 181, 181, 181, 181, 181, 181, 180, 181, 181, 181, 182, 181, 180
2010,14131030,131,CH4 ,10PPBC, 7,15, 181, 180, 179, 180, 180, 182, 182, 180, 180, 182, 181, 181, 181, 181, 181, 182, 181, 181, 183, 183, 181, 182, 181, 182
2010,14131030,131,CH4 ,10PPBC, 7,16,9999, 189, 182, 181, 181, 181, 182, 179, 179, 179, 178,9999,9999, 177, 177, 177, 177, 177, 178, 180, 180, 179, 179, 178
2010,14131030,131,CH4 ,10PPBC, 7,17, 179, 180, 180, 181, 179, 180, 180, 179, 179, 180, 180, 179, 179, 180, 179, 178, 178, 179, 178, 179, 179, 179, 179, 180
2010,14131030,131,CH4 ,10PPBC, 7,18, 180, 180, 182, 182, 183, 181, 183, 182, 180, 179, 178, 178, 179, 178, 178, 178, 178, 178, 178, 179, 179, 178, 179, 181
2010,14131030,131,CH4 ,10PPBC, 7,19, 182, 182, 182, 182, 180, 184, 184, 181, 181, 181, 181, 181, 179, 178, 179, 179, 179, 180, 180, 180, 181, 180, 181, 181
2010,14131030,131,CH4 ,10PPBC, 7,20, 181, 183, 183, 185, 186, 189, 196, 196, 195, 195, 193, 194, 187, 183, 181, 181, 180, 180, 181, 181, 183, 184, 183, 183
2010,14131030,131,CH4 ,10PPBC, 7,21, 185, 184, 187, 190, 192, 194, 198, 197, 196, 194, 199, 193, 189, 195, 194, 187, 185, 184, 184, 184, 185, 185, 185, 185
2010,14131030,131,CH4 ,10PPBC, 7,22, 186, 186, 187, 184, 188, 190, 192, 194, 195, 191, 189, 184, 183, 182, 182, 181, 182, 183, 183, 181, 179, 178, 178, 179
2010,14131030,131,CH4 ,10PPBC, 7,23,9999, 194, 186, 193, 193, 194, 196, 198, 202, 199,9999,9999, 204, 202, 194, 189, 185, 185, 182, 181, 180, 180, 181, 181
2010,14131030,131,CH4 ,10PPBC, 7,24, 181, 181, 183, 187, 192, 192, 196, 194, 191, 199, 202, 202, 199, 196, 189, 185, 185, 184, 182, 184, 181, 183, 186, 186
2010,14131030,131,CH4 ,10PPBC, 7,25, 185, 186, 186, 187, 189, 198, 194, 188, 186, 182, 187, 180, 179, 180, 178, 179, 180, 183, 185, 185, 184, 184, 185, 185
2010,14131030,131,CH4 ,10PPBC, 7,26, 196, 189, 188, 189, 189, 189, 189, 191, 195, 193, 192, 183, 179, 179, 179, 179, 180, 180, 180, 180, 183, 187, 184, 187
2010,14131030,131,CH4 ,10PPBC, 7,27, 187, 187, 188, 183, 185, 188, 188, 187, 180, 179, 179, 178, 178, 177, 177, 177, 177, 178, 177, 177, 177, 178, 181, 179
2010,14131030,131,CH4 ,10PPBC, 7,28, 180, 182, 183, 185, 184, 181, 180, 180, 179, 178, 179, 179, 179, 179, 179, 180, 179, 180, 179, 180, 180, 180, 180, 179
2010,14131030,131,CH4 ,10PPBC, 7,29, 180, 180, 181, 180, 181, 181, 182, 181, 182, 181, 179, 179,9999,9999, 189, 178, 178, 177, 178, 178, 177, 176, 177, 177
2010,14131030,131,CH4 ,10PPBC, 7,30, 177, 176, 176, 177, 177, 177, 177, 176, 178, 177, 176, 176, 176, 176, 177, 179, 179, 179, 179, 180, 179, 182, 183, 186
2010,14131030,131,CH4 ,10PPBC, 7,31, 191, 191, 188, 198, 196, 195, 196, 195, 201, 202, 192, 186, 183, 180, 179, 180, 181, 181, 183, 182, 184, 184, 184, 184
2010,14131030,131,CH4 ,10PPBC, 8, 1, 183, 185, 187, 188, 185, 187, 187, 188, 191, 188, 187, 184, 182, 184, 185, 187, 185, 184, 183, 181, 179, 177, 179, 182
2010,14131030,131,CH4 ,10PPBC, 8, 2, 180, 179, 179, 178, 178, 179, 179, 179, 177, 175, 176, 177, 179, 177, 175, 176, 177, 177, 177, 177, 177, 178, 178, 178
2010,14131030,131,CH4 ,10PPBC, 8, 3, 180, 179, 180, 179, 181, 179, 178, 178, 178, 177, 178, 177, 177, 177, 178, 176, 177, 177, 177, 178, 178, 179, 179, 179
2010,14131030,131,CH4 ,10PPBC, 8, 4, 179, 179, 180, 179, 181, 181, 180, 180, 178, 179, 178, 178, 178,9999,9999, 177, 177, 177, 200, 181, 179, 177, 177, 177
2010,14131030,131,CH4 ,10PPBC, 8, 5, 178, 177, 177, 176, 176, 177, 179, 179, 178, 178, 177, 177, 177, 177, 177, 177, 176, 177, 177, 177, 178, 178, 181, 181
2010,14131030,131,CH4 ,10PPBC, 8, 6, 179, 179, 181, 179, 178, 179, 180, 179, 178, 178, 178, 178, 178, 177, 178, 179, 179, 180, 180, 181, 182, 182, 184, 185
2010,14131030,131,CH4 ,10PPBC, 8, 7, 183, 187, 185, 184, 185, 186, 183, 183, 186, 185, 183, 184, 182, 182, 182, 180, 179, 178, 178, 179, 180, 180, 179, 179
2010,14131030,131,CH4 ,10PPBC, 8, 8, 178, 178, 182, 181, 180, 181, 182, 181, 180, 181, 179, 178, 179, 180, 179, 178, 178, 178, 179, 179, 178, 178, 179, 179
2010,14131030,131,CH4 ,10PPBC, 8, 9, 178, 180, 184, 184, 180, 180, 184, 178, 179, 181, 183, 180, 178, 180, 180, 180, 179, 180, 181, 180, 178, 178, 179, 180
2010,14131030,131,CH4 ,10PPBC, 8,10, 178, 179, 177, 179, 178, 178, 178, 178, 178, 177,9999,9999,9999, 177, 176, 175, 176, 177, 178, 177, 177, 177, 177, 177
2010,14131030,131,CH4 ,10PPBC, 8,11, 178, 178, 177, 178, 177, 177, 176, 177, 175, 175, 175, 178, 175, 175, 175, 175, 175, 176, 175, 177, 177, 176, 175, 175
2010,14131030,131,CH4 ,10PPBC, 8,12, 174, 174, 174, 174, 173, 174, 174, 175, 174, 174, 174, 175, 175, 176, 176, 178, 177, 176, 178, 181, 181, 181, 180, 181
2010,14131030,131,CH4 ,10PPBC, 8,13, 182, 181, 183, 185, 186, 186, 186, 188, 186, 189, 196, 198, 190, 186, 185, 184, 184, 185, 187, 186, 190, 193, 189, 189
2010,14131030,131,CH4 ,10PPBC, 8,14, 185, 201, 208, 200, 193, 180, 181, 180, 178, 178, 179, 178, 177, 177, 179, 180, 180, 181, 180, 180, 180, 182, 181, 181
2010,14131030,131,CH4 ,10PPBC, 8,15, 181, 179, 181, 181, 182, 181, 180, 179, 179, 178, 179, 178, 178, 178, 179, 179, 180, 180, 178, 178, 178, 178, 178, 182
2010,14131030,131,CH4 ,10PPBC, 8,16, 182, 184, 189, 194, 197, 199, 201, 198, 197, 197, 190, 186, 189, 193, 186, 189, 188, 185, 185, 187, 190, 190, 193, 192
2010,14131030,131,CH4 ,10PPBC, 8,17,9999, 199, 191, 193, 191, 222, 239, 225, 213, 202, 195, 189, 186, 183, 183, 183, 183, 182, 180, 180, 180, 181, 182, 185
2010,14131030,131,CH4 ,10PPBC, 8,18, 183, 184, 189, 195, 190, 191, 198, 202, 195, 195, 193, 191, 186, 182, 183, 181, 181, 181, 182, 182, 182, 183, 186, 184
2010,14131030,131,CH4 ,10PPBC, 8,19, 193, 209, 189, 207, 198, 200, 191, 191, 190, 188, 188,9999,9999, 191, 185, 185, 186, 185, 184, 185, 188, 188, 188, 189
2010,14131030,131,CH4 ,10PPBC, 8,20, 190, 197, 205, 210, 196, 213, 205, 213, 198, 197, 199, 201, 198, 196, 190, 189, 191, 192, 191, 190, 190, 188, 190, 191
2010,14131030,131,CH4 ,10PPBC, 8,21, 189, 189, 191, 190, 192, 194, 193, 193, 193, 194, 194, 192, 192, 192, 190, 187, 185, 185, 187, 187, 186, 186, 185, 186
2010,14131030,131,CH4 ,10PPBC, 8,22, 186, 187, 187, 186, 185, 184, 186, 188, 186, 184, 184, 184, 183, 183, 183, 183, 182, 182, 183, 184, 185, 185, 186, 187
2010,14131030,131,CH4 ,10PPBC, 8,23, 186, 186, 187, 189, 187, 186, 188, 189, 190, 188, 185, 184, 183, 182, 181, 181, 182, 182, 183, 182, 182, 182, 183, 183
2010,14131030,131,CH4 ,10PPBC, 8,24, 184, 185, 186, 184, 184, 183, 184, 183, 184, 183, 182, 182, 181, 181, 181, 180, 181, 181, 181, 181, 182, 182, 185, 184
2010,14131030,131,CH4 ,10PPBC, 8,25, 184, 185, 187, 185, 185, 185, 187, 187, 185, 182,9999,9999,9999, 182, 181, 181, 180, 181, 181, 183, 182, 183, 183, 183
2010,14131030,131,CH4 ,10PPBC, 8,26, 187, 186, 192, 191, 190, 191, 192, 192, 184, 182, 182, 182, 181, 182, 182, 182, 182, 183, 184, 183, 184, 186, 185, 184
2010,14131030,131,CH4 ,10PPBC, 8,27, 185, 187, 191, 187, 188, 191, 197, 199, 196, 203, 218, 198, 188, 183, 182, 180, 180, 181, 180, 179, 177, 178, 181, 179
2010,14131030,131,CH4 ,10PPBC, 8,28, 180, 180, 180, 178, 178, 180, 182, 181, 182, 180, 179, 178, 178, 177, 178, 178, 178, 178, 177, 178, 179, 179, 181, 181
2010,14131030,131,CH4 ,10PPBC, 8,29, 181, 181, 182, 186, 182, 183, 183, 185, 182, 182, 183, 181, 181, 179, 179, 178, 178, 178, 177, 177, 178, 178, 179, 180
2010,14131030,131,CH4 ,10PPBC, 8,30, 181, 183, 186, 190, 190, 197, 204, 205, 202, 197, 194, 191, 188, 183, 184, 186, 183, 178, 178, 177, 177, 177, 177, 179
2010,14131030,131,CH4 ,10PPBC, 8,31, 180, 180, 181, 181, 184, 188, 194, 200, 203, 199,9999,9999,9999, 184, 183, 180, 178, 178, 179, 181, 182, 180, 178, 178
2010,14131030,131,CH4 ,10PPBC, 9, 1, 178, 177, 178, 178, 179, 182, 182, 181, 183, 182, 179, 178, 179, 180, 179, 179, 179, 182, 184, 184, 183, 184, 183, 184
2010,14131030,131,CH4 ,10PPBC, 9, 2, 184, 185, 184, 184, 185, 185, 185, 186, 186, 186, 186, 185, 184, 184, 184, 183, 183, 183, 184, 184, 183, 184, 184, 184
2010,14131030,131,CH4 ,10PPBC, 9, 3, 183, 184, 184, 185, 186, 189, 191, 193, 186, 185, 183, 183, 183, 182, 181, 181, 182, 181, 182, 183, 184, 183, 184, 185
2010,14131030,131,CH4 ,10PPBC, 9, 4, 189, 187, 188, 189, 187, 186, 189, 189, 192, 195, 191, 187, 186, 185, 185, 185, 184, 184, 183, 182, 183, 183, 184, 185
2010,14131030,131,CH4 ,10PPBC, 9, 5, 184, 185, 187, 187, 191, 192, 189, 190, 189, 183, 181, 181, 181, 181, 181, 181, 180, 180, 180, 180, 181, 181, 181, 180
2010,14131030,131,CH4 ,10PPBC, 9, 6, 180, 181, 180, 179, 177, 181, 177, 177, 178, 178, 178, 177, 177, 175, 176, 176, 177, 177, 179, 180, 179, 179, 179, 177
2010,14131030,131,CH4 ,10PPBC, 9, 7,9999, 188, 176, 177, 177, 176, 177, 177, 178, 177, 178, 178, 178, 178, 178, 178, 179, 180, 180, 180, 180, 179, 179, 180
2010,14131030,131,CH4 ,10PPBC, 9, 8, 179, 179, 183, 185, 186, 185, 186, 189, 199, 196, 190, 184, 178, 176, 176, 185, 191, 195, 190, 186, 185, 185, 183, 183
2010,14131030,131,CH4 ,10PPBC, 9, 9, 185, 186, 186, 186, 186, 187, 187, 187, 187, 188,9999,9999, 189, 189, 188, 187, 187, 188, 188, 188, 201, 207, 205, 195
2010,14131030,131,CH4 ,10PPBC, 9,10, 198, 199, 200, 210, 205, 201, 206, 197, 192, 192, 193, 193, 191, 191, 190, 189, 187, 185, 186, 186, 186, 187, 187, 191
2010,14131030,131,CH4 ,10PPBC, 9,11, 191, 191, 198, 193, 194, 192, 193, 194, 193, 188, 186, 187, 186, 186, 185, 185, 184, 183, 184, 186, 187, 188, 188, 196
2010,14131030,131,CH4 ,10PPBC, 9,12, 197, 192, 200, 199, 198, 193, 194, 196, 200, 194, 208, 204, 196, 188, 187, 186, 186, 187, 187, 189, 189, 193, 193, 192
2010,14131030,131,CH4 ,10PPBC, 9,13, 191, 190, 184, 179, 185, 190, 191, 190, 191, 191, 191, 193, 193, 190, 185, 184, 184, 185, 186, 189, 190, 189, 190, 210
2010,14131030,131,CH4 ,10PPBC, 9,14, 196, 194, 192, 192, 186, 185, 185, 186, 185, 186, 186, 187, 187, 187, 188, 187, 188, 188, 188, 188, 190, 188, 188, 187
2010,14131030,131,CH4 ,10PPBC, 9,15, 190, 205, 210, 198, 197, 198, 196, 194, 194, 196, 193,9999,9999, 193, 191, 190, 190, 193, 198, 197, 194, 191, 190, 191
2010,14131030,131,CH4 ,10PPBC, 9,16, 192, 193, 194, 194, 194, 194, 191, 191, 193, 193, 190, 189, 189, 189, 189, 190, 190, 189, 190, 190, 191, 191, 192, 192
2010,14131030,131,CH4 ,10PPBC, 9,17, 193, 196, 196, 197, 195, 196, 199, 196, 193, 205, 203, 200, 198, 189, 188, 189, 187, 187, 189, 193, 195, 196, 205, 233
2010,14131030,131,CH4 ,10PPBC, 9,18, 242, 221, 204, 199, 197, 197, 196, 195, 196, 193, 193, 192, 192, 189, 187, 186, 187, 187, 187, 187, 189, 190, 191, 190
2010,14131030,131,CH4 ,10PPBC, 9,19, 189, 188, 196, 228, 196, 189, 193, 198, 199, 199, 197, 192, 188, 186, 185, 185, 186, 187, 185, 185, 185, 185, 185, 186
2010,14131030,131,CH4 ,10PPBC, 9,20, 187, 188, 192, 196, 194, 189, 189, 192, 192, 193, 192, 187, 192, 189, 186, 186, 186, 187, 189, 191, 197, 197, 192, 192
2010,14131030,131,CH4 ,10PPBC, 9,21, 194, 199, 201, 199, 199, 197, 196, 197, 198, 198, 202, 204, 204, 204, 199, 195, 192, 192, 193, 191, 194, 196, 196, 201
2010,14131030,131,CH4 ,10PPBC, 9,22,9999, 218, 204, 205, 204, 201, 201, 200, 195, 191, 190, 188, 186, 185, 185, 186, 186, 185, 184, 182, 187, 192, 193, 193
2010,14131030,131,CH4 ,10PPBC, 9,23, 195, 214, 230, 213, 216, 207, 205, 202, 200, 205, 198, 195, 195, 194, 192, 191, 191, 193, 193, 194, 193, 195, 195, 194
2010,14131030,131,CH4 ,10PPBC, 9,24, 195, 193, 192, 195, 199, 196, 193, 192, 193, 194,9999,9999,9999, 190, 191, 193, 193, 192, 193, 194, 193, 191, 192, 192
2010,14131030,131,CH4 ,10PPBC, 9,25, 191, 190, 190, 189, 189, 190, 190, 190, 190, 190, 190, 189, 189, 189, 189, 190, 190, 192, 197, 204, 197, 196, 196, 197
2010,14131030,131,CH4 ,10PPBC, 9,26, 203, 211, 210, 201, 200, 199, 200, 201, 198, 194, 191, 194, 202, 196, 192, 192, 191, 191, 191, 192, 193, 218, 209, 195
2010,14131030,131,CH4 ,10PPBC, 9,27, 197, 226, 222, 214, 227, 208, 197, 194, 195, 194, 190, 190, 190, 189, 189, 188, 189, 189, 189, 189, 189, 190, 191, 191
2010,14131030,131,CH4 ,10PPBC, 9,28, 191, 192, 191, 189, 188, 189, 190, 192, 193, 198, 230, 237, 209, 198, 195, 193, 193, 197, 203, 203, 211, 219, 227, 213
2010,14131030,131,CH4 ,10PPBC, 9,29, 198, 192, 191, 194, 192, 190, 191, 191, 190, 190, 190, 194, 195, 193, 192, 192, 191, 191, 192, 193, 195, 198, 197, 210
2010,14131030,131,CH4 ,10PPBC, 9,30, 222, 207, 202, 199, 197, 196, 196, 199, 197, 197,9999,9999,9999, 199, 200, 199, 198, 197, 195, 211, 220, 202, 199, 197
2010,14131030,131,CH4 ,10PPBC, 9,31,9998,9998,9998,9998,9998,9998,9998,9998,9998,9998,9998,9998,9998,9998,9998,9998,9998,9998,9998,9998,9998,9998,9998,9998
2010,14131030,131,CH4 ,10PPBC,10, 1, 195, 193, 194, 194, 192, 192, 194, 195, 193, 192, 192, 193, 191, 190, 190, 190, 190, 190, 191, 191, 193, 193, 200, 211
2010,14131030,131,CH4 ,10PPBC,10, 2, 227, 233, 208, 200, 196, 195, 196, 196, 196, 195, 190, 191, 194, 192, 189, 188, 188, 189, 190, 191, 190, 190, 191, 231
2010,14131030,131,CH4 ,10PPBC,10, 3, 237, 214, 205, 199, 198, 198, 197, 199, 197, 196, 193, 191, 189, 189, 194, 193, 190, 188, 188, 189, 212, 214, 231, 232
2010,14131030,131,CH4 ,10PPBC,10, 4, 202, 203, 236, 229, 222, 223, 225, 219, 202, 204, 206, 203, 211, 246, 231, 213, 204, 203, 204, 201, 200, 198, 194, 194
2010,14131030,131,CH4 ,10PPBC,10, 5, 195, 196, 197, 196, 193, 193, 193, 195, 199, 196, 195, 193, 191, 190, 189, 190, 190, 189, 190, 190, 191, 192, 192, 196
2010,14131030,131,CH4 ,10PPBC,10, 6, 200, 207, 205, 199, 195, 192, 192, 192, 192, 192, 191, 191, 191, 192, 191, 190, 190, 189, 194, 199, 200, 197, 196, 196
2010,14131030,131,CH4 ,10PPBC,10, 7,9999, 206, 194, 195, 196, 197, 198, 199, 197,9999,9999,9999,9999, 192, 191, 193, 192, 195, 202, 197, 193, 194, 195, 195
2010,14131030,131,CH4 ,10PPBC,10, 8, 197, 196, 194, 194, 195, 196, 196, 195, 193, 191, 193, 193, 193, 191, 190, 189, 189, 189, 190, 189, 189, 189, 191, 208
2010,14131030,131,CH4 ,10PPBC,10, 9, 217, 207, 201, 196, 194, 192, 191, 191, 191, 191, 192, 192, 192, 191, 191, 191, 192, 192, 192, 191, 190, 192, 193, 193
2010,14131030,131,CH4 ,10PPBC,10,10, 193, 193, 194, 194, 193, 191, 190, 190, 193, 195, 194, 192, 192, 206, 210, 209, 203, 201, 201, 203, 211, 217, 222, 226
2010,14131030,131,CH4 ,10PPBC,10,11, 220, 219, 234, 241, 221, 208, 200, 200, 197, 195, 197, 193, 188, 188, 189, 188, 188, 190, 190, 191, 191, 190, 193, 194
2010,14131030,131,CH4 ,10PPBC,10,12, 198, 214, 242, 295, 394, 552, 398, 294, 229, 202, 193, 190, 199, 200, 197, 195, 192, 190, 192, 194, 200, 205, 210, 220
2010,14131030,131,CH4 ,10PPBC,10,13, 229, 227, 222, 214, 208, 207, 207, 206, 206, 203, 199, 201, 203, 196, 191, 189, 188, 187, 185, 186, 188, 191, 192, 193
2010,14131030,131,CH4 ,10PPBC,10,14,9999, 205, 198, 227, 221, 206, 199, 197, 196, 195, 202,9999,9999, 195,9999, 191, 189, 189, 191, 195, 208, 214, 203, 198
2010,14131030,131,CH4 ,10PPBC,10,15, 196, 195, 193, 193, 192, 194, 196, 195, 194, 197, 203, 201, 195, 191, 190, 190, 190, 190, 190, 191, 193, 195, 199, 206
2010,14131030,131,CH4 ,10PPBC,10,16, 207, 208, 202, 197, 194, 193, 193, 195, 194, 194, 194, 197, 195, 195, 192, 190, 190, 190, 191, 191, 192, 194, 194, 200
2010,14131030,131,CH4 ,10PPBC,10,17, 206, 202, 199, 197, 195, 194, 195, 195, 195, 195, 193, 193, 192, 192, 192, 192, 195, 202, 202, 197, 198, 203, 214, 217
2010,14131030,131,CH4 ,10PPBC,10,18, 203, 199, 198, 196, 194, 195, 196, 196, 196, 197, 198, 195, 193, 191, 190, 189, 189, 191, 191, 191, 192, 197, 202, 199
2010,14131030,131,CH4 ,10PPBC,10,19, 197, 196, 194, 193, 192, 193, 193, 193, 194, 194, 194, 195, 195, 194, 195, 193, 196, 195, 195, 197, 197, 199, 197, 199
2010,14131030,131,CH4 ,10PPBC,10,20, 199, 198, 195, 194, 194, 194, 194, 196, 197, 196, 195, 196, 196, 197, 198, 198, 198, 198, 199, 199, 201, 202, 202, 201
2010,14131030,131,CH4 ,10PPBC,10,21,9999, 207, 196, 195, 197, 198, 201, 201, 202, 201, 200,9999,9999,9999, 193, 193, 196, 197, 197, 199, 199, 199, 200, 199
2010,14131030,131,CH4 ,10PPBC,10,22, 200, 197, 196, 196, 193, 192, 194, 198, 197, 195, 192, 193, 191, 195, 195, 200, 200, 195, 200, 195, 194, 194, 195, 201
2010,14131030,131,CH4 ,10PPBC,10,23, 200, 200, 198, 194, 194, 193, 196, 198, 197, 194, 192, 193, 192, 194, 195, 191, 192, 191, 191, 192, 192, 237, 326, 281
2010,14131030,131,CH4 ,10PPBC,10,24, 209, 209, 205, 205, 207, 202, 201, 202, 202, 202, 205, 204, 205, 202, 202, 202, 201, 207, 206, 201, 197, 200, 197, 201
2010,14131030,131,CH4 ,10PPBC,10,25, 201, 199, 197, 197, 194, 195, 193, 194, 193, 198, 210, 209, 201, 197, 202, 226, 239, 219, 200, 202, 203, 203, 212, 236
2010,14131030,131,CH4 ,10PPBC,10,26, 202, 197, 197, 201, 273, 216, 198, 217, 195, 190, 193, 216, 215, 191, 191, 194, 191, 195, 196, 201, 195, 194, 194, 193
2010,14131030,131,CH4 ,10PPBC,10,27, 194, 193, 193, 193, 193, 193, 193, 194, 195, 196, 195,9999,9999, 194, 193, 193, 193, 193, 192, 194, 192, 192, 197, 200
2010,14131030,131,CH4 ,10PPBC,10,28, 199, 197, 196, 194, 194, 194, 195, 195, 194, 194, 191, 190, 189, 190, 189, 189, 190, 190, 190, 190, 191, 190, 191, 190
2010,14131030,131,CH4 ,10PPBC,10,29, 191, 191, 192, 193, 193, 192, 191, 193, 193, 190, 196, 198, 193, 189, 189, 189, 191, 196, 197, 191, 201, 191, 199, 194
2010,14131030,131,CH4 ,10PPBC,10,30, 193, 193, 191, 192, 191, 192, 191, 191, 192, 192, 191, 191, 190, 189, 189, 189, 189, 189, 189, 189, 189, 189, 189, 188
2010,14131030,131,CH4 ,10PPBC,10,31, 188, 188, 189, 189, 190, 189, 190, 189, 190, 190, 190, 190, 189, 189, 189, 191, 192, 193, 193, 192, 195, 191, 190, 191
2010,14131030,131,CH4 ,10PPBC,11, 1, 256, 228, 192, 189, 186, 185, 185, 186, 187, 187, 186, 185, 186, 188, 187, 186, 186, 188, 188, 188, 199, 215, 214, 209
2010,14131030,131,CH4 ,10PPBC,11, 2, 205, 207, 207, 201, 194, 191, 188, 189, 189, 188, 187, 188, 188, 186, 184, 185, 186, 188, 191, 196, 196, 196, 192, 191
2010,14131030,131,CH4 ,10PPBC,11, 3,9999, 202, 193, 193, 194, 194, 195, 196, 194, 193, 193, 192, 193, 193, 196, 195, 192, 193, 193, 193, 195, 196, 196, 197
2010,14131030,131,CH4 ,10PPBC,11, 4, 195, 194, 194, 195, 195, 196, 196, 194, 197, 200, 202, 198,9999,9999,9999, 222, 211, 240, 264, 290, 352, 307, 225, 214
2010,14131030,131,CH4 ,10PPBC,11, 5, 210, 207, 207, 205, 208, 207, 208, 213, 208, 202, 197, 198, 200, 195, 194, 194, 193, 200, 210, 218, 227, 240, 241, 228
2010,14131030,131,CH4 ,10PPBC,11, 6, 213, 215, 210, 206, 205, 204, 207, 212, 206, 205, 204, 202, 207, 208, 198, 196, 197, 199, 201, 203, 204, 219, 230, 223
2010,14131030,131,CH4 ,10PPBC,11, 7, 208, 206, 203, 201, 199, 198, 199, 200, 200, 200, 200, 200, 199, 201, 202, 200, 201, 209, 211, 213, 232, 248, 247, 225
2010,14131030,131,CH4 ,10PPBC,11, 8, 216, 213, 207, 200, 199, 200, 203, 203, 200, 202, 210, 204, 202, 198, 202, 198, 199, 200, 199, 200, 205, 207, 209, 209
2010,14131030,131,CH4 ,10PPBC,11, 9, 213, 212, 208, 210, 213, 213, 202, 199, 202, 192, 192, 191, 190, 190, 190, 191, 192, 195, 196, 196, 197, 198, 197, 204
2010,14131030,131,CH4 ,10PPBC,11,10, 212, 208, 204, 205, 211, 225, 240, 229, 221, 222, 207, 205, 195, 193, 192, 192, 192, 195, 196, 195, 196, 198, 198, 198
2010,14131030,131,CH4 ,10PPBC,11,11,9999, 204, 194, 194, 196, 197, 198, 201, 200, 198,9999,9999,9999, 207, 195, 195, 194, 195, 199, 201, 201, 206, 226, 225
2010,14131030,131,CH4 ,10PPBC,11,12, 225, 213, 210, 209, 207, 204, 201, 206, 210, 211, 206, 203, 195, 192, 192, 191, 191, 192, 197, 200, 201, 208, 214, 217
2010,14131030,131,CH4 ,10PPBC,11,13, 215, 207, 203, 201, 202, 205, 199, 200, 205, 203, 197, 196, 197, 206, 196, 193, 193, 196, 197, 214, 206, 203, 205, 208
2010,14131030,131,CH4 ,10PPBC,11,14, 205, 206, 202, 201, 202, 201, 199, 198, 198, 208, 223, 206, 206, 209, 201, 200, 198, 204, 215, 214, 226, 238, 227, 225
2010,14131030,131,CH4 ,10PPBC,11,15, 219, 225, 223, 215, 206, 205, 207, 200, 197, 196, 197, 196, 197, 197, 211, 192, 194, 198, 196, 197, 197, 202, 196, 201
2010,14131030,131,CH4 ,10PPBC,11,16, 204, 198, 197, 201, 228, 264, 208, 209, 201, 196, 194, 198, 192, 196, 193, 192, 192, 193, 195, 197, 206, 214, 204, 199
2010,14131030,131,CH4 ,10PPBC,11,17, 199, 201, 200, 198, 198, 198, 196, 195, 197, 197, 193,9999,9999, 191, 190, 191, 190, 191, 193, 194, 196, 196, 196, 196
2010,14131030,131,CH4 ,10PPBC,11,18, 196, 199, 200, 200, 198, 196, 198, 200, 200, 198, 194, 191, 190, 191, 190, 189, 190, 193, 194, 195, 196, 197, 197, 199
2010,14131030,131,CH4 ,10PPBC,11,19, 199, 200, 200, 199, 197, 196, 195, 196, 198, 197, 194, 191, 191, 193, 202, 192, 190, 192, 193, 195, 257, 231, 215, 219
2010,14131030,131,CH4 ,10PPBC,11,20, 211, 212, 200, 199, 198, 197, 198, 198, 198, 196, 197, 197, 196, 200, 221, 228, 232, 240, 253, 253, 219, 221, 221, 207
2010,14131030,131,CH4 ,10PPBC,11,21, 199, 199, 199, 199, 199, 197, 198, 198, 198, 197, 195, 195, 195, 194, 196, 196, 198, 201, 203, 207, 205, 204, 207, 213
2010,14131030,131,CH4 ,10PPBC,11,22, 213, 206, 204, 200, 201, 202, 203, 203, 205, 207, 207, 203, 200, 198, 197, 197, 194, 194, 195, 195, 197, 197, 198, 197
2010,14131030,131,CH4 ,10PPBC,11,23, 196, 193, 192, 193, 192, 189, 189, 188, 187, 189, 189, 191, 191, 192, 193, 193, 200, 208, 197, 195, 201, 196, 197, 197
2010,14131030,131,CH4 ,10PPBC,11,24,9999, 205, 191, 191, 193, 193, 197, 196, 197, 192, 192, 192, 198, 197, 194, 191, 191, 192, 191, 189, 210, 287, 246, 275
2010,14131030,131,CH4 ,10PPBC,11,25, 214, 216, 215, 206, 202, 202, 204, 205, 203, 200, 201, 202,9999,9999, 216, 215, 209, 203, 203, 204, 204, 203, 200, 200
2010,14131030,131,CH4 ,10PPBC,11,26, 200, 203, 204, 198, 196, 196, 198, 203, 205, 204, 206, 207, 200, 198, 220, 206, 195, 207, 229, 222, 201, 193, 195, 195
2010,14131030,131,CH4 ,10PPBC,11,27, 194, 193, 193, 192, 191, 191, 192, 193, 193, 195, 192, 191, 195, 194, 187, 188, 189, 188, 188, 188, 190, 200, 213, 213
2010,14131030,131,CH4 ,10PPBC,11,28, 218, 217, 212, 208, 207, 208, 209, 206, 204, 201, 198, 191, 190, 190, 190, 191, 191, 192, 198, 191, 192, 194, 193, 195
2010,14131030,131,CH4 ,10PPBC,11,29, 195, 194, 192, 192, 193, 195, 200, 205, 197, 196, 196, 195, 199, 191, 190, 192, 193, 195, 197, 196, 202, 212, 199, 196
2010,14131030,131,CH4 ,10PPBC,11,30, 198, 197, 196, 194, 195, 195, 196, 195, 199, 201, 207, 204, 197, 193, 194, 195, 194, 195, 195, 201, 201, 202, 205, 201
2010,14131030,131,CH4 ,10PPBC,11,31,9998,9998,9998,9998,9998,9998,9998,9998,9998,9998,9998,9998,9998,9998,9998,9998,9998,9998,9998,9998,9998,9998,9998,9998
2010,14131030,131,CH4 ,10PPBC,12, 1, 200, 201, 201, 203, 202, 204, 209, 215, 213, 252, 213, 198, 198,9999,9999, 204, 211, 203, 193, 194, 229, 238, 217, 219
2010,14131030,131,CH4 ,10PPBC,12, 2, 209, 208, 203, 201, 199, 199, 200, 201, 202, 202, 199, 198, 200, 201, 199, 198, 203, 191, 226, 215, 257, 310, 238, 210
2010,14131030,131,CH4 ,10PPBC,12, 3, 202, 203, 203, 205, 202, 191, 187, 192, 190, 182, 182, 184, 186, 186, 187, 187, 186, 186, 188, 189, 191, 192, 193, 193
2010,14131030,131,CH4 ,10PPBC,12, 4, 191, 192, 192, 193, 196, 195, 194, 197, 194, 196, 193, 193, 191, 190, 193, 193, 197, 194, 193, 193, 194, 194, 194, 195
2010,14131030,131,CH4 ,10PPBC,12, 5, 198, 199, 202, 204, 203, 205, 206, 207, 201, 201, 284, 239, 228, 218, 197, 198, 202, 201, 208, 229, 234, 334, 284, 216
2010,14131030,131,CH4 ,10PPBC,12, 6, 206, 203, 202, 200, 198, 198, 199, 198, 198, 198, 200, 225, 212, 199, 199, 197, 197, 196, 196, 195, 203, 220, 223, 216
2010,14131030,131,CH4 ,10PPBC,12, 7, 213, 211, 209, 208, 212, 213, 281, 218, 209, 205, 200, 196, 192, 192, 193, 195, 194, 193, 193, 199, 193, 193, 191, 191
2010,14131030,131,CH4 ,10PPBC,12, 8,9999, 202, 192, 192, 191, 191, 192, 196, 198, 194, 191,9999,9999,9999, 191, 191, 191, 193, 195, 194, 196, 199, 201, 204
2010,14131030,131,CH4 ,10PPBC,12, 9, 208, 207, 206, 203, 201, 202, 201, 201, 201, 202, 199, 199, 198, 197, 198, 195, 223, 220, 210, 202, 209, 213, 212, 207
2010,14131030,131,CH4 ,10PPBC,12,10, 201, 201, 200, 200, 201, 200, 200, 204, 206, 201, 200, 203, 200, 196, 194, 195, 195, 195, 196, 196, 195, 196, 198, 208
2010,14131030,131,CH4 ,10PPBC,12,11, 217, 225, 229, 221, 210, 208, 209, 211, 215, 202, 195, 194, 192, 191, 191, 191, 192, 193, 194, 195, 194, 195, 196, 195
2010,14131030,131,CH4 ,10PPBC,12,12, 210, 211, 205, 202, 202, 201, 199, 199, 199, 198, 198, 198, 197, 198, 203, 210, 210, 234, 200, 198, 200, 208, 199, 201
2010,14131030,131,CH4 ,10PPBC,12,13, 202, 201, 200, 200, 200, 199, 200, 202, 202, 201, 200, 199, 199, 198, 198, 198, 198, 198, 198, 198, 199, 203, 201, 204
2010,14131030,131,CH4 ,10PPBC,12,14, 208, 209, 204, 199, 198, 198, 201, 200, 203,9999,9999,9999,9999,9999,9999,9999,9999,9999,9999,9999,9999,9999,9999,9999
2010,14131030,131,CH4 ,10PPBC,12,15,9999,9999,9999,9999,9999,9999,9999,9999,9999,9999,9999,9999,9999,9999,9999,9999, 195, 196, 193, 200, 200, 202, 198, 210
2010,14131030,131,CH4 ,10PPBC,12,16, 215, 209, 200, 199, 199, 201, 200, 198, 203, 235, 213, 210, 213, 240, 199, 215, 201, 206, 201, 200, 202, 202, 204, 203
2010,14131030,131,CH4 ,10PPBC,12,17, 203, 204, 204, 202, 199, 199, 201, 201, 204, 200, 197, 194, 194, 195, 196, 194, 195, 196, 202, 216, 253, 253, 242, 214
2010,14131030,131,CH4 ,10PPBC,12,18, 218, 215, 206, 202, 203, 205, 207, 212, 214, 209, 200, 197, 198, 215, 209, 195, 193, 194, 195, 196, 197, 198, 198, 198
2010,14131030,131,CH4 ,10PPBC,12,19, 200, 201, 200, 199, 200, 201, 203, 202, 202, 203, 203, 203, 199, 208, 208, 197, 197, 210, 205, 207, 208, 210, 212, 207
2010,14131030,131,CH4 ,10PPBC,12,20, 205, 202, 201, 200, 200, 203, 204, 210, 215, 210, 204, 198, 191, 190, 205, 216, 245, 258, 251, 209, 201, 203, 203, 207
2010,14131030,131,CH4 ,10PPBC,12,21, 242, 331, 305, 215, 206, 211, 206, 208, 207, 206, 203, 203, 202, 203, 205, 203, 201, 202, 204, 204, 203, 200, 198, 198
2010,14131030,131,CH4 ,10PPBC,12,22,9999, 207, 207, 303, 213, 195, 190, 190, 191, 190, 190,9999, 202, 191, 189, 205, 250, 257, 201, 198, 195, 198, 198, 204
2010,14131030,131,CH4 ,10PPBC,12,23, 210, 209, 202, 193, 195, 195, 194, 194, 193, 194, 193, 192, 192, 192, 192, 192, 193, 194, 197, 198, 198, 199, 201, 207
2010,14131030,131,CH4 ,10PPBC,12,24, 207, 212, 213, 225, 221, 206, 208, 211, 206, 199, 197, 196, 195, 195, 194, 194, 194, 196, 198, 199, 200, 199, 199, 198
2010,14131030,131,CH4 ,10PPBC,12,25, 198, 198, 199, 200, 202, 198, 199, 195, 195, 195, 195, 195, 193, 192, 190, 189, 189, 189, 189, 190, 190, 191, 191, 192
2010,14131030,131,CH4 ,10PPBC,12,26, 193, 193, 193, 194, 195, 194, 197, 197, 195, 195, 197, 196, 194, 194, 195, 194, 195, 197, 197, 197, 197, 197, 198, 198
2010,14131030,131,CH4 ,10PPBC,12,27, 199, 199, 203, 203, 201, 199, 197, 200, 200, 199, 198, 197, 195, 195, 194, 195, 196, 200, 208, 216, 219, 228, 220, 220
2010,14131030,131,CH4 ,10PPBC,12,28, 210, 207, 217, 217, 216, 211, 214, 221, 220, 207, 205, 207, 201, 192, 190, 190, 189, 189, 189, 190, 192, 194, 195, 200
2010,14131030,131,CH4 ,10PPBC,12,29,9999, 215, 205, 199, 200, 203, 204, 201, 202, 202, 200, 197, 195, 193, 195, 194, 195, 196, 196, 197, 197, 198, 199, 200
2010,14131030,131,CH4 ,10PPBC,12,30, 200, 200, 201, 200, 200, 201, 204, 208, 199, 199, 199, 201, 201, 199, 205, 206, 202, 201, 199, 199, 201, 202, 205, 209
2010,14131030,131,CH4 ,10PPBC,12,31, 238, 248, 208, 204, 203, 201, 200, 202, 203, 201, 197, 195, 195, 193, 192, 194, 194, 195, 197, 197, 201, 203, 207, 208
2010,14131030,131,CH4 ,10PPBC, 1, 1, 212, 207, 208, 213, 218, 213, 216, 222, 220, 209, 203, 210, 198, 194, 194, 196, 197, 197, 197, 201, 206, 207, 208, 204
2010,14131030,131,CH4 ,10PPBC, 1, 2, 201, 212, 222, 220, 204, 199, 200, 207, 214, 205, 199, 198, 196, 195, 199, 201, 196, 196, 196, 197, 198, 199, 199, 198
2010,14131030,131,CH4 ,10PPBC, 1, 3, 200, 199, 198, 198, 199, 199, 199, 200, 200, 199, 198, 198, 198, 199, 208, 225, 216, 227, 207, 212, 210, 214, 223, 219
2010,14131030,131,CH4 ,10PPBC, 1, 4, 210, 202, 200, 198, 198, 197, 198, 199, 200, 198, 196, 196, 195, 194, 194, 194, 195, 196, 196, 198, 199, 198, 199, 201
2010,14131030,131,CH4 ,10PPBC, 1, 5,9999, 206, 198, 198, 200, 199, 197, 197, 200, 199, 195, 195, 191, 188, 185, 185, 186, 185, 186, 187, 189, 191, 194, 197
2010,14131030,131,CH4 ,10PPBC, 1, 6, 190, 189, 188, 188, 189, 190, 190, 190, 191, 191,9999,9999,9999, 190, 190, 190, 189, 189, 189, 191, 192, 193, 193, 194
2010,14131030,131,CH4 ,10PPBC, 1, 7, 193, 194, 193, 194, 194, 194, 196, 196, 196, 195, 194, 194, 193, 193, 192, 193, 193, 194, 195, 196, 196, 196, 195, 196
2010,14131030,131,CH4 ,10PPBC, 1, 8, 198, 197, 197, 199, 200, 199, 200, 201, 205, 204, 201, 198, 198, 198, 192, 189, 187, 187, 186, 189, 189, 199, 212, 207
2010,14131030,131,CH4 ,10PPBC, 1, 9, 206, 201, 210, 214, 217, 204, 203, 205, 202, 197, 194, 192, 191, 191, 198, 208, 255, 241, 216, 194, 193, 193, 196, 195
2010,14131030,131,CH4 ,10PPBC, 1,10, 193, 195, 195, 195, 195, 195, 196, 196, 196, 195, 195, 194, 194, 194, 194, 194, 195, 195, 197, 198, 199, 199, 198, 198
2010,14131030,131,CH4 ,10PPBC, 1,11, 197, 197, 197, 197, 197, 197, 197, 199, 201, 201, 204, 198, 194, 196, 191, 197, 193, 191, 204, 199, 193, 194, 195, 196
2010,14131030,131,CH4 ,10PPBC, 1,12, 207, 202, 204, 204, 205, 203, 202, 202, 204, 202, 199, 197, 201, 203, 201, 203, 202, 214, 215, 188, 189, 191, 192, 193
2010,14131030,131,CH4 ,10PPBC, 1,13,9999, 204, 194, 194, 194, 194, 195, 195, 197, 195,9999,9999,9999, 192, 190, 190, 190, 191, 193, 194, 195, 197, 197, 197
2010,14131030,131,CH4 ,10PPBC, 1,14, 198, 198, 199, 200, 200, 200, 204, 215, 215, 205, 201, 216, 208, 194, 193, 191, 190, 196, 222, 227, 248, 261, 235, 222
2010,14131030,131,CH4 ,10PPBC, 1,15, 212, 208, 206, 206, 204, 208, 212, 214, 217, 218, 221, 206, 201, 299, 277, 234, 229, 206, 262, 229, 207, 206, 204, 198
2010,14131030,131,CH4 ,10PPBC, 1,16, 196, 198, 200, 205, 211, 196, 195, 195, 195, 195, 194, 194, 194, 193, 193, 194, 194, 196, 199, 199, 201, 209, 214, 203
2010,14131030,131,CH4 ,10PPBC, 1,17, 198, 197, 197, 202, 206, 212, 215, 217, 211, 206, 201, 193, 190, 189, 189, 189, 189, 189, 191, 193, 194, 194, 197, 200
2010,14131030,131,CH4 ,10PPBC, 1,18, 206, 216, 210, 203, 210, 218, 228, 229, 220, 210, 199, 191, 191, 192, 191, 190, 189, 192, 225, 204, 215, 219, 199, 197
2010,14131030,131,CH4 ,10PPBC, 1,19, 196, 195, 196, 197, 198, 203, 208, 214, 216, 207, 202, 193,9999,9999, 196, 191, 192, 197, 210, 218, 197, 207, 216, 212
2010,14131030,131,CH4 ,10PPBC, 1,20, 212, 216, 206, 202, 203, 201, 206, 204, 203, 200, 198, 197, 199, 194, 194, 194, 194, 194, 193, 195, 196, 197, 198, 198
2010,14131030,131,CH4 ,10PPBC, 1,21, 198, 197, 197, 197, 197, 198, 198, 199, 200, 198, 197, 196, 195, 194, 193, 194, 194, 194, 197, 198, 199, 202, 201, 202
2010,14131030,131,CH4 ,10PPBC, 1,22, 200, 198, 197, 196, 196, 198, 199, 201, 204, 203, 201, 197, 200, 195, 192, 190, 191, 194, 202, 218, 215, 203, 205, 204
2010,14131030,131,CH4 ,10PPBC, 1,23, 209, 215, 224, 218, 215, 212, 211, 211, 209, 205, 208, 205, 201, 199, 201, 203, 200, 201, 201, 203, 201, 201, 204, 207
2010,14131030,131,CH4 ,10PPBC, 1,24, 231, 205, 218, 200, 199, 216, 203, 203, 203, 202, 202, 204, 199, 207, 209, 204, 198, 204, 201, 200, 197, 199, 201, 201
2010,14131030,131,CH4 ,10PPBC, 1,25, 200, 201, 203, 204, 204, 204, 203, 204, 204, 202, 200, 198, 196, 195, 196, 197, 195, 195, 196, 199, 201, 204, 202, 202
2010,14131030,131,CH4 ,10PPBC, 1,26,9999, 204, 195, 198, 201, 205, 207, 211, 210, 201, 201, 204, 195, 191, 191, 190, 189, 188, 188, 191, 192, 193, 194, 195
2010,14131030,131,CH4 ,10PPBC, 1,27, 195, 194, 195, 199, 199, 202, 212, 229, 226,9999,9999,9999, 192, 192, 192, 191, 191, 190, 192, 192, 193, 194, 195, 196
2010,14131030,131,CH4 ,10PPBC, 1,28, 197, 195, 196, 196, 197, 199, 201, 203, 202, 198, 194, 192, 192, 190, 190, 189, 189, 189, 190, 192, 193, 194, 194, 194
2010,14131030,131,CH4 ,10PPBC, 1,29, 195, 194, 194, 194, 197, 198, 196, 198, 196, 219, 203, 194, 193, 191, 190, 190, 188, 190, 191, 192, 196, 205, 207, 205
2010,14131030,131,CH4 ,10PPBC, 1,30, 205, 203, 202, 204, 203, 201, 199, 196, 196, 194, 194, 193, 193, 193, 192, 191, 196, 196, 196, 197, 196, 196, 199, 199
2010,14131030,131,CH4 ,10PPBC, 1,31, 199, 198, 197, 198, 199, 201, 204, 207, 202, 200, 194, 191, 191, 190, 189, 189, 189, 189, 193, 193, 205, 225, 209, 199
2010,14131030,131,CH4 ,10PPBC, 2, 1, 200, 202, 208, 216, 218, 213, 213, 217, 215, 203, 199, 193, 189, 188, 188, 188, 190, 191, 191, 190, 191, 192, 193, 194
2010,14131030,131,CH4 ,10PPBC, 2, 2, 195, 195, 199, 197, 198, 195, 197, 201, 200, 202, 202, 205, 201, 194, 193, 192, 191, 192, 196, 195, 195, 223, 224, 210
2010,14131030,131,CH4 ,10PPBC, 2, 3,9999, 225, 206, 201, 201, 202, 208, 212, 211, 211, 198, 203,9999,9999, 193, 195, 195, 195, 193, 192, 194, 198, 201, 207
2010,14131030,131,CH4 ,10PPBC, 2, 4, 203, 208, 212, 209, 209, 205, 205, 208, 211, 214, 209, 218, 208, 197, 193, 193, 196, 198, 210, 206, 209, 201, 209, 206
2010,14131030,131,CH4 ,10PPBC, 2, 5, 218, 219, 221, 217, 214, 207, 204, 204, 205, 203, 202, 201, 200, 199, 199, 199, 200, 204, 212, 214, 221, 234, 237, 217
2010,14131030,131,CH4 ,10PPBC, 2, 6, 208, 229, 212, 207, 207, 214, 215, 213, 215, 208, 213, 217, 207, 221, 219, 217, 205, 205, 211, 213, 211, 213, 209, 205
2010,14131030,131,CH4 ,10PPBC, 2, 7, 205, 206, 205, 208, 213, 215, 213, 205, 202, 197, 195, 194, 194, 195, 194, 193, 193, 193, 194, 195, 195, 196, 196, 197
2010,14131030,131,CH4 ,10PPBC, 2, 8, 196, 195, 195, 195, 197, 198, 221, 203, 200, 199, 199, 205, 196, 194, 201, 192, 191, 192, 194, 194, 200, 199, 198, 196
2010,14131030,131,CH4 ,10PPBC, 2, 9, 195, 195, 198, 196, 196, 196, 197, 198, 198, 198,9999,9999,9999, 196, 201, 204, 196, 194, 196, 204, 205, 207, 200, 196
2010,14131030,131,CH4 ,10PPBC, 2,10, 197, 197, 196, 196, 196, 197, 197, 199, 199, 199, 197, 197, 195, 196, 198, 199, 198, 198, 200, 209, 196, 196, 197, 197
2010,14131030,131,CH4 ,10PPBC, 2,11, 197, 198, 198, 198, 199, 199, 201, 199, 199, 201, 202, 201, 202, 201, 202, 200, 200, 201, 204, 202, 201, 200, 199, 199
2010,14131030,131,CH4 ,10PPBC, 2,12, 198, 198, 198, 197, 197, 197, 197, 198, 198, 198, 199, 199, 197, 196, 195, 194, 194, 195, 196, 197, 201, 201, 207, 214
2010,14131030,131,CH4 ,10PPBC, 2,13, 213, 212, 207, 206, 208, 210, 209, 211, 207, 201, 198, 198, 198, 197, 197, 197, 199, 199, 205, 207, 205, 205, 208, 207
2010,14131030,131,CH4 ,10PPBC, 2,14, 204, 205, 204, 205, 203, 202, 201, 202, 205, 209, 202, 203, 207, 201, 198, 201, 197, 198, 199, 201, 204, 206, 204, 204
2010,14131030,131,CH4 ,10PPBC, 2,15, 201, 200, 200, 199, 199, 199, 199, 200, 204, 202, 200, 198, 196, 195, 194, 195, 194, 195, 198, 208, 208, 207, 201, 200
2010,14131030,131,CH4 ,10PPBC, 2,16,9999, 206, 195, 194, 195, 195, 196, 197, 199, 200, 198, 206, 203,9999,9999, 193, 192, 193, 196, 200, 198, 208, 212, 211
2010,14131030,131,CH4 ,10PPBC, 2,17, 211, 210, 211, 214, 217, 216, 216, 219, 214, 214, 219, 213, 205, 197, 192, 188, 190, 189, 194, 191, 194, 195, 195, 194
2010,14131030,131,CH4 ,10PPBC, 2,18, 193, 189, 188, 188, 187, 187, 187, 191, 193, 192, 191, 189,9999, 188, 189, 190, 191, 191, 192, 193, 193, 194, 194, 195
2010,14131030,131,CH4 ,10PPBC, 2,19,9999, 202, 192, 192, 192, 192, 193, 193, 194, 194, 195, 197, 196, 192, 193, 191, 190, 190, 191, 193, 191, 195, 218, 199
2010,14131030,131,CH4 ,10PPBC, 2,20,9999, 211, 199, 197, 196, 196, 195, 195, 197, 199, 198, 197, 198, 197, 197, 198, 200, 203, 205, 196, 197, 198, 195, 195
2010,14131030,131,CH4 ,10PPBC, 2,21,9999, 203, 192, 193, 194, 191, 192, 193, 194, 196, 194, 192, 190, 191, 187, 187, 187, 187, 188, 189, 196, 195, 192, 194
2010,14131030,131,CH4 ,10PPBC, 2,22,9999, 211, 198, 197, 194, 201, 200, 203, 202, 194, 193, 192, 190, 190, 191, 192, 188, 189, 190, 190, 191, 190, 192, 202
2010,14131030,131,CH4 ,10PPBC, 2,23,9999, 205, 195, 195, 196, 196, 196, 198, 199, 198, 193, 191, 198, 191, 189, 188, 191, 193, 193, 192, 196, 197, 197, 251
2010,14131030,131,CH4 ,10PPBC, 2,24,9999, 218, 209, 198, 197, 198, 210, 227, 205, 204,9999,9999,9999, 196, 201, 194, 193, 192, 192, 192, 193, 191, 190, 191
2010,14131030,131,CH4 ,10PPBC, 2,25, 190, 190, 189, 190, 190, 190, 191, 189, 190, 189, 188, 187, 186, 186, 185, 186, 187, 188, 190, 193, 193, 193, 193, 194
2010,14131030,131,CH4 ,10PPBC, 2,26,9999, 202, 192, 192, 192, 193, 194, 194, 195, 196, 198, 196, 194, 194, 193, 191, 190, 191, 191, 191, 195, 195, 195, 195
2010,14131030,131,CH4 ,10PPBC, 2,27, 196, 198, 244, 213, 205, 202, 200, 201, 203, 203, 210, 194, 191, 190, 189, 189, 189, 191, 193, 193, 200, 201, 200, 222
2010,14131030,131,CH4 ,10PPBC, 2,28,9999, 227, 204, 199, 196, 194, 196, 198, 196, 197, 193, 192, 191, 191, 191, 191, 191, 190, 191, 193, 194, 195, 196, 195
2010,14131030,131,CH4 ,10PPBC, 2,29,9998,9998,9998,9998,9998,9998,9998,9998,9998,9998,9998,9998,9998,9998,9998,9998,9998,9998,9998,9998,9998,9998,9998,9998
2010,14131030,131,CH4 ,10PPBC, 2,30,9998,9998,9998,9998,9998,9998,9998,9998,9998,9998,9998,9998,9998,9998,9998,9998,9998,9998,9998,9998,9998,9998,9998,9998
2010,14131030,131,CH4 ,10PPBC, 2,31,9998,9998,9998,9998,9998,9998,9998,9998,9998,9998,9998,9998,9998,9998,9998,9998,9998,9998,9998,9998,9998,9998,9998,9998
2010,14131030,131,CH4 ,10PPBC, 3, 1, 195, 195, 196, 196, 196, 197, 197, 197, 199, 201, 200, 205, 234, 244, 215, 189, 214, 200, 193, 193, 194, 196, 196, 195
2010,14131030,131,CH4 ,10PPBC, 3, 2,9999, 209, 199, 198, 222, 195, 195, 197, 195, 194,9999,9999,9999, 194, 194, 196, 193, 192, 193, 195, 196, 197, 198, 199
2010,14131030,131,CH4 ,10PPBC, 3, 3, 199, 198, 198, 198, 198, 198, 199, 199, 199, 198, 197, 195, 194, 193, 193, 192, 193, 193, 194, 195, 195, 196, 197, 198
2010,14131030,131,CH4 ,10PPBC, 3, 4,9999, 203, 193, 193, 195, 195, 195, 196, 197, 193, 192, 191, 190, 190, 191, 191, 190, 192, 194, 195, 196, 196, 198, 198
2010,14131030,131,CH4 ,10PPBC, 3, 5, 197, 200, 200, 201, 201, 202, 202, 199, 197, 196, 195, 194, 193, 193, 189, 189, 188, 188, 190, 192, 192, 193, 195, 196
2010,14131030,131,CH4 ,10PPBC, 3, 6,9999, 207, 200, 199, 200, 198, 200, 202, 203, 203, 219, 253, 227, 260, 208, 195, 189, 190, 208, 212, 215, 208, 207, 207
2010,14131030,131,CH4 ,10PPBC, 3, 7, 200, 198, 197, 199, 198, 194, 195, 195, 194, 194, 197, 196, 195, 192, 191, 190, 189, 188, 193, 195, 194, 203, 206, 192
2010,14131030,131,CH4 ,10PPBC, 3, 8,9999, 207, 195, 201, 203, 204, 206, 210, 215, 205, 201, 199, 196, 195, 193, 192, 192, 192, 191, 191, 193, 197, 204, 214
2010,14131030,131,CH4 ,10PPBC, 3, 9, 203, 200, 199, 199, 199, 199, 200, 202, 209, 195,9999,9999,9999, 193, 192, 192, 191, 192, 193, 194, 195, 195, 196, 197
2010,14131030,131,CH4 ,10PPBC, 3,10, 197, 198, 198, 198, 198, 199, 200, 201, 200, 198, 197, 194, 193, 194, 194, 195, 195, 196, 197, 195, 196, 197, 198, 197
2010,14131030,131,CH4 ,10PPBC, 3,11,9999, 211, 199, 198, 198, 197, 196, 197, 196, 195, 193, 190, 188, 186,9999, 191, 187, 188, 190, 192, 192, 193, 195, 195
2010,14131030,131,CH4 ,10PPBC, 3,12, 195, 197, 198, 201, 203, 205, 206, 203, 200, 198, 196, 194, 194, 198, 197, 201, 198, 198, 199, 204, 199, 198, 206, 208
2010,14131030,131,CH4 ,10PPBC, 3,13,9999, 215, 202, 201, 202, 200, 202, 205, 203, 205, 205, 206, 203, 202, 201, 197, 196, 203, 194, 194, 196, 198, 198, 204
2010,14131030,131,CH4 ,10PPBC, 3,14, 208, 202, 203, 202, 206, 212, 216, 215, 193, 190, 188, 188, 186, 185, 185, 185, 185, 185, 186, 186, 187, 188, 188, 189
2010,14131030,131,CH4 ,10PPBC, 3,15,9999, 210, 198, 197, 196, 197, 197, 194, 197, 197, 199, 205, 217, 210, 202, 194, 195, 194, 195, 198, 198, 198, 201, 204
2010,14131030,131,CH4 ,10PPBC, 3,16, 201, 247, 193, 192, 192, 195, 209, 197, 196, 191, 193, 192, 192, 192, 190, 191, 192, 193, 193, 194, 195, 196, 196, 196
2010,14131030,131,CH4 ,10PPBC, 3,17,9999, 204, 194, 194, 194, 194, 195, 195, 195, 194, 193, 192, 191, 191, 189, 189, 188, 189,9999,9999,9999,9999, 193, 194
2010,14131030,131,CH4 ,10PPBC, 3,18, 194, 194, 193, 194, 195, 195, 196, 198, 200, 194, 193, 191, 192, 191, 192,9999,9999,9999,9999, 190, 193, 192, 192, 193
2010,14131030,131,CH4 ,10PPBC, 3,19, 192, 192, 192, 192, 192, 192, 192, 192, 194, 195, 191, 190, 188, 187, 185, 184, 185, 186, 187, 194, 195, 203, 193, 191
2010,14131030,131,CH4 ,10PPBC, 3,20,9999, 204, 194, 194, 194, 197, 201, 201, 200, 199, 201, 204, 192, 195, 196, 194, 193, 190, 191, 189, 188, 189, 189, 188
2010,14131030,131,CH4 ,10PPBC, 3,21, 188, 188, 187, 186, 187, 187, 193, 197, 198, 199, 198, 198, 197, 201, 194, 192, 192, 192, 194, 194, 193, 194, 202, 203
2010,14131030,131,CH4 ,10PPBC, 3,22,9999, 220, 201, 195, 196, 199, 198, 196, 199, 195, 196, 194, 196, 195, 196, 193, 192, 192,9999,9999,9999, 199, 198, 209
2010,14131030,131,CH4 ,10PPBC, 3,23, 195, 194, 194, 194, 195, 194, 195, 193, 193, 193, 192, 191, 190, 188, 187,9999,9999,9999,9999, 193, 194, 199, 198, 197
2010,14131030,131,CH4 ,10PPBC, 3,24, 195, 200, 196, 199, 200, 202, 198, 196, 195, 196, 201, 199, 193, 195, 193, 190, 190, 189, 189, 193, 195, 193, 197, 197
2010,14131030,131,CH4 ,10PPBC, 3,25,9999, 213, 202, 204, 204, 208, 215, 237, 201, 201,9999,9999,9999,9999, 191, 191, 193, 193, 193, 193, 193, 193, 193, 196
2010,14131030,131,CH4 ,10PPBC, 3,26, 198, 197, 196, 195, 195, 196, 195, 195, 195, 193, 192, 192, 193, 192, 191, 190, 190, 190, 190, 191, 192, 193, 194, 195
2010,14131030,131,CH4 ,10PPBC, 3,27,9999, 202, 192, 192, 193, 193, 193, 193, 192, 192, 191, 190, 191, 191, 192, 192, 194, 193, 193, 196, 197, 195, 195, 196
2010,14131030,131,CH4 ,10PPBC, 3,28, 194, 191, 196, 195, 195, 196, 195, 196, 193, 193, 193, 193, 192, 192, 193, 192, 191, 193, 194, 192, 192, 193, 192, 194
2010,14131030,131,CH4 ,10PPBC, 3,29,9999, 203, 195, 197, 198, 197, 197, 198, 198, 195, 201, 201, 194, 192, 190, 189, 190, 190, 189, 190, 193, 196, 198, 194
2010,14131030,131,CH4 ,10PPBC, 3,30, 196, 197, 199, 198, 196, 195, 197, 198, 197, 196, 193, 196,9999,9999,9999, 193, 191, 192, 191, 193, 194, 198, 195, 194
2010,14131030,131,CH4 ,10PPBC, 3,31, 194, 197, 194, 194, 194, 205, 213, 201, 198, 198, 203, 200, 197, 191, 190, 188, 187, 187, 187, 189, 190, 191, 193, 194
2010,14132060,132,CH4 ,10PPBC, 4, 1, 214, 217, 212, 209, 208, 208, 211, 216, 264, 193, 187, 187, 186, 186, 186, 186, 186, 185, 186, 186, 186, 188, 187, 186
2010,14132060,132,CH4 ,10PPBC, 4, 2, 185, 185, 184, 183, 183, 184, 184, 184, 183, 183, 183, 184, 187, 188, 189, 191, 188, 188, 190, 189, 189, 196, 194, 194
2010,14132060,132,CH4 ,10PPBC, 4, 3, 190, 190, 189, 188, 188, 189, 190, 190, 191, 189, 190, 192, 191, 190, 189, 189, 188, 189, 191, 190, 193, 191, 192, 193
2010,14132060,132,CH4 ,10PPBC, 4, 4,9999, 200, 190, 190, 190, 189, 190, 191, 195, 202, 192, 193, 193, 196, 192, 190, 191, 191, 192, 195, 194, 195, 195, 193
2010,14132060,132,CH4 ,10PPBC, 4, 5, 192, 192, 192, 191, 193, 192, 193, 195, 196, 196, 196,9999, 193, 194, 197, 198, 197, 198, 200, 204, 208, 206, 205, 206
2010,14132060,132,CH4 ,10PPBC, 4, 6, 203, 202, 197, 199, 203, 203, 198, 189, 190, 193, 194, 198, 193, 190, 211, 212, 204, 198, 193, 195, 193, 194, 196, 200
2010,14132060,132,CH4 ,10PPBC, 4, 7, 198, 190, 186, 185, 190, 197, 199, 196, 193, 197, 201, 191, 190, 190, 200, 188, 195, 194, 199, 200, 194, 193, 190, 190
2010,14132060,132,CH4 ,10PPBC, 4, 8, 191, 189, 189, 189, 190, 191, 190, 190, 190, 190, 190, 190, 190, 190, 190, 189, 191, 191, 189, 190, 190, 190, 199, 191
2010,14132060,132,CH4 ,10PPBC, 4, 9, 192, 191, 192, 190, 193, 193, 194, 194, 195, 205, 193, 190, 189, 190, 188, 188, 187, 187, 187, 189, 191, 192, 198, 199
2010,14132060,132,CH4 ,10PPBC, 4,10, 198, 196, 198, 198, 193, 192, 191, 192, 192, 193, 194, 200, 196, 190, 190, 188, 187, 186, 190, 189, 189, 189, 191, 190
2010,14132060,132,CH4 ,10PPBC, 4,11,9999, 202, 191, 190, 191, 188, 189, 191, 190, 188, 190, 192, 191, 196, 197, 191, 189, 193, 191, 188, 188, 195, 190, 189
2010,14132060,132,CH4 ,10PPBC, 4,12, 190, 190, 190, 189, 189, 188, 187, 188, 189, 189, 190,9999,9999, 189, 189, 189, 188, 189, 190, 190, 190, 189, 188, 188
2010,14132060,132,CH4 ,10PPBC, 4,13, 188, 187, 186, 186, 186, 186, 188, 190, 190, 187, 191, 189, 187, 185, 185, 186, 187, 187, 186, 186, 185, 191, 194, 195
2010,14132060,132,CH4 ,10PPBC, 4,14, 198, 193, 188, 187, 187, 186, 187, 187, 188, 187, 187, 188, 191, 191, 190, 189, 189, 190, 188, 188, 190, 190, 189, 189
2010,14132060,132,CH4 ,10PPBC, 4,15, 189, 188, 187, 186, 188, 186, 187, 188, 189, 190, 190, 191, 192, 189, 192, 202, 192, 191, 192, 199, 192, 191, 192, 193
2010,14132060,132,CH4 ,10PPBC, 4,16, 191, 188, 187, 186, 186, 187, 188, 187, 189, 189,9999, 188, 188, 188, 187, 188, 189, 190, 190, 190, 191, 190, 190, 189
2010,14132060,132,CH4 ,10PPBC, 4,17, 189, 188, 188, 188, 188, 187, 187, 189, 189, 190, 189, 188, 187, 186, 189, 188, 188, 188, 189, 189, 189, 190, 193, 194
2010,14132060,132,CH4 ,10PPBC, 4,18,9999, 202, 193, 217, 209, 196, 201, 200, 194, 192, 190, 192, 198, 194, 189, 189, 189, 192, 191, 194, 193, 191, 198, 203
2010,14132060,132,CH4 ,10PPBC, 4,19, 217, 212, 199, 197, 196, 195, 195, 196, 196, 201, 206,9999,9999, 191, 189, 190, 190, 188, 190, 191, 194, 196, 194, 193
2010,14132060,132,CH4 ,10PPBC, 4,20, 191, 190, 187, 187, 186, 193, 196, 197, 186, 186, 184, 185, 184, 185, 185, 187, 186, 185, 187, 190, 193, 191, 195, 199
2010,14132060,132,CH4 ,10PPBC, 4,21, 196, 198, 192, 192, 195, 198, 198, 197, 193, 191, 188, 185, 202, 199, 193, 191, 189, 185, 185, 190, 190, 190, 188, 188
2010,14132060,132,CH4 ,10PPBC, 4,22, 187, 188, 192, 197, 191, 190, 190, 191, 190, 191, 191, 191, 192, 191, 190, 190, 189, 190, 191, 191, 191, 191, 191, 190
2010,14132060,132,CH4 ,10PPBC, 4,23, 188, 188, 188, 189, 188, 188, 189, 191, 192,9999, 192, 191, 191, 191, 192, 190, 190, 198, 220, 213, 200, 195, 190, 193
2010,14132060,132,CH4 ,10PPBC, 4,24, 191, 194, 198, 189, 188, 188, 189, 189, 189, 191, 190, 190, 189, 187, 191, 190, 192, 188, 190, 192, 192, 192, 191, 193
2010,14132060,132,CH4 ,10PPBC, 4,25, 193, 189, 190, 191, 193, 194, 196, 195, 191, 190, 193, 190, 189, 189, 188, 188, 189, 191, 190, 192, 192, 191, 193, 192
2010,14132060,132,CH4 ,10PPBC, 4,26,9999, 206, 197, 195, 195, 194, 194, 195, 193, 192, 191,9999,9999, 190, 188, 190, 190, 191, 192, 189, 189, 189, 189, 189
2010,14132060,132,CH4 ,10PPBC, 4,27, 196, 203, 191, 191, 191, 191, 190, 191, 193, 193, 195, 204, 206, 188, 188, 189, 188, 187, 190, 192, 192, 188, 187, 187
2010,14132060,132,CH4 ,10PPBC, 4,28, 189, 188, 188, 189, 187, 187, 187, 188, 191, 190, 189, 188, 187, 187, 187, 187, 188, 187, 187, 189, 190, 189, 190, 192
2010,14132060,132,CH4 ,10PPBC, 4,29, 192, 192, 196, 194, 194, 187, 187, 186, 187, 185, 185, 185, 184, 185, 185, 186, 186, 188, 189, 190, 190, 191, 190, 191
2010,14132060,132,CH4 ,10PPBC, 4,30, 192, 190, 190, 189, 188, 189, 189, 189, 188, 192, 198, 191, 190, 188, 188, 187, 188, 189, 191, 193, 191, 189, 188, 189
2010,14132060,132,CH4 ,10PPBC, 4,31,9998,9998,9998,9998,9998,9998,9998,9998,9998,9998,9998,9998,9998,9998,9998,9998,9998,9998,9998,9998,9998,9998,9998,9998
2010,14132060,132,CH4 ,10PPBC, 5, 1, 191, 190, 190, 192, 196, 195, 194, 194, 193, 191, 191, 189, 188, 187, 187, 187, 188, 188, 189, 189, 193, 193, 192, 190
2010,14132060,132,CH4 ,10PPBC, 5, 2, 193, 193, 193, 192, 192, 193, 194, 192, 192, 194, 197, 194, 191, 190, 189, 189, 188, 189, 192, 191, 192, 192, 199, 193
2010,14132060,132,CH4 ,10PPBC, 5, 3,9999, 217, 199, 196, 199, 200, 199, 200, 211, 215, 210, 199, 191, 188, 187, 186, 188, 188, 190, 189, 190, 190, 190, 190
2010,14132060,132,CH4 ,10PPBC, 5, 4, 189, 188, 189, 188, 188, 188, 189, 188, 189, 187, 188, 186, 187, 187, 188, 189, 189, 189, 189, 191, 188, 188, 191, 192
2010,14132060,132,CH4 ,10PPBC, 5, 5, 190, 188, 189, 189, 192, 195, 195, 197, 198, 199, 207, 208, 197, 189, 188, 187, 185, 187, 189, 187, 190, 189, 191, 186
2010,14132060,132,CH4 ,10PPBC, 5, 6, 187, 188, 187, 186, 188, 188, 186, 184, 183, 184, 183, 182, 182, 182, 180, 180, 180, 183, 182, 184, 183, 184, 181, 182
2010,14132060,132,CH4 ,10PPBC, 5, 7, 183, 182, 182, 181, 182, 182, 181, 181, 181, 182, 181, 181, 181, 180, 180, 181, 181, 181, 184, 183, 181, 183, 183, 186
2010,14132060,132,CH4 ,10PPBC, 5, 8, 187, 187, 185, 185, 186, 185, 188, 190, 189, 188, 188, 188, 188, 190, 187, 188, 187, 187, 188, 187, 188, 188, 187, 187
2010,14132060,132,CH4 ,10PPBC, 5, 9, 191, 188, 187, 191, 194, 193, 192, 189, 187, 188, 187, 188, 193, 191, 191, 189, 190, 189, 192, 195, 193, 193, 191, 201
2010,14132060,132,CH4 ,10PPBC, 5,10,9999, 199, 190, 190, 189, 192, 191, 192, 192, 191,9999,9999, 195, 192, 191, 191, 188, 190, 191, 193, 193, 194, 194, 193
2010,14132060,132,CH4 ,10PPBC, 5,11, 194, 189, 189, 186, 186, 187, 189, 190, 189, 190, 188, 191, 193, 196, 194, 197, 188, 188, 188, 188, 199, 202, 189, 191
2010,14132060,132,CH4 ,10PPBC, 5,12, 191, 188, 188, 187, 187, 187, 188, 189, 188, 188, 187, 187, 187, 188, 186, 186, 186, 187, 188, 188, 189, 189, 190, 189
2010,14132060,132,CH4 ,10PPBC, 5,13, 189, 189, 188, 188, 188, 188, 189, 189, 188, 187, 186, 187, 187, 187, 186, 186, 187, 187, 188, 188, 188, 189, 191, 190
2010,14132060,132,CH4 ,10PPBC, 5,14, 189, 188, 188, 187, 187, 187, 187, 188, 188, 188, 188, 193, 193, 193, 190, 189, 189, 188, 189, 190, 190, 191, 187, 188
2010,14132060,132,CH4 ,10PPBC, 5,15, 187, 187, 189, 197, 196, 188, 187, 187, 188, 188, 191, 187, 187, 187, 186, 187, 186, 186, 189, 190, 190, 189, 188, 190
2010,14132060,132,CH4 ,10PPBC, 5,16, 191, 198, 193, 194, 199, 201, 195, 190, 189, 189, 187, 186, 185, 186, 187, 186, 185, 186, 185, 188, 187, 189, 190, 193
2010,14132060,132,CH4 ,10PPBC, 5,17,9999, 206, 203, 206, 197, 204, 195, 194, 191, 190, 205,9999,9999, 188, 188, 186, 186, 186, 187, 189, 188, 192, 193, 192
2010,14132060,132,CH4 ,10PPBC, 5,18, 189, 193, 190, 194, 194, 198, 196, 189, 187, 186, 185, 185, 185, 185, 184, 184, 185, 186, 186, 186, 186, 187, 186, 187
2010,14132060,132,CH4 ,10PPBC, 5,19, 185, 184, 184, 184, 184, 184, 184, 185, 184, 184, 184, 184, 183, 184, 185, 185, 185, 188, 187, 186, 187, 187, 185, 186
2010,14132060,132,CH4 ,10PPBC, 5,20, 186, 188, 186, 185, 185, 186, 186, 184, 183, 183, 182, 184, 185, 185, 190, 191, 190, 193, 192, 191, 192, 194, 192, 191
2010,14132060,132,CH4 ,10PPBC, 5,21, 191, 192, 191, 191, 194, 196, 194, 192, 192, 192, 190, 205, 196, 193, 191, 188, 188, 189, 191, 193, 195, 196, 197, 196
2010,14132060,132,CH4 ,10PPBC, 5,22, 197, 198, 199, 199, 200, 202, 195, 191, 194, 198, 198, 193, 194, 195, 194, 196, 195, 194, 191, 193, 193, 192, 191, 193
2010,14132060,132,CH4 ,10PPBC, 5,23, 192, 191, 192, 199, 228, 213, 202, 193, 193, 197, 220, 229, 207, 196, 194, 194, 202, 187, 189, 189, 191, 190, 186, 187
2010,14132060,132,CH4 ,10PPBC, 5,24,9999, 197, 186, 191, 205, 188, 189, 189, 189, 189, 188,9999,9999, 188, 189, 190, 191, 196, 195, 196, 192, 187, 188, 187
2010,14132060,132,CH4 ,10PPBC, 5,25, 187, 188, 188, 187, 187, 189, 189, 189, 189, 187, 187, 187, 188, 188, 188, 188, 190, 192, 192, 194, 194, 194, 192, 192
2010,14132060,132,CH4 ,10PPBC, 5,26, 193, 191, 191, 190, 190, 193, 194, 193, 192, 192, 192, 191, 189, 188, 186, 187, 197, 203, 195, 188, 187, 188, 204, 196
2010,14132060,132,CH4 ,10PPBC, 5,27, 186, 186, 186, 187, 187, 190, 190, 192, 195, 194, 194, 193, 190, 187, 187, 188, 187, 187, 187, 187, 188, 188, 189, 187
2010,14132060,132,CH4 ,10PPBC, 5,28, 186, 186, 186, 185, 186, 185, 186, 186, 186, 187, 187, 191, 189, 189, 189, 188, 189, 188, 190, 190, 191, 189, 192, 192
2010,14132060,132,CH4 ,10PPBC, 5,29, 188, 193, 193, 187, 187, 186, 187, 200, 188, 188, 195, 196, 198, 199, 190, 188, 190, 192, 194, 191, 187, 187, 187, 187
2010,14132060,132,CH4 ,10PPBC, 5,30, 187, 186, 188, 187, 186, 186, 186, 186, 186, 187, 186, 186, 186, 189, 196, 185, 186, 187, 189, 189, 188, 188, 188, 187
2010,14132060,132,CH4 ,10PPBC, 5,31,9999, 200, 194, 192, 211, 193, 201, 215, 206, 202,9999,9999,9999,9999, 188, 189,9999, 188, 188, 187, 189, 189, 190, 189
2010,14132060,132,CH4 ,10PPBC, 6, 1, 187, 191, 205, 191, 189, 188, 189, 188, 194, 206, 196, 195, 188, 186, 187, 187, 186, 188, 190, 191, 192, 192, 191, 190
2010,14132060,132,CH4 ,10PPBC, 6, 2, 189, 192, 190, 239, 217, 219, 188, 191, 200, 203, 194, 190, 189, 189, 190, 190, 189, 189, 191, 188, 191, 197, 194, 193
2010,14132060,132,CH4 ,10PPBC, 6, 3, 194, 190, 192, 195, 196, 204, 199, 194, 193, 199, 191, 186, 186, 185, 186, 186, 186, 185, 185, 185, 186, 187, 186, 188
2010,14132060,132,CH4 ,10PPBC, 6, 4, 187, 190, 194, 197, 192, 196, 193, 188, 188, 187, 185, 185, 185, 185, 185, 185, 185, 184, 185, 185, 186, 186, 188, 188
2010,14132060,132,CH4 ,10PPBC, 6, 5, 190, 191, 189, 189, 190, 192, 191, 192, 192, 190, 191, 191, 195, 190, 188, 189, 189, 189, 188, 188, 187, 188, 194, 191
2010,14132060,132,CH4 ,10PPBC, 6, 6, 188, 189, 188, 193, 227, 207, 189, 189, 194, 199, 195, 193, 192, 191, 192, 189, 187, 187, 187, 187, 188, 187, 189, 190
2010,14132060,132,CH4 ,10PPBC, 6, 7,9999, 198, 189, 191, 193, 196, 192, 190, 191,9999,9999, 212, 193, 187, 186, 187, 187, 188, 188, 187, 187, 188, 187, 188
2010,14132060,132,CH4 ,10PPBC, 6, 8, 186, 187, 186, 186, 187, 192, 191, 191, 197, 187, 223, 199, 199, 191, 186, 191, 192, 210, 199, 187, 189, 191, 189, 190
2010,14132060,132,CH4 ,10PPBC, 6, 9, 191, 191, 190, 191, 188, 189, 194, 196, 198, 196, 194, 191, 197, 195, 205, 198, 190, 187, 192, 195, 191, 189, 189, 191
2010,14132060,132,CH4 ,10PPBC, 6,10, 191, 189, 188, 188, 187, 191, 190, 190, 187, 186, 189, 189, 188, 186, 185, 185, 186, 188, 188, 187, 190, 201, 190, 193
2010,14132060,132,CH4 ,10PPBC, 6,11, 211, 216, 211, 190, 186, 186, 186, 187, 186, 188, 191, 190, 190, 187, 186, 185, 187, 186, 184, 185, 184, 185, 184, 185
2010,14132060,132,CH4 ,10PPBC, 6,12, 187, 188, 188, 185, 187, 189, 189, 186, 185, 187, 188, 184, 183, 183, 183, 182, 182, 183, 184, 185, 187, 184, 185, 185
2010,14132060,132,CH4 ,10PPBC, 6,13, 184, 184, 185, 185, 184, 184, 184, 183, 184, 183, 183, 183, 182, 183, 183, 183, 183, 184, 183, 184, 185, 184, 185, 186
2010,14132060,132,CH4 ,10PPBC, 6,14,9999, 197, 186, 187, 187, 187, 187, 186, 193,9999,9999, 189, 189, 190, 188, 188, 186, 185, 186, 185, 186, 186, 187, 187
2010,14132060,132,CH4 ,10PPBC, 6,15, 189, 193, 195, 200, 198, 201, 197, 193, 191, 188, 189, 187, 186, 187, 188, 188, 189, 190, 188, 187, 186, 186, 189, 191
2010,14132060,132,CH4 ,10PPBC, 6,16, 189, 190, 191, 187, 175, 175, 175, 174, 174, 175, 178, 177, 177, 179, 182, 188, 189, 192, 194, 196, 198, 196, 197, 198
2010,14132060,132,CH4 ,10PPBC, 6,17, 186, 191, 195, 193, 193, 195, 205, 192, 189, 198, 191, 187, 189, 188, 193, 189, 194, 188, 190, 189, 191, 187, 187, 186
2010,14132060,132,CH4 ,10PPBC, 6,18, 187, 185, 185, 184, 187, 195, 198, 194, 195, 195, 198, 193, 187, 187, 180, 184, 181, 180, 207, 186, 186, 187, 188, 189
2010,14132060,132,CH4 ,10PPBC, 6,19, 189, 190, 184, 174, 174, 182, 188, 189, 190, 189, 191, 195, 185, 182, 182, 185, 185, 184, 183, 185, 184, 182, 178, 178
2010,14132060,132,CH4 ,10PPBC, 6,20, 176, 177, 176, 174, 175, 182, 191, 190, 181, 177, 176, 178, 177, 177, 176, 179, 178, 179, 180, 177, 178, 180, 178, 177
2010,14132060,132,CH4 ,10PPBC, 6,21,9999, 189, 178, 178, 178, 179, 178, 181, 179, 178, 180,9999, 177, 175, 177, 176, 178, 180, 182, 185, 189, 189, 186, 189
2010,14132060,132,CH4 ,10PPBC, 6,22, 192, 186, 181, 184, 186, 185, 196, 199, 196, 193, 190, 188, 181, 186, 184, 183, 180, 184, 182, 183, 183, 182, 183, 185
2010,14132060,132,CH4 ,10PPBC, 6,23, 185, 181, 182, 181, 180, 181, 184, 182, 181, 178, 177, 176, 176, 174, 186, 190, 186, 185, 190, 196, 190, 184, 186, 193
2010,14132060,132,CH4 ,10PPBC, 6,24, 197, 199, 198, 192, 194, 189, 190, 193, 194, 193, 194, 208, 206, 198, 199, 195, 196, 199, 200, 202, 202, 196, 196, 201
2010,14132060,132,CH4 ,10PPBC, 6,25, 204, 209, 200, 200, 207, 203, 204, 202, 194, 194, 196, 204, 207, 198, 197, 195, 189, 186, 187, 190, 189, 191, 192, 190
2010,14132060,132,CH4 ,10PPBC, 6,26, 189, 187, 186, 185, 186, 188, 185, 186, 181, 178, 178, 179, 179, 179, 180, 179, 180, 181, 182, 181, 182, 183, 182, 181
2010,14132060,132,CH4 ,10PPBC, 6,27, 179, 179, 178, 179, 180, 178, 179, 178, 179, 177, 177, 176, 179, 177, 177, 176, 177, 177, 177, 180, 180, 188, 184, 182
2010,14132060,132,CH4 ,10PPBC, 6,28,9999, 191, 187, 189, 197, 189, 189, 188, 187,9999,9999, 203, 212, 198, 192, 188, 189, 190, 198, 207, 197, 195, 192, 194
2010,14132060,132,CH4 ,10PPBC, 6,29, 196, 196, 197, 195, 205, 203, 212, 257, 243, 208, 191, 186, 189, 189, 182, 179, 179, 181, 183, 193, 185, 195, 197, 193
2010,14132060,132,CH4 ,10PPBC, 6,30, 188, 188, 188, 186, 184, 180, 181, 182, 182, 183, 184, 182, 180, 182, 183, 194, 193, 189, 197, 196, 212, 188, 193, 194
2010,14132060,132,CH4 ,10PPBC, 6,31,9998,9998,9998,9998,9998,9998,9998,9998,9998,9998,9998,9998,9998,9998,9998,9998,9998,9998,9998,9998,9998,9998,9998,9998
2010,14132060,132,CH4 ,10PPBC, 7, 1, 193, 189, 189, 190, 184, 182, 182, 185, 185, 183, 183, 181, 181, 179, 179, 179, 179, 179, 179, 180, 181, 184, 184, 184
2010,14132060,132,CH4 ,10PPBC, 7, 2, 187, 186, 187, 187, 189, 190, 189, 200, 235, 226, 194, 187, 182, 180, 179, 179, 178, 178, 179, 180, 181, 183, 184, 180
2010,14132060,132,CH4 ,10PPBC, 7, 3, 180, 186, 191, 191, 193, 229, 251, 204, 201, 198, 190, 184, 183, 183, 183, 182, 181, 182, 183, 182, 181, 178, 178, 179
2010,14132060,132,CH4 ,10PPBC, 7, 4, 178, 179, 181, 184, 194, 185, 186, 191, 189, 193, 193, 195, 197, 196, 194, 190, 189, 186, 187, 186, 192, 198, 201, 202
2010,14132060,132,CH4 ,10PPBC, 7, 5,9999, 216, 195, 188, 186, 195, 189, 202, 199, 221, 190,9999,9999, 185, 183, 183, 186, 190, 191, 190, 192, 195, 197, 195
2010,14132060,132,CH4 ,10PPBC, 7, 6, 194, 193, 194, 194, 194, 193, 193, 194, 197, 201, 202, 194, 190, 189, 190, 189, 190, 196, 198, 197, 198, 200, 201, 198
2010,14132060,132,CH4 ,10PPBC, 7, 7, 195, 193, 194, 195, 195, 197, 195, 197, 195, 207, 193, 196, 198, 194, 194, 194, 193, 193, 189, 189, 189, 192, 187, 188
2010,14132060,132,CH4 ,10PPBC, 7, 8, 190, 192, 194, 195, 199, 197, 198, 197, 195, 192, 190, 187, 189, 189, 192, 191, 192, 191, 188, 183, 184, 186, 185, 183
2010,14132060,132,CH4 ,10PPBC, 7, 9, 180, 182, 179, 181, 184, 184, 184, 185, 188, 194, 195, 193, 187, 185, 183, 182, 183, 187, 182, 183, 180, 179, 177, 177
2010,14132060,132,CH4 ,10PPBC, 7,10, 180, 181, 180, 180, 183, 186, 184, 182, 184, 184, 185, 184, 183, 183, 185, 185, 185, 186, 186, 187, 190, 191, 192, 193
2010,14132060,132,CH4 ,10PPBC, 7,11, 197, 196, 194, 202, 201, 201, 202, 201, 198, 195, 206, 198, 187, 185, 180, 180, 179, 177, 177, 177, 177, 177, 176, 176
2010,14132060,132,CH4 ,10PPBC, 7,12,9999, 184, 174, 175, 175, 175, 175, 175, 176, 176,9999,9999, 176, 176, 176, 175, 176, 176, 176, 176, 178, 180, 178, 177
2010,14132060,132,CH4 ,10PPBC, 7,13, 177, 178, 176, 176, 179, 188, 199, 203, 200, 196, 194, 204, 203, 198, 194, 193, 191, 191, 191, 192, 194, 194, 192, 194
2010,14132060,132,CH4 ,10PPBC, 7,14, 197, 197, 195, 197, 198, 200, 197, 179, 176, 176, 177, 177, 176, 176, 176, 176, 176, 178, 177, 177, 179, 178, 177, 177
2010,14132060,132,CH4 ,10PPBC, 7,15, 178, 179, 177, 176, 178, 178, 178, 176, 177, 177, 176, 177, 176, 177, 176, 175, 176, 176, 177, 178, 179, 179, 179, 178
2010,14132060,132,CH4 ,10PPBC, 7,16, 179, 178, 177, 181, 179, 176, 177, 177, 178, 176, 176, 175, 176, 176, 175, 176, 176, 177, 177, 177, 178, 179, 180, 181
2010,14132060,132,CH4 ,10PPBC, 7,17, 180, 178, 180, 179, 179, 177, 177, 177, 177, 178, 177, 178, 178, 178, 178, 178, 177, 177, 178, 178, 178, 181, 179, 180
2010,14132060,132,CH4 ,10PPBC, 7,18, 182, 181, 181, 178, 178, 180, 180, 178, 178, 177, 177, 176, 176, 175, 175, 175, 176, 178, 177, 178, 178, 179, 179, 179
2010,14132060,132,CH4 ,10PPBC, 7,19,9999, 201, 182, 179, 181, 184, 178, 178, 177, 177, 177, 176, 177, 177, 176, 176, 176, 178, 179, 179, 180, 182, 180, 181
2010,14132060,132,CH4 ,10PPBC, 7,20, 183, 183, 182, 183, 183, 189, 195, 190, 189, 190, 191, 188, 184, 182, 180, 180, 180, 180, 180, 182, 180, 181, 180, 182
2010,14132060,132,CH4 ,10PPBC, 7,21, 187, 187, 186, 191, 195, 194, 191, 195, 193,9999,9999, 194, 189, 189, 193, 187, 184, 180, 180, 183, 185, 184, 188, 188
2010,14132060,132,CH4 ,10PPBC, 7,22, 186, 187, 186, 185, 185, 188, 192, 191, 192, 197, 189, 184, 182, 180, 180, 180, 180, 180, 180, 181, 178, 177, 179, 179
2010,14132060,132,CH4 ,10PPBC, 7,23, 180, 182, 180, 183, 188, 190, 191, 194, 194, 190, 195, 204, 200, 201, 191, 189, 184, 180, 180, 181, 179, 179, 181, 179
2010,14132060,132,CH4 ,10PPBC, 7,24, 178, 179, 180, 186, 189, 186, 188, 188, 187, 186, 190, 199, 195, 192, 187, 183, 182, 180, 180, 182, 180, 181, 182, 182
2010,14132060,132,CH4 ,10PPBC, 7,25, 182, 182, 182, 182, 184, 185, 190, 188, 184, 182, 181, 178, 176, 175, 176, 177, 178, 181, 180, 179, 182, 183, 192, 191
2010,14132060,132,CH4 ,10PPBC, 7,26, 189, 185, 184, 185, 184, 184, 184, 185, 187, 193, 190, 182,9999,9999, 178, 178, 178, 178, 177, 179, 184, 181, 182, 184
2010,14132060,132,CH4 ,10PPBC, 7,27, 184, 185, 185, 185, 183, 187, 186, 184, 178, 177, 175, 176, 176, 175, 175, 176, 175, 176, 178, 179, 178, 178, 179, 179
2010,14132060,132,CH4 ,10PPBC, 7,28, 178, 177, 177, 178, 178, 178, 177, 175, 176, 176, 176, 176, 177, 176, 176, 177, 177, 179, 179, 180, 179, 181, 179, 180
2010,14132060,132,CH4 ,10PPBC, 7,29, 180, 178, 178, 179, 179, 179, 180, 179, 180, 179, 180, 178, 178, 176, 177, 176, 177, 177, 177, 177, 176, 176, 175, 176
2010,14132060,132,CH4 ,10PPBC, 7,30, 176, 175, 175, 175, 176, 175, 175, 174, 175, 176, 174, 173, 176, 175, 175, 175, 175, 176, 178, 178, 180, 182, 187, 185
2010,14132060,132,CH4 ,10PPBC, 7,31, 182, 188, 188, 191, 192, 189, 189, 188, 197, 203, 191, 182, 178, 177, 177, 179, 180, 180, 181, 183, 186, 184, 183, 187
2010,14132060,132,CH4 ,10PPBC, 8, 1, 187, 191, 183, 185, 185, 187, 189, 191, 191, 188, 184, 181, 180, 180, 182, 183, 182, 181, 181, 179, 178, 176, 181, 181
2010,14132060,132,CH4 ,10PPBC, 8, 2,9999, 199, 181, 177, 177, 182, 179, 178, 177, 174, 174,9999, 175, 175, 175, 174, 175, 175, 176, 177, 177, 177, 178, 177
2010,14132060,132,CH4 ,10PPBC, 8, 3, 176, 175, 176, 177, 177, 177, 176, 175, 175, 176, 175, 176, 176, 176, 176, 175, 175, 175, 175, 176, 176, 177, 177, 176
2010,14132060,132,CH4 ,10PPBC, 8, 4, 177, 175, 175, 177, 177, 179, 179, 177, 176, 177, 175, 175, 176, 175, 174, 174, 175, 175, 176, 176, 177, 176, 177, 176
2010,14132060,132,CH4 ,10PPBC, 8, 5, 177, 175, 176, 176, 174, 176, 175, 175, 175, 175, 175, 175, 175, 175, 176, 176, 174, 175, 176, 176, 176, 177, 177, 176
2010,14132060,132,CH4 ,10PPBC, 8, 6, 176, 176, 176, 176, 177, 178, 177, 177, 176, 177, 177, 176, 176, 176, 176, 177, 177, 177, 178, 179, 179, 181, 180, 180
2010,14132060,132,CH4 ,10PPBC, 8, 7, 180, 180, 181, 180, 180, 183, 182, 178, 182, 182, 181, 181, 181, 180, 179, 178, 178, 177, 176, 176, 177, 178, 179, 181
2010,14132060,132,CH4 ,10PPBC, 8, 8, 179, 177, 176, 177, 178, 180, 182, 179, 178, 177, 177, 176, 176, 176, 176, 176, 175, 177, 178, 177, 176, 178, 179, 175
2010,14132060,132,CH4 ,10PPBC, 8, 9,9999, 197, 175, 175, 177, 176, 183, 181, 177, 181, 182,9999,9999, 175, 175, 175, 176, 176, 176, 179, 178, 179, 177, 178
2010,14132060,132,CH4 ,10PPBC, 8,10, 180, 177, 178, 181, 179, 175, 176, 176, 176, 177, 175, 175, 174, 175, 174, 173, 174, 175, 176, 177, 176, 175, 175, 176
2010,14132060,132,CH4 ,10PPBC, 8,11, 175, 176, 175, 174, 174, 174, 175, 174, 173, 172, 173, 174, 174, 173, 172, 174, 173, 174, 174, 174, 175, 175, 174, 175
2010,14132060,132,CH4 ,10PPBC, 8,12, 175, 174, 173, 173, 174, 174, 173, 173, 172, 173, 172, 172, 174, 176, 177, 176, 176, 177, 178, 178, 181, 183, 179, 181
2010,14132060,132,CH4 ,10PPBC, 8,13, 185, 181, 179, 186, 182, 184, 187, 184, 185, 186,9999, 193, 186, 182, 181, 180, 181, 180, 183, 184, 183, 186, 189, 190
2010,14132060,132,CH4 ,10PPBC, 8,14, 192, 200, 196, 194, 193, 189, 179, 175, 178, 177, 174, 176, 176, 176, 177, 177, 177, 176, 178, 180, 179, 179, 179, 180
2010,14132060,132,CH4 ,10PPBC, 8,15, 179, 178, 180, 178, 178, 176, 176, 177, 177, 177, 177, 176, 175, 176, 176, 178, 177, 176, 178, 180, 181, 178, 179, 180
2010,14132060,132,CH4 ,10PPBC, 8,16,9999, 202, 190, 193, 195, 196, 198, 196, 192, 191,9999,9999, 186, 193, 190, 188, 187, 183, 183, 186, 192, 187, 186, 185
2010,14132060,132,CH4 ,10PPBC, 8,17, 184, 184, 184, 187, 200, 239, 207, 200, 196, 189, 189, 185, 182, 181, 179, 179, 179, 179, 179, 178, 178, 180, 182, 181
2010,14132060,132,CH4 ,10PPBC, 8,18, 181, 185, 191, 188, 185, 188, 189, 190, 189, 187, 186, 188, 186, 181, 183, 178, 178, 181, 180, 182, 178, 182, 181, 193
2010,14132060,132,CH4 ,10PPBC, 8,19, 193, 186, 189, 188, 184, 185, 198, 187, 195, 196, 192, 192, 185, 190, 185, 183, 183, 184, 184, 182, 186, 200, 196, 196
2010,14132060,132,CH4 ,10PPBC, 8,20, 194, 193, 190, 190, 188, 190, 190, 190, 192, 197, 195, 196, 195, 195, 188, 185, 188, 188, 188, 188, 188, 188, 188, 190
2010,14132060,132,CH4 ,10PPBC, 8,21, 189, 188, 188, 187, 188, 192, 195, 196, 195, 195, 194, 193, 191, 190, 187, 185, 185, 184, 185, 186, 186, 186, 184, 185
2010,14132060,132,CH4 ,10PPBC, 8,22, 186, 184, 183, 183, 183, 183, 183, 183, 183, 183, 185, 184, 182, 182, 181, 182, 182, 182, 182, 184, 184, 184, 183, 183
2010,14132060,132,CH4 ,10PPBC, 8,23,9999, 205, 187, 183, 183, 186, 186, 185, 185, 186, 188,9999,9999, 183, 182, 182, 181, 183, 182, 182, 183, 183, 182, 183
2010,14132060,132,CH4 ,10PPBC, 8,24, 182, 182, 182, 182, 181, 182, 182, 181, 180, 181, 182, 183, 181, 182, 181, 182, 183, 182, 182, 182, 182, 184, 182, 185
2010,14132060,132,CH4 ,10PPBC, 8,25, 184, 182, 180, 182, 183, 188, 187, 184, 182, 182, 182, 181, 181, 181, 181, 180, 179, 183, 182, 183, 183, 183, 182, 184
2010,14132060,132,CH4 ,10PPBC, 8,26, 182, 187, 188, 186, 187, 188, 189, 189, 182, 182, 182, 181, 180, 179, 180, 181, 181, 182, 183, 183, 184, 183, 184, 184
2010,14132060,132,CH4 ,10PPBC, 8,27, 185, 185, 182, 184, 184, 192, 197, 196, 193, 189, 205, 194, 186, 182, 182, 180, 177, 177, 177, 178, 178, 177, 178, 179
2010,14132060,132,CH4 ,10PPBC, 8,28, 179, 177, 175, 176, 175, 176, 176, 178, 179, 178, 179, 177, 177, 176, 176, 176, 176, 177, 178, 176, 178, 178, 179, 181
2010,14132060,132,CH4 ,10PPBC, 8,29, 183, 181, 179, 180, 185, 191, 189, 182, 180, 180, 182, 178, 176, 176, 177, 176, 177, 176, 177, 178, 178, 178, 180, 183
2010,14132060,132,CH4 ,10PPBC, 8,30,9999, 203, 184, 183, 192, 199, 202, 205, 212, 203, 198,9999,9999, 182, 182, 185, 183, 177, 178, 179, 177, 177, 178, 180
2010,14132060,132,CH4 ,10PPBC, 8,31, 181, 181, 182, 185, 193, 193, 200, 213, 207, 196, 182, 182, 186, 182, 182, 182, 178, 178, 178, 182, 184, 179, 178, 179
2010,14132060,132,CH4 ,10PPBC, 9, 1, 179, 180, 180, 181, 177, 176, 176, 176, 176, 178, 178, 178, 178, 177, 176, 177, 178, 180, 182, 184, 182, 181, 181, 180
2010,14132060,132,CH4 ,10PPBC, 9, 2, 181, 181, 183, 183, 183, 185, 184, 183, 183, 183, 184, 183, 182, 182, 182, 181, 182, 183, 184, 183, 182, 183, 184, 185
2010,14132060,132,CH4 ,10PPBC, 9, 3, 184, 183, 182, 182, 185, 186, 192, 185, 182, 182, 182, 181, 181, 180, 181, 181, 181, 181, 182, 183, 185, 183, 186, 182
2010,14132060,132,CH4 ,10PPBC, 9, 4, 182, 185, 189, 189, 184, 184, 186, 186, 187, 189, 189, 185, 185, 185, 184, 183, 182, 182, 181, 180, 180, 183, 184, 184
2010,14132060,132,CH4 ,10PPBC, 9, 5, 182, 184, 183, 182, 182, 188, 192, 185, 184, 183, 179, 179, 179, 180, 180, 180, 180, 180, 179, 178, 179, 180, 180, 181
2010,14132060,132,CH4 ,10PPBC, 9, 6,9999, 199, 178, 179, 177, 176, 177, 176, 175, 176, 177, 176, 175, 175, 174, 173, 174, 176, 176, 177, 178, 179, 178, 176
2010,14132060,132,CH4 ,10PPBC, 9, 7, 175, 175, 175, 173, 173, 174, 174, 175, 174, 173, 175, 174, 174, 173, 173, 173, 174, 174, 175, 176, 177, 176, 175, 177
2010,14132060,132,CH4 ,10PPBC, 9, 8, 179, 182, 182, 183, 185, 183, 185, 188, 189, 190,9999,9999, 174, 176, 176, 189, 192, 189, 186, 184, 182, 183, 181, 183
2010,14132060,132,CH4 ,10PPBC, 9, 9, 185, 185, 185, 186, 186, 186, 186, 187, 187, 189, 189, 189, 189, 187, 188, 193, 187, 186, 187, 191, 191, 201, 189, 192
2010,14132060,132,CH4 ,10PPBC, 9,10, 191, 191, 194, 218, 202, 197, 201, 208, 193, 192, 195, 192, 191, 190, 190, 187, 186, 188, 187, 187, 190, 191, 192, 194
2010,14132060,132,CH4 ,10PPBC, 9,11, 198, 194, 189, 188, 187, 188, 189, 190, 191, 189, 187, 188, 187, 185, 183, 183, 184, 185, 188, 187, 188, 193, 188, 188
2010,14132060,132,CH4 ,10PPBC, 9,12, 195, 196, 195, 197, 199, 198, 197, 197, 244, 211, 212, 192, 193, 193, 194, 197, 185, 184, 185, 189, 188, 190, 194, 194
2010,14132060,132,CH4 ,10PPBC, 9,13, 194, 192, 192, 196, 190, 190, 188, 189, 188, 190, 186,9999,9999,9999, 186, 183, 182, 183, 187, 186, 188, 192, 191, 186
2010,14132060,132,CH4 ,10PPBC, 9,14, 183, 183, 184, 185, 191, 191, 189, 183, 185, 184, 186, 187, 190, 187, 186, 185, 187, 188, 189, 191, 186, 185, 185, 189
2010,14132060,132,CH4 ,10PPBC, 9,15, 186, 187, 188, 188, 188, 189, 190, 189, 190, 190, 191, 189, 188, 188, 187, 187, 188, 188, 188, 187, 187, 188, 187, 190
2010,14132060,132,CH4 ,10PPBC, 9,16, 192, 191, 191, 191, 192, 192, 189, 191, 190, 189, 187, 186, 185, 186, 187, 187, 188, 188, 188, 189, 189, 190, 191, 190
2010,14132060,132,CH4 ,10PPBC, 9,17, 192, 195, 195, 193, 194, 195, 196, 195, 190, 204, 208, 203, 203, 192, 189, 191, 190, 189, 192, 191, 192, 198, 203, 202
2010,14132060,132,CH4 ,10PPBC, 9,18, 202, 197, 197, 194, 190, 194, 191, 189, 192, 190, 186, 186, 189, 189, 184, 184, 184, 186, 187, 188, 189, 188, 187, 190
2010,14132060,132,CH4 ,10PPBC, 9,19, 189, 188, 210, 251, 193, 192, 194, 198, 200, 199, 199, 194, 185, 183, 184, 183, 185, 187, 185, 185, 185, 186, 189, 191
2010,14132060,132,CH4 ,10PPBC, 9,20,9999, 214, 195, 197, 194, 189, 197, 201, 195, 192, 194, 191, 198, 198, 191, 184, 185, 187, 186, 189, 190, 193, 191, 193
2010,14132060,132,CH4 ,10PPBC, 9,21, 198, 198, 197, 197, 194, 193, 192, 193, 192, 191, 203, 205,9999, 203, 199, 196, 191, 192, 190, 199, 191, 193, 197, 204
2010,14132060,132,CH4 ,10PPBC, 9,22, 213, 207, 206, 199, 201, 204, 201, 196, 196, 196, 190, 185, 183, 182, 182, 182, 181, 182, 184, 184, 189, 191, 200, 206
2010,14132060,132,CH4 ,10PPBC, 9,23, 194, 195, 192, 191, 190, 189, 189, 189, 191, 190, 190, 194, 190, 190, 189, 190, 189, 189, 189, 189, 190, 190, 191, 192
2010,14132060,132,CH4 ,10PPBC, 9,24, 190, 191, 190, 191, 191, 189, 190, 192, 190, 190, 189, 189, 189, 189, 189, 188, 188, 188, 190, 189, 190, 191, 190, 190
2010,14132060,132,CH4 ,10PPBC, 9,25, 188, 188, 188, 188, 188, 188, 188, 189, 189, 189, 188, 188, 188, 187, 187, 188, 188, 193, 210, 217, 194, 194, 195, 200
2010,14132060,132,CH4 ,10PPBC, 9,26, 205, 207, 197, 200, 201, 198, 198, 197, 194, 191, 190, 195, 201, 193, 191, 190, 192, 192, 190, 190, 201, 195, 196, 206
2010,14132060,132,CH4 ,10PPBC, 9,27, 195, 196, 204, 201, 189, 189, 188, 187, 187, 187, 187, 187, 186, 187, 186, 185, 186, 186, 186, 187, 189, 190, 189, 189
2010,14132060,132,CH4 ,10PPBC, 9,28,9999, 208, 186, 186, 186, 187, 188, 191, 191, 194, 200, 197,9999,9999, 187, 188, 189, 195, 210, 215, 216, 225, 238, 205
2010,14132060,132,CH4 ,10PPBC, 9,29, 190, 188, 189, 187, 185, 187, 187, 187, 187, 186, 187, 189, 191, 189, 190, 189, 189, 189, 189, 189, 189, 191, 196, 212
2010,14132060,132,CH4 ,10PPBC, 9,30, 196, 198, 195, 192, 193, 192, 192, 192, 193, 193, 192, 193, 194, 196, 198, 196, 194, 192, 192, 192, 192, 196, 195, 194
2010,14132060,132,CH4 ,10PPBC, 9,31,9998,9998,9998,9998,9998,9998,9998,9998,9998,9998,9998,9998,9998,9998,9998,9998,9998,9998,9998,9998,9998,9998,9998,9998
2010,14132060,132,CH4 ,10PPBC,10, 1, 191, 190, 189, 188, 187, 189, 189, 189, 190, 191, 189, 188, 187, 186, 188, 187, 186, 186, 189, 189, 189, 214, 215, 191
2010,14132060,132,CH4 ,10PPBC,10, 2, 194, 194, 189, 190, 189, 190, 191, 189, 187, 189, 190, 189, 188, 191, 188, 191, 186, 187, 188, 188, 193, 212, 201, 191
2010,14132060,132,CH4 ,10PPBC,10, 3, 191, 190, 194, 193, 193, 195, 196, 195, 193, 191, 187, 188, 187, 186, 195, 188, 185, 186, 190, 224, 194, 192, 213, 251
2010,14132060,132,CH4 ,10PPBC,10, 4, 291, 238, 199, 196, 194, 197, 197, 192, 194, 196, 196, 196, 202, 249, 245, 196, 195, 196, 196, 197, 196, 194, 195, 194
2010,14132060,132,CH4 ,10PPBC,10, 5,9999, 217, 196, 192, 192, 190, 191, 192, 201, 196, 193, 193, 192, 193, 190, 189, 192, 192, 196, 195, 198, 195, 204, 222
2010,14132060,132,CH4 ,10PPBC,10, 6, 206, 203, 195, 194, 192, 190, 191, 192, 191,9999,9999, 190, 188, 189, 189, 194, 194, 200, 191, 190, 189, 191, 190, 191
2010,14132060,132,CH4 ,10PPBC,10, 7, 190, 191, 194, 194, 194, 196, 198, 196, 194, 191, 190, 189, 188, 188, 188, 189, 189, 190, 189, 189, 190, 191, 191, 192
2010,14132060,132,CH4 ,10PPBC,10, 8, 191, 191, 189, 188, 190, 191, 191, 190, 189, 188, 189, 190, 191, 194, 189, 189, 192, 203, 197, 201, 212, 212, 193, 193
2010,14132060,132,CH4 ,10PPBC,10, 9, 197, 193, 193, 190, 189, 188, 191, 190, 191, 189, 190, 190, 189, 189, 188, 189, 190, 190, 189, 188, 189, 191, 190, 190
2010,14132060,132,CH4 ,10PPBC,10,10, 191, 191, 191, 189, 188, 189, 188, 189, 192, 191, 191, 190, 190, 198, 208, 215, 199, 201, 213, 217, 237, 246, 245, 239
2010,14132060,132,CH4 ,10PPBC,10,11, 226, 237, 234, 217, 196, 193, 194, 194, 189, 188, 194, 185, 185, 187, 190, 187, 188, 191, 193, 193, 195, 203, 207, 213
2010,14132060,132,CH4 ,10PPBC,10,12, 216, 216, 256, 262, 249, 219, 205, 232, 193, 189, 192,9999,9999, 194, 193, 190, 191, 191, 197, 197, 208, 216, 220, 219
2010,14132060,132,CH4 ,10PPBC,10,13, 226, 226, 209, 202, 205, 204, 204, 205, 202, 198, 195, 195, 193, 198, 188, 186, 187, 186, 186, 188, 192, 197, 194, 194
2010,14132060,132,CH4 ,10PPBC,10,14, 193, 222, 209, 192, 190, 190, 191, 192, 192, 189, 189, 192, 195, 191, 198, 204, 188, 187, 195, 193, 191, 191, 190, 190
2010,14132060,132,CH4 ,10PPBC,10,15, 188, 189, 189, 189, 190, 191, 193, 190, 188, 188, 191, 197, 192, 191, 191, 190, 190, 188, 189, 193, 197, 200, 205, 252
2010,14132060,132,CH4 ,10PPBC,10,16, 249, 199, 191, 191, 188, 189, 190, 191, 192, 190, 189, 196, 192, 188, 188, 187, 189, 188, 189, 190, 194, 192, 195, 220
2010,14132060,132,CH4 ,10PPBC,10,17, 205, 200, 193, 191, 191, 191, 191, 191, 192, 192, 190, 190, 188, 187, 187, 188, 190, 190, 192, 194, 197, 199, 199, 193
2010,14132060,132,CH4 ,10PPBC,10,18, 194, 192, 191, 192, 192, 191, 191, 192, 193, 192, 193,9999, 195, 189, 186, 185, 186, 186, 187, 193, 200, 189, 189, 189
2010,14132060,132,CH4 ,10PPBC,10,19, 188, 189, 187, 187, 190, 190, 191, 191, 190, 189, 189, 188, 188, 188, 188, 188, 187, 188, 188, 189, 191, 192, 192, 192
2010,14132060,132,CH4 ,10PPBC,10,20, 190, 189, 190, 191, 190, 189, 192, 192, 191, 192, 193, 191, 192, 193, 194, 193, 193, 194, 195, 196, 198, 199, 198, 196
2010,14132060,132,CH4 ,10PPBC,10,21, 195, 194, 192, 194, 194, 197, 199, 201, 200, 198, 196, 197, 196, 192, 190, 192, 191, 191, 193, 196, 195, 194, 194, 194
2010,14132060,132,CH4 ,10PPBC,10,22, 195, 190, 189, 188, 188, 188, 189, 188, 189, 188, 187, 187, 186, 186, 186, 186, 186, 186, 186, 187, 186, 187, 188, 192
2010,14132060,132,CH4 ,10PPBC,10,23, 190, 190, 189, 189, 188, 190, 191, 193, 191, 187, 188, 188, 187, 186, 187, 190, 191, 196, 191, 211, 203, 224, 196, 200
2010,14132060,132,CH4 ,10PPBC,10,24, 204, 202, 198, 199, 199, 195, 196, 196, 195, 194, 195, 197, 199, 196, 196, 197, 198, 199, 199, 194, 193, 194, 192, 194
2010,14132060,132,CH4 ,10PPBC,10,25,9999, 215, 194, 194, 191, 188, 190, 191, 190, 193, 194,9999,9999, 193, 193, 209, 228, 229, 203, 202, 207, 228, 229, 210
2010,14132060,132,CH4 ,10PPBC,10,26, 198, 194, 194, 196, 196, 205, 239, 217, 190, 188, 194, 189, 189, 194, 194, 189, 188, 189, 190, 191, 191, 190, 190, 190
2010,14132060,132,CH4 ,10PPBC,10,27, 190, 189, 188, 188, 188, 188, 189, 189, 190, 190, 190, 189, 189, 189, 189, 189, 191, 191, 189, 190, 191, 190, 193, 194
2010,14132060,132,CH4 ,10PPBC,10,28, 195, 194, 193, 192, 191, 193, 193, 193, 192, 191, 189, 189, 189, 190, 190, 189, 190, 190, 190, 191, 190, 190, 191, 190
2010,14132060,132,CH4 ,10PPBC,10,29, 190, 191, 191, 190, 189, 189, 189, 191, 190, 189, 189, 189, 189, 196, 192, 194, 189, 189, 189, 189, 189, 189, 190, 192
2010,14132060,132,CH4 ,10PPBC,10,30, 192, 191, 191, 191, 191, 190, 190, 190, 190, 191, 191, 191, 191, 191, 190, 190, 189, 189, 189, 189, 189, 189, 188, 188
2010,14132060,132,CH4 ,10PPBC,10,31, 188, 188, 188, 189, 188, 189, 190, 190, 190, 190, 189, 189, 188, 187, 187, 188, 189, 189, 189, 190, 190, 190, 189, 188
2010,14132060,132,CH4 ,10PPBC,11, 1,9999, 208, 189, 188, 185, 186, 185, 187, 187, 186, 185,9999,9999, 188, 188, 187, 189, 187, 188, 190, 210, 220, 216, 210
2010,14132060,132,CH4 ,10PPBC,11, 2, 204, 208, 202, 193, 192, 189, 190, 191, 189, 188, 187, 187, 188, 187, 186, 186, 189, 190, 191, 193, 195, 201, 195, 193
2010,14132060,132,CH4 ,10PPBC,11, 3, 191, 190, 189, 191, 191, 192, 193, 191, 190, 190, 190, 189, 189, 189, 191, 189, 190, 190, 190, 191, 192, 195, 193, 193
2010,14132060,132,CH4 ,10PPBC,11, 4, 191, 190, 190, 190, 191, 190, 190, 192, 194, 197, 199, 198, 196, 193, 190, 193, 225, 251, 240, 247, 262, 248, 216, 201
2010,14132060,132,CH4 ,10PPBC,11, 5, 203, 200, 200, 201, 201, 201, 211, 203, 200, 194, 191, 189, 195, 198, 191, 189, 190, 203, 220, 241, 254, 232, 224, 205
2010,14132060,132,CH4 ,10PPBC,11, 6, 204, 204, 201, 201, 198, 197, 199, 201, 198, 196, 195, 193, 194, 214, 199, 194, 192, 193, 197, 215, 220, 223, 229, 208
2010,14132060,132,CH4 ,10PPBC,11, 7, 202, 199, 196, 194, 193, 193, 193, 195, 195, 196, 196, 193, 192, 192, 190, 194, 196, 196, 210, 230, 240, 237, 228, 214
2010,14132060,132,CH4 ,10PPBC,11, 8,9999, 225, 199, 194, 194, 193, 196, 195, 194, 195, 201,9999,9999, 195, 196, 195, 195, 199, 200, 211, 199, 205, 202, 203
2010,14132060,132,CH4 ,10PPBC,11, 9, 206, 202, 201, 204, 207, 209, 206, 210, 208, 187, 186, 185, 186, 185, 185, 186, 187, 189, 190, 191, 193, 198, 201, 206
2010,14132060,132,CH4 ,10PPBC,11,10, 205, 202, 196, 200, 209, 212, 216, 206, 206, 209, 209, 204, 192, 189, 189, 188, 188, 193, 189, 190, 190, 192, 192, 194
2010,14132060,132,CH4 ,10PPBC,11,11, 194, 192, 192, 194, 194, 193, 194, 196, 197, 195, 191, 189, 190, 196, 195, 193, 193, 192, 194, 204, 217, 230, 227, 223
2010,14132060,132,CH4 ,10PPBC,11,12, 220, 206, 205, 204, 201, 197, 196, 204, 205, 206, 205, 200, 191, 188, 189, 190, 193, 195, 195, 195, 211, 207, 212, 214
2010,14132060,132,CH4 ,10PPBC,11,13, 209, 202, 201, 199, 197, 198, 196, 194, 197, 199, 195, 192, 192, 192, 200, 192, 194, 200, 234, 202, 200, 210, 203, 208
2010,14132060,132,CH4 ,10PPBC,11,14, 207, 205, 198, 197, 196, 195, 194, 195, 196, 196, 199, 204, 202, 203, 197, 195, 198, 204, 218, 231, 244, 227, 220, 213
2010,14132060,132,CH4 ,10PPBC,11,15,9999, 240, 216, 210, 199, 205, 202, 200, 194, 192, 193,9999,9999, 191, 192, 200, 189, 188, 191, 190, 191, 192, 190, 190
2010,14132060,132,CH4 ,10PPBC,11,16, 190, 190, 191, 193, 195, 193, 193, 193, 193,9999,9999,9999,9999,9999,9999,9999,9999,9999,9999,9999,9999,9999,9999,9999
2010,14132060,132,CH4 ,10PPBC,11,17,9999,9999,9999,9999,9999,9999,9999,9999,9999,9999,9999,9999,9999, 188, 188, 188, 189, 189, 190, 191, 191, 192, 191, 191
2010,14132060,132,CH4 ,10PPBC,11,18, 192, 193, 194, 193, 191, 191, 192, 195, 194, 193, 190, 189, 188, 189, 188, 188, 188, 190, 191, 192, 191, 190, 193, 193
2010,14132060,132,CH4 ,10PPBC,11,19, 194, 195, 194, 192, 190, 190, 191, 190, 193, 192, 190, 190, 190, 189, 192, 196, 187, 189, 191, 208, 199, 207, 214, 207
2010,14132060,132,CH4 ,10PPBC,11,20, 203, 202, 195, 194, 192, 191, 192, 193, 194, 192, 191, 191, 191, 189, 189, 192, 193, 197, 207, 223, 239, 223, 211, 199
2010,14132060,132,CH4 ,10PPBC,11,21, 196, 197, 196, 194, 194, 193, 193, 193, 192, 192, 192, 190, 192, 190, 189, 190, 192, 197, 203, 207, 205, 213, 206, 209
2010,14132060,132,CH4 ,10PPBC,11,22, 201, 197, 196, 196, 196, 194, 196, 199, 200, 202, 199,9999,9999, 192, 192, 191, 189, 191, 190, 192, 193, 193, 194, 192
2010,14132060,132,CH4 ,10PPBC,11,23, 191, 189, 188, 188, 186, 184, 185, 184, 184, 186, 187, 187, 187, 189, 189, 189, 190, 190, 192, 190, 191, 192, 191, 190
2010,14132060,132,CH4 ,10PPBC,11,24, 189, 189, 188, 188, 189, 189, 189, 189, 189, 189, 190, 190, 191, 196, 195, 188, 189, 190, 192, 196, 193, 196, 211, 208
2010,14132060,132,CH4 ,10PPBC,11,25, 212, 215, 205, 202, 200, 197, 199, 199, 197, 193, 194, 196, 198, 195, 208, 207, 197, 196, 197, 197, 197, 196, 196, 196
2010,14132060,132,CH4 ,10PPBC,11,26, 195, 197, 195, 192, 192, 193, 195, 198, 198, 199, 197, 191, 189, 191, 210, 218, 206, 217, 191, 190, 190, 188, 189, 189
2010,14132060,132,CH4 ,10PPBC,11,27, 188, 188, 189, 187, 187, 187, 189, 190, 188, 188, 187, 189, 187, 199, 186, 185, 187, 188, 189, 188, 191, 214, 228, 227
2010,14132060,132,CH4 ,10PPBC,11,28,9999, 217, 208, 208, 207, 210, 211, 207, 202, 198, 197, 190, 189, 189, 189, 190, 188, 191, 195, 191, 191, 192, 191, 191
2010,14132060,132,CH4 ,10PPBC,11,29, 192, 192, 191, 189, 190, 192, 195, 205, 195, 192, 192, 191, 194, 189, 188, 189, 189, 190, 195, 199, 206, 197, 195, 195
2010,14132060,132,CH4 ,10PPBC,11,30, 196, 194, 193, 192, 192, 192, 192, 194, 192, 192, 192,9999, 197, 190, 193, 191, 194, 203, 206, 206, 203, 201, 201, 197
2010,14132060,132,CH4 ,10PPBC,11,31,9998,9998,9998,9998,9998,9998,9998,9998,9998,9998,9998,9998,9998,9998,9998,9998,9998,9998,9998,9998,9998,9998,9998,9998
2010,14132060,132,CH4 ,10PPBC,12, 1, 197, 197, 197, 198, 201, 201, 208, 211, 207, 222, 197, 193, 191, 212, 215, 200, 205, 216, 194, 201, 228, 219, 218, 206
2010,14132060,132,CH4 ,10PPBC,12, 2, 204, 203, 199, 197, 194, 195, 196, 200, 199, 197, 195, 194, 194, 194, 192, 193, 198, 200, 203, 205, 209, 212, 211, 204
2010,14132060,132,CH4 ,10PPBC,12, 3, 202, 200, 197, 197, 196, 195, 194, 186, 192, 182, 182, 183, 185, 186, 186, 185, 185, 185, 186, 187, 188, 189, 190, 190
2010,14132060,132,CH4 ,10PPBC,12, 4, 189, 188, 189, 187, 188, 188, 195, 194, 193, 194, 190, 190, 189, 188, 188, 194, 197, 190, 191, 191, 191, 193, 192, 192
2010,14132060,132,CH4 ,10PPBC,12, 5, 194, 196, 201, 197, 196, 196, 201, 202, 195, 197, 201, 235, 223, 224, 205, 194, 196, 210, 222, 240, 258, 263, 213, 208
2010,14132060,132,CH4 ,10PPBC,12, 6,9999, 200, 198, 197, 196, 195, 195, 196, 195, 195, 194,9999,9999, 199, 198, 196, 198, 198, 199, 208, 223, 228, 223, 212
2010,14132060,132,CH4 ,10PPBC,12, 7, 209, 213, 210, 207, 206, 204, 205, 207, 205, 202, 197, 194, 192, 191, 191, 193, 192, 190, 191, 192, 193, 191, 191, 190
2010,14132060,132,CH4 ,10PPBC,12, 8, 189, 189, 188, 188, 187, 187, 188, 190, 192, 191, 188, 188, 188, 188, 187, 187, 188, 190, 190, 190, 189, 192, 197, 197
2010,14132060,132,CH4 ,10PPBC,12, 9, 198, 196, 197, 193, 192, 190, 192, 193, 194, 194,9999, 191, 194, 196, 193, 191, 195, 205, 202, 203, 215, 207, 204, 197
2010,14132060,132,CH4 ,10PPBC,12,10, 193, 194, 193, 192, 192, 194, 191, 195, 197, 195, 190, 196, 195, 192, 191, 191, 193, 193, 193, 194, 193, 191, 202, 207
2010,14132060,132,CH4 ,10PPBC,12,11, 215, 223, 219, 204, 199, 200, 200, 202, 203, 198, 188, 188, 187, 187, 188, 186, 188, 189, 191, 189, 187, 188, 192, 199
2010,14132060,132,CH4 ,10PPBC,12,12,9999, 201, 198, 194, 193, 190, 190, 190, 191, 189, 189, 189, 189, 190, 190, 190, 196, 193, 192, 201, 199, 189, 190, 190
2010,14132060,132,CH4 ,10PPBC,12,13, 190, 190, 191, 190, 190, 191, 193, 192, 192, 191,9999,9999, 191, 190, 190, 190, 191, 191, 192, 192, 194, 195, 192, 193
2010,14132060,132,CH4 ,10PPBC,12,14, 196, 198, 192, 189, 189, 189, 190, 195, 196, 195, 195, 193, 190, 191, 240, 188, 189, 192, 193, 196, 217, 224, 206, 208
2010,14132060,132,CH4 ,10PPBC,12,15, 214, 206, 209, 205, 200, 202, 209, 196, 192, 190, 189, 191, 194, 202, 208, 192, 192, 191, 195, 189, 189, 189, 189, 189
2010,14132060,132,CH4 ,10PPBC,12,16, 189, 189, 189, 189, 188, 190, 190, 189, 190, 192, 213, 200, 192, 193, 219, 193, 192, 193, 194, 195, 196, 196, 198, 196
2010,14132060,132,CH4 ,10PPBC,12,17, 197, 198, 198, 196, 195, 195, 197, 195, 196, 194, 191, 190, 190, 189, 194, 189, 189, 200, 213, 209, 202, 204, 206, 213
2010,14132060,132,CH4 ,10PPBC,12,18, 211, 204, 199, 197, 197, 199, 200, 208, 202, 199, 193, 192, 192, 197, 197, 189, 189, 189, 190, 189, 191, 191, 190, 191
2010,14132060,132,CH4 ,10PPBC,12,19, 190, 190, 190, 188, 190, 192, 192, 192, 194, 195, 194, 194, 190, 191, 203, 203, 205, 193, 193, 202, 203, 202, 200, 196
2010,14132060,132,CH4 ,10PPBC,12,20,9999, 214, 192, 194, 192, 195, 198, 204, 203,9999,9999,9999, 187, 187, 204, 207, 208, 219, 227, 206, 201, 204, 205, 207
2010,14132060,132,CH4 ,10PPBC,12,21, 208, 215, 218, 208, 205, 205, 205, 202, 201, 201, 197, 197, 196, 195, 196, 196, 195, 195, 197, 196, 196, 193, 191, 193
2010,14132060,132,CH4 ,10PPBC,12,22, 192, 193, 195, 206, 251, 191, 189, 190, 190, 189, 190, 192, 191, 186, 186, 221, 207, 198, 191, 192, 193, 194, 193, 196
2010,14132060,132,CH4 ,10PPBC,12,23, 200, 193, 188, 187, 190, 192, 190, 190, 188, 188, 187, 187, 187, 187, 187, 188, 188, 189, 191, 192, 194, 197, 200, 203
2010,14132060,132,CH4 ,10PPBC,12,24, 201, 202, 210, 222, 214, 207, 207, 213, 211, 197, 194, 189, 191, 189, 189, 189, 189, 191, 193, 193, 193, 194, 192, 192
2010,14132060,132,CH4 ,10PPBC,12,25, 193, 192, 192, 193, 196, 191, 193, 188, 187, 187, 187, 188, 188, 187, 187, 187, 188, 188, 189, 189, 189, 188, 187, 187
2010,14132060,132,CH4 ,10PPBC,12,26, 188, 187, 188, 188, 186, 188, 187, 186, 187, 188, 188, 187, 187, 188, 186, 187, 187, 187, 188, 190, 189, 189, 193, 196
2010,14132060,132,CH4 ,10PPBC,12,27,9999, 215, 194, 197, 193, 189, 190, 195, 193,9999, 190, 189, 189, 189, 189, 192, 193, 198, 203, 214, 227, 216, 207, 209
2010,14132060,132,CH4 ,10PPBC,12,28, 210, 215, 212, 207, 211, 208, 211, 213, 213, 201, 198, 199, 196, 190, 189, 189, 188, 189, 191, 189, 190, 191, 194, 197
2010,14132060,132,CH4 ,10PPBC,12,29, 200, 203, 200, 195, 198, 198, 204, 201, 197, 195, 192, 192, 190, 189, 190, 190, 192, 191, 191, 192, 193, 193, 193, 196
2010,14132060,132,CH4 ,10PPBC,12,30, 198, 198, 196, 195, 194, 194, 198, 203, 210, 192, 192, 195, 195, 194, 202, 198, 195, 194, 193, 193, 195, 195, 198, 200
2010,14132060,132,CH4 ,10PPBC,12,31, 203, 203, 197, 196, 195, 194, 196, 198, 198, 197, 192, 190, 189, 189, 191, 190, 190, 191, 191, 194, 196, 197, 201, 204
2010,14132060,132,CH4 ,10PPBC, 1, 1, 208, 212, 213, 213, 208, 207, 210, 206, 203, 204, 196, 193, 190, 189, 189, 190, 190, 190, 192, 194, 196, 194, 196, 200
2010,14132060,132,CH4 ,10PPBC, 1, 2, 208, 194, 190, 192, 199, 196, 207, 207, 203, 201, 190, 191, 189, 190, 193, 195, 193, 191, 191, 191, 192, 194, 193, 192
2010,14132060,132,CH4 ,10PPBC, 1, 3,9999, 212, 189, 190, 190, 190, 191, 192, 192, 192, 191, 190, 190, 189, 189, 195, 191, 192, 197, 200, 216, 218, 221, 208
2010,14132060,132,CH4 ,10PPBC, 1, 4, 199, 193, 192, 190, 190, 189, 191, 192, 193, 191,9999,9999, 189, 189, 189, 189, 189, 189, 190, 191, 191, 192, 194, 194
2010,14132060,132,CH4 ,10PPBC, 1, 5, 197, 198, 198, 196, 195, 195, 194, 196, 198, 197, 193, 191, 190, 189, 188, 190, 188, 191, 193, 190, 191, 194, 194, 200
2010,14132060,132,CH4 ,10PPBC, 1, 6, 191, 189, 189, 187, 188, 188, 188, 189, 189, 188, 188, 188, 187, 188, 189, 188, 188, 190, 190, 191, 190, 191, 190, 189
2010,14132060,132,CH4 ,10PPBC, 1, 7, 189, 188, 188, 188, 188, 189, 190, 190, 189, 190, 189, 190, 188, 188, 188, 187, 188, 189, 190, 190, 192, 190, 191, 190
2010,14132060,132,CH4 ,10PPBC, 1, 8, 190, 192, 191, 192, 195, 194, 196, 197, 199, 196, 192, 192, 192, 192, 191, 189, 190, 190, 200, 203, 213, 216, 207, 206
2010,14132060,132,CH4 ,10PPBC, 1, 9, 206, 205, 215, 215, 216, 213, 209, 200, 200, 194, 188, 188, 187, 223, 227, 230, 201, 211, 193, 189, 188, 189, 190, 189
2010,14132060,132,CH4 ,10PPBC, 1,10, 189, 189, 190, 189, 190, 190, 190, 190, 190, 190, 189, 190, 190, 190, 190, 189, 190, 192, 192, 193, 194, 193, 193, 191
2010,14132060,132,CH4 ,10PPBC, 1,11,9999, 211, 191, 190, 191, 190, 190, 192, 196, 195,9999, 193, 192, 192, 191, 193, 193, 192, 207, 208, 196, 195, 194, 202
2010,14132060,132,CH4 ,10PPBC, 1,12, 193, 194, 195, 196, 198, 196, 196, 198, 200, 197, 196, 195,9999,9999, 209, 207, 209, 222, 199, 190, 191, 190, 191, 191
2010,14132060,132,CH4 ,10PPBC, 1,13, 191, 190, 190, 190, 190, 190, 190, 192, 192, 190, 190, 189, 190, 190, 190, 191, 190, 191, 192, 195, 193, 195, 193, 191
2010,14132060,132,CH4 ,10PPBC, 1,14, 192, 191, 191, 192, 194, 196, 198, 202, 206, 200, 196, 198, 217, 203, 196, 195, 195, 197, 221, 252, 270, 234, 221, 214
2010,14132060,132,CH4 ,10PPBC, 1,15, 205, 202, 200, 200, 199, 204, 206, 208, 208, 213, 209, 198, 197, 278, 219, 207, 236, 232, 200, 202, 206, 206, 200, 196
2010,14132060,132,CH4 ,10PPBC, 1,16, 194, 196, 196, 195, 194, 191, 190, 191, 190, 191, 190, 191, 190, 189, 189, 190, 190, 191, 195, 197, 207, 216, 207, 203
2010,14132060,132,CH4 ,10PPBC, 1,17, 198, 197, 194, 199, 224, 210, 219, 223, 224, 201,9999,9999, 190, 188, 188, 190, 188, 188, 190, 190, 191, 191, 194, 199
2010,14132060,132,CH4 ,10PPBC, 1,18, 210, 218, 216, 202, 218, 219, 222, 214, 207, 201, 194, 188, 190, 189, 190, 190, 191, 194, 203, 240, 246, 219, 196, 193
2010,14132060,132,CH4 ,10PPBC, 1,19, 191, 192, 191, 191, 194, 200, 202, 212, 205, 198, 197, 190, 191, 198, 196, 190, 190, 198, 212, 203, 200, 191, 193, 198
2010,14132060,132,CH4 ,10PPBC, 1,20, 205, 197, 195, 193, 195, 195, 196, 198, 195, 192, 190, 189, 191, 194, 192, 190, 196, 189, 189, 189, 190, 190, 190, 189
2010,14132060,132,CH4 ,10PPBC, 1,21, 189, 188, 188, 188, 188, 188, 187, 190, 190, 189, 188, 188, 189, 188, 187, 189, 192, 192, 195, 194, 197, 194, 192, 193
2010,14132060,132,CH4 ,10PPBC, 1,22, 190, 188, 188, 188, 187, 189, 189, 193, 193, 194, 191, 190, 187, 190, 191, 187, 189, 192, 201, 222, 209, 197, 198, 202
2010,14132060,132,CH4 ,10PPBC, 1,23, 204, 210, 210, 208, 205, 198, 198, 199, 200, 195, 196, 194, 190, 190, 190, 194, 193, 192, 193, 193, 192, 192, 194, 196
2010,14132060,132,CH4 ,10PPBC, 1,24,9999, 215, 195, 194, 191, 195, 193, 194, 196, 195, 192, 193, 194, 193, 194, 204, 203, 199, 195, 195, 191, 194, 194, 194
2010,14132060,132,CH4 ,10PPBC, 1,25, 192, 191, 193, 194, 194, 193, 192, 194, 195, 193,9999,9999, 189, 189, 189, 189, 191, 191, 191, 193, 193, 195, 194, 193
2010,14132060,132,CH4 ,10PPBC, 1,26, 193, 191, 192, 195, 200, 203, 209, 214, 209, 199, 195, 194, 196, 194, 193, 192, 191, 190, 190, 193, 192, 193, 193, 192
2010,14132060,132,CH4 ,10PPBC, 1,27, 192, 191, 193, 196, 199, 203, 208, 218, 211, 200, 193, 191, 191, 190, 192, 193, 191, 190, 191, 190, 191, 190, 191, 190
2010,14132060,132,CH4 ,10PPBC, 1,28, 190, 190, 190, 190, 191, 192, 196, 197, 195, 192, 190, 189, 189, 189, 189, 189, 188, 189, 189, 189, 190, 189, 190, 189
2010,14132060,132,CH4 ,10PPBC, 1,29, 189, 188, 187, 187, 188, 189, 189, 189, 193, 191, 197, 195, 192, 191, 190, 190, 190, 192, 197, 198, 196, 201, 202, 202
2010,14132060,132,CH4 ,10PPBC, 1,30, 199, 199, 197, 200, 198, 197, 193, 193, 190, 188, 188, 188, 189, 190, 188, 188, 192, 192, 193, 192, 191, 192, 193, 193
2010,14132060,132,CH4 ,10PPBC, 1,31, 194, 191, 191, 190, 190, 193, 198, 200, 197, 193, 190, 189, 188, 189, 190, 189, 189, 191, 198, 209, 221, 217, 196, 197
2010,14132060,132,CH4 ,10PPBC, 2, 1,9999, 222, 213, 217, 218, 211, 218, 213, 207, 201, 194, 193,9999,9999,9999, 210, 189, 191, 189, 191, 191, 191, 191, 190
2010,14132060,132,CH4 ,10PPBC, 2, 2, 190, 189, 190, 189, 189, 189, 192, 193, 195, 195, 197, 197, 205, 194, 200, 191, 190, 190, 193, 193, 209, 195, 194, 198
2010,14132060,132,CH4 ,10PPBC, 2, 3, 211, 206, 198, 197, 198, 199, 205, 210, 206, 203, 200, 196, 201, 205, 194, 193, 193, 195, 196, 194, 195, 200, 201, 206
2010,14132060,132,CH4 ,10PPBC, 2, 4, 210, 208, 206, 202, 197, 196, 198, 200, 206, 200, 200, 197, 196, 192, 190, 188, 189, 192, 197, 212, 223, 200, 199, 195
2010,14132060,132,CH4 ,10PPBC, 2, 5, 212, 221, 208, 208, 203, 199, 197, 196, 198, 196, 195, 194, 194, 195, 204, 202, 199, 204, 209, 217, 221, 227, 224, 205
2010,14132060,132,CH4 ,10PPBC, 2, 6, 206, 196, 196, 201, 208, 206, 205, 206, 204, 198, 195, 208, 211, 209, 206, 219, 215, 201, 206, 203, 204, 205, 200, 199
2010,14132060,132,CH4 ,10PPBC, 2, 7, 200, 201, 200, 205, 210, 209, 207, 201, 197, 191, 192,9999,9999, 193, 191, 191, 191, 191, 191, 192, 191, 191, 191, 190
2010,14132060,132,CH4 ,10PPBC, 2, 8, 190, 189, 188, 188, 189, 189, 191, 191, 192, 191, 191, 194, 209, 203, 199, 201, 196, 193, 191, 203, 195, 192, 191, 191
2010,14132060,132,CH4 ,10PPBC, 2, 9, 190, 190, 190, 191, 189, 189, 189, 192, 191, 190, 190, 191, 192, 192, 192, 195, 197, 199, 200, 207, 207, 220, 193, 191
2010,14132060,132,CH4 ,10PPBC, 2,10, 191, 190, 189, 188, 188, 188, 189, 190, 192, 191, 190, 190, 189, 190, 191, 193, 195, 196, 202, 193, 191, 191, 191, 191
2010,14132060,132,CH4 ,10PPBC, 2,11, 190, 190, 190, 190, 191, 191, 190, 190, 191, 192, 193, 193, 193, 192, 192, 193, 191, 193, 195, 194, 193, 193, 192, 190
2010,14132060,132,CH4 ,10PPBC, 2,12, 189, 188, 188, 188, 188, 188, 189, 189, 190, 191, 189, 190, 191, 188, 190, 191, 189, 192, 191, 194, 196, 201, 207, 205
2010,14132060,132,CH4 ,10PPBC, 2,13, 203, 201, 203, 198, 202, 201, 198, 197, 194, 193, 190, 190, 189, 190, 189, 190, 189, 191, 197, 201, 194, 195, 197, 196
2010,14132060,132,CH4 ,10PPBC, 2,14,9999, 212, 193, 196, 193, 193, 192, 194, 195,9999,9999,9999, 192, 193, 192, 194, 192, 194, 194, 196, 199, 197, 195, 194
2010,14132060,132,CH4 ,10PPBC, 2,15, 192, 192, 192, 190, 189, 190, 189, 191, 195, 193, 193, 191, 191, 190, 190, 189, 189, 190, 193, 194, 203, 195, 192, 191
2010,14132060,132,CH4 ,10PPBC, 2,16, 191, 191, 193, 191, 192, 191, 192, 195, 196, 194, 194, 198, 209, 199, 194, 192, 192, 194, 195, 203, 218, 217, 206, 204
2010,14132060,132,CH4 ,10PPBC, 2,17, 204, 203, 204, 205, 206, 205, 208, 207, 202, 201, 208, 263, 219, 197, 193, 188, 189, 189, 193, 196, 194, 195, 201, 196
2010,14132060,132,CH4 ,10PPBC, 2,18, 191, 190, 187, 185, 186, 184, 184, 190, 190, 189, 187, 187, 188, 187, 187, 188, 188, 188, 189, 189, 189, 189, 189, 189
2010,14132060,132,CH4 ,10PPBC, 2,19, 188, 190, 188, 189, 188, 188, 188, 189, 189, 190, 191, 194, 194, 193, 192, 191, 191, 192, 192, 191, 197, 211, 193, 197
2010,14132060,132,CH4 ,10PPBC, 2,20, 195, 199, 196, 193, 192, 191, 191, 191, 193, 194, 193, 193, 194, 195, 193, 194, 193, 193, 190, 190, 190, 190, 189, 189
2010,14132060,132,CH4 ,10PPBC, 2,21,9999, 209, 189, 188, 188, 188, 188, 190, 191,9999,9999, 190, 189, 188, 194, 195, 194, 195, 189, 189, 189, 190, 190, 190
2010,14132060,132,CH4 ,10PPBC, 2,22, 190, 191, 191, 190, 191, 192, 196, 201, 203, 193, 191, 192, 192, 190, 188, 189, 192, 194, 193, 198, 202, 205, 202, 194
2010,14132060,132,CH4 ,10PPBC, 2,23, 190, 190, 193, 192, 192, 193, 195, 197, 197, 196, 193, 191, 193, 200, 189, 190, 192, 192, 195, 198, 202, 199, 195, 223
2010,14132060,132,CH4 ,10PPBC, 2,24, 206, 210, 201, 194, 193, 193, 196, 219, 228, 261, 202, 202, 198, 194, 196, 189, 190, 192, 194, 192, 192, 192, 190, 189
2010,14132060,132,CH4 ,10PPBC, 2,25, 189, 189, 192, 189, 186, 198, 199, 188, 189, 187, 187, 185, 185, 185, 185, 184, 184, 185, 187, 190, 189, 190, 189, 189
2010,14132060,132,CH4 ,10PPBC, 2,26, 189, 189, 189, 189, 188, 189, 189, 190, 191, 192, 193, 193, 193, 198, 195, 194, 192, 193, 195, 194, 197, 197, 197, 194
2010,14132060,132,CH4 ,10PPBC, 2,27, 196, 199, 206, 203, 200, 196, 195, 196, 198, 199, 201, 198, 188, 189, 188, 187, 187, 190, 194, 191, 198, 198, 194, 193
2010,14132060,132,CH4 ,10PPBC, 2,28,9999, 211, 191, 191, 190, 190, 191, 191, 195, 193, 193,9999,9999, 192, 191, 191, 192, 192, 193, 193, 195, 194, 193, 192
2010,14132060,132,CH4 ,10PPBC, 2,29,9998,9998,9998,9998,9998,9998,9998,9998,9998,9998,9998,9998,9998,9998,9998,9998,9998,9998,9998,9998,9998,9998,9998,9998
2010,14132060,132,CH4 ,10PPBC, 2,30,9998,9998,9998,9998,9998,9998,9998,9998,9998,9998,9998,9998,9998,9998,9998,9998,9998,9998,9998,9998,9998,9998,9998,9998
2010,14132060,132,CH4 ,10PPBC, 2,31,9998,9998,9998,9998,9998,9998,9998,9998,9998,9998,9998,9998,9998,9998,9998,9998,9998,9998,9998,9998,9998,9998,9998,9998
2010,14132060,132,CH4 ,10PPBC, 3, 1, 193, 191, 191, 192, 193, 192, 192, 194, 195, 196, 196, 193, 196, 194, 236, 212, 219, 198, 195, 194, 195, 196, 196, 196
2010,14132060,132,CH4 ,10PPBC, 3, 2, 195, 195, 194, 192, 222, 251, 191, 191, 191, 190, 191, 193, 191, 191, 190, 192, 187, 188, 188, 188, 189, 190, 191, 190
2010,14132060,132,CH4 ,10PPBC, 3, 3, 189, 189, 190, 188, 188, 189, 188, 190, 190, 189, 189, 188, 188, 188, 188, 188, 189, 188, 190, 190, 190, 190, 190, 189
2010,14132060,132,CH4 ,10PPBC, 3, 4, 190, 190, 190, 189, 190, 189, 191, 192, 192, 189, 189, 190, 189, 189, 189, 189, 189, 190, 191, 192, 192, 193, 192, 193
2010,14132060,132,CH4 ,10PPBC, 3, 5, 195, 195, 194, 194, 197, 198, 194, 192, 190, 192, 190, 189, 189, 191, 190, 189, 189, 189, 192, 192, 197, 195, 193, 192
2010,14132060,132,CH4 ,10PPBC, 3, 6, 197, 194, 195, 194, 194, 193, 197, 197, 198, 202, 198, 204, 227, 229, 238, 215, 208, 203, 206, 212, 213, 204, 206, 210
2010,14132060,132,CH4 ,10PPBC, 3, 7,9999, 218, 191, 191, 193, 196, 193, 192, 192, 193, 196,9999,9999, 193, 195, 195, 191, 191, 191, 191, 193, 193, 195, 198
2010,14132060,132,CH4 ,10PPBC, 3, 8, 207, 194, 192, 196, 195, 198, 199, 204, 204, 201, 200, 196, 195, 197, 197, 196, 197, 197, 197, 199, 201, 204, 204, 205
2010,14132060,132,CH4 ,10PPBC, 3, 9, 196, 198, 195, 195, 195, 195, 194, 196, 211, 200, 191, 192, 191, 191, 191, 189, 188, 188, 189, 189, 191, 189, 189, 190
2010,14132060,132,CH4 ,10PPBC, 3,10, 190, 191, 190, 191, 190, 191, 193, 194, 193, 192,9999,9999, 190, 190, 193, 194, 193, 195, 198, 194, 192, 193, 194, 197
2010,14132060,132,CH4 ,10PPBC, 3,11, 198, 197, 197, 194, 195, 193, 193, 194, 193, 193, 192, 192, 191, 191,9999,9999,9999,9999,9999,9999,9999,9999, 191, 192
2010,14132060,132,CH4 ,10PPBC, 3,12, 192, 194, 195, 197, 200, 200, 201, 201, 197, 195, 193, 191, 192, 193, 193, 193, 193, 197, 198, 198, 197, 200, 206, 201
2010,14132060,132,CH4 ,10PPBC, 3,13, 199, 202, 200, 200, 199, 198, 201, 201, 200, 199, 196, 201, 200, 198, 196, 195, 194, 193, 198, 198, 197, 201, 201, 196
2010,14132060,132,CH4 ,10PPBC, 3,14, 204, 199, 201, 204, 225, 219, 223, 225, 195, 190, 189, 188, 188, 188, 188, 188, 189, 190, 191, 190, 192, 191, 190, 192
2010,14132060,132,CH4 ,10PPBC, 3,15, 198, 197, 196, 195, 193, 193, 191, 191, 191, 194, 191, 191, 193, 193, 198, 200, 192, 192, 196, 197, 199, 201, 202, 202
2010,14132060,132,CH4 ,10PPBC, 3,16, 233, 197, 191, 191, 191, 192, 192, 201, 191, 189, 190, 195, 193, 189, 190, 190, 190, 191, 191, 191, 192, 192, 193, 193
2010,14132060,132,CH4 ,10PPBC, 3,17, 192, 191, 190, 191, 190, 191, 192, 192, 191, 191, 191, 190, 190, 190, 190, 190, 190, 190,9999,9999,9999,9999, 190, 191
2010,14132060,132,CH4 ,10PPBC, 3,18, 191, 190, 190, 190, 190, 190, 190, 192, 192, 191, 190, 190, 195, 197, 194,9999,9999,9999,9999, 189, 192, 193, 190, 192
2010,14132060,132,CH4 ,10PPBC, 3,19, 190, 188, 188, 190, 190, 188, 189, 190, 194, 195, 191, 187, 187, 187, 186, 187, 188, 192, 193, 202, 202, 207, 196, 193
2010,14132060,132,CH4 ,10PPBC, 3,20, 192, 192, 191, 191, 192, 193, 196, 198, 196, 195, 193, 200, 192, 190, 190, 190, 188, 190, 190, 188, 189, 188, 188, 186
2010,14132060,132,CH4 ,10PPBC, 3,21, 185, 185, 185, 184, 184, 190, 195, 195, 195, 196, 194, 192, 192, 191, 189, 190, 199, 203, 198, 192, 192, 210, 195, 190
2010,14132060,132,CH4 ,10PPBC, 3,22, 189, 189, 189, 189, 189, 190, 190, 191, 191, 191,9999,9999,9999, 191, 192, 192, 191, 194,9999,9999,9999, 194, 193, 193
2010,14132060,132,CH4 ,10PPBC, 3,23, 194, 191, 191, 191, 190, 190, 191, 190, 191, 191, 191, 192, 192, 192, 191,9999,9999,9999,9999, 191, 192, 191, 192, 193
2010,14132060,132,CH4 ,10PPBC, 3,24, 191, 190, 190, 190, 191, 194, 191, 190, 191, 192, 200, 199, 192, 192, 192, 192, 191, 191, 193, 196, 194, 197, 200, 198
2010,14132060,132,CH4 ,10PPBC, 3,25, 197, 199, 200, 199, 213, 206, 205, 219, 227, 203, 204, 193, 190, 191, 190, 190, 189, 189, 190, 192, 190, 192, 191, 194
2010,14132060,132,CH4 ,10PPBC, 3,26, 194, 193, 192, 192, 191, 192, 191, 192, 191, 190, 190, 189, 189, 189, 190, 189, 189, 188, 189, 189, 189, 191, 189, 190
2010,14132060,132,CH4 ,10PPBC, 3,27, 190, 190, 189, 190, 190, 190, 189, 190, 189, 189, 189, 189, 189, 191, 191, 192, 191, 191, 192, 194, 195, 193, 193, 192
2010,14132060,132,CH4 ,10PPBC, 3,28, 189, 192, 188, 188, 189, 191, 192, 193, 191, 191, 191,9999,9999, 191, 192, 192, 190, 190, 192, 193, 192, 193, 193, 198
2010,14132060,132,CH4 ,10PPBC, 3,29, 200, 193, 192, 194, 194, 194, 194, 197, 194, 192, 193, 198, 195, 191, 189, 188, 188, 189, 191, 194, 197, 196, 197, 193
2010,14132060,132,CH4 ,10PPBC, 3,30, 192, 197, 199, 193, 192, 193, 194, 193, 195, 194, 192, 191, 192, 189, 189, 190, 188, 190, 190, 190, 195, 198, 190, 189
2010,14132060,132,CH4 ,10PPBC, 3,31, 189, 189, 188, 189, 189, 190, 190, 191, 192, 192, 198, 197, 193, 191, 189, 187, 188, 187, 188, 189, 189, 190, 189, 191
2010,14133010,133,CH4 ,10PPBC, 4, 1, 216, 218, 213, 212, 212, 208, 212, 215, 272, 328, 192, 190, 190, 188, 188, 188, 189, 189, 188, 189, 189, 188, 189, 187
2010,14133010,133,CH4 ,10PPBC, 4, 2, 187, 188, 187, 185, 186, 185, 186, 185, 186, 184, 185, 187, 188, 189,9999, 194, 194, 198, 202, 201, 196, 194, 193, 194
2010,14133010,133,CH4 ,10PPBC, 4, 3, 195, 194, 193, 192, 193, 193, 194, 194, 196, 194, 194, 196, 196, 196, 195, 194, 193, 193, 198, 198, 198, 197, 198, 199
2010,14133010,133,CH4 ,10PPBC, 4, 4, 200, 201, 200, 198, 196, 196, 196, 196, 196, 197, 197, 197, 198, 198, 197, 198, 197, 199, 200, 200, 199, 199, 199, 198
2010,14133010,133,CH4 ,10PPBC, 4, 5, 198, 197, 196, 197, 197, 197, 197, 198, 201,9999,9999, 198, 198, 198, 199, 200, 201, 202, 203, 206, 208, 207, 207, 208
2010,14133010,133,CH4 ,10PPBC, 4, 6, 208, 204, 205, 205, 204, 203, 207, 208, 196, 197, 197, 195, 197, 193, 192, 189, 194, 189, 198, 200, 198, 198, 201, 204
2010,14133010,133,CH4 ,10PPBC, 4, 7, 203, 196, 191, 189, 197, 201, 201, 199, 195, 200, 202, 197, 195, 196, 197, 212, 195, 194, 193, 193, 193, 194, 194, 196
2010,14133010,133,CH4 ,10PPBC, 4, 8, 194, 193, 194, 193, 193, 194, 194, 194, 194, 195, 195, 196, 195, 195, 194, 193, 193, 195, 194, 194, 200, 199, 195, 196
2010,14133010,133,CH4 ,10PPBC, 4, 9, 197, 195, 195, 197, 198, 199, 199, 198, 200, 199, 204, 196, 194, 194, 193, 193, 192, 192, 192, 193, 196, 196, 201, 201
2010,14133010,133,CH4 ,10PPBC, 4,10, 202, 202, 203, 202, 197, 196, 196, 195, 195, 197, 195, 197, 202, 194, 193, 191, 190, 191, 191, 189, 190, 190, 192, 191
2010,14133010,133,CH4 ,10PPBC, 4,11, 191, 192, 194, 193, 188, 191, 192, 194, 193, 191, 193, 193, 193, 193, 199, 195, 210, 207, 190, 193, 196, 193, 193, 194
2010,14133010,133,CH4 ,10PPBC, 4,12, 193, 194, 192, 192, 191, 191, 191, 191, 191,9999,9999, 192, 194, 193, 194, 191, 191, 191, 192, 193, 193, 192, 193, 192
2010,14133010,133,CH4 ,10PPBC, 4,13, 191, 191, 189, 189, 189, 190, 190, 193, 194, 190, 189, 191, 190, 186, 185, 187, 186, 186, 187, 187, 188, 189, 191, 194
2010,14133010,133,CH4 ,10PPBC, 4,14, 202, 195, 189, 188, 188, 188, 189, 189, 189, 189, 189, 191, 191, 194, 194, 193, 193, 193, 193, 193, 193, 193, 194, 192
2010,14133010,133,CH4 ,10PPBC, 4,15, 191, 191, 190, 190, 190, 190, 190, 191, 192, 193, 194, 195, 196, 196, 194, 195, 192, 195, 196, 194, 195, 196, 198, 198
2010,14133010,133,CH4 ,10PPBC, 4,16, 197, 193, 193, 191, 190, 191, 191, 193, 193, 193, 194, 193, 193, 193, 192, 191, 191, 192, 191, 193, 193, 193, 193, 193
2010,14133010,133,CH4 ,10PPBC, 4,17, 192, 191, 191, 192, 193, 191, 192, 192, 192, 191, 192, 190, 190, 189, 190, 197, 191, 192, 193, 196, 195, 195, 195, 197
2010,14133010,133,CH4 ,10PPBC, 4,18, 198, 198, 197, 206, 200, 206, 205, 204, 198, 195, 193, 191, 199, 201, 195, 191, 193, 193, 192, 195, 195, 198, 200, 203
2010,14133010,133,CH4 ,10PPBC, 4,19,9999,9999, 201, 200, 200, 198, 196, 196, 197,9999,9999, 203, 195, 194, 193, 192, 191, 192, 193, 194, 195, 193, 193, 194
2010,14133010,133,CH4 ,10PPBC, 4,20, 193, 192, 189, 190, 194, 196, 197, 198, 196, 187, 186, 186, 185, 185, 187, 189, 187, 188, 188, 192, 194, 194, 198, 200
2010,14133010,133,CH4 ,10PPBC, 4,21, 201, 201, 195, 194, 197, 200, 201, 199, 197, 195, 189, 185, 186, 198, 196, 191, 188, 185, 186, 188, 191, 192, 192, 191
2010,14133010,133,CH4 ,10PPBC, 4,22, 202, 199, 192, 193, 192, 192, 194, 193, 194, 194, 195, 193, 193, 193, 192, 193, 192, 192, 191, 194, 192, 194, 194, 191
2010,14133010,133,CH4 ,10PPBC, 4,23, 190, 191, 192, 190, 190, 191, 192, 193, 192, 193, 193, 192, 193, 192, 194, 193, 194, 193, 195, 195, 192, 193, 193, 193
2010,14133010,133,CH4 ,10PPBC, 4,24, 192, 192, 192, 192, 191, 191, 192, 192, 191, 191, 192, 191, 190, 191, 189, 189, 190, 191, 192, 197, 196, 198, 194, 194
2010,14133010,133,CH4 ,10PPBC, 4,25, 195, 193, 192, 193, 195, 198, 200, 198, 196, 193, 194, 194, 194, 194, 192, 191, 192, 191, 191, 192, 192, 192, 194, 195
2010,14133010,133,CH4 ,10PPBC, 4,26,9999,9999, 198, 196, 194, 195, 196, 196, 194,9999,9999, 193, 195, 196, 192, 193, 193, 194, 193, 194, 195, 208, 203, 194
2010,14133010,133,CH4 ,10PPBC, 4,27, 193, 194, 193, 194, 193, 192, 193, 194, 195, 196, 197, 199, 209, 195, 192, 194, 195, 191, 192, 197, 202, 193, 192, 192
2010,14133010,133,CH4 ,10PPBC, 4,28, 190, 190, 189, 190, 189, 189, 189, 192, 196, 190, 189, 189, 190, 190, 190, 189, 190, 189, 189, 189, 191, 192, 191, 193
2010,14133010,133,CH4 ,10PPBC, 4,29, 193, 195, 195, 216, 194, 187, 186, 186, 186, 187, 186, 185, 185, 185, 186, 187, 187, 187, 189, 189, 192, 190, 192, 193
2010,14133010,133,CH4 ,10PPBC, 4,30, 195, 193, 191, 191, 190, 190, 189, 191, 191, 190, 193, 194, 193, 190, 189, 188, 189, 189, 190, 191, 192, 192, 192, 194
2010,14133010,133,CH4 ,10PPBC, 4,31,9998,9998,9998,9998,9998,9998,9998,9998,9998,9998,9998,9998,9998,9998,9998,9998,9998,9998,9998,9998,9998,9998,9998,9998
2010,14133010,133,CH4 ,10PPBC, 5, 1, 192, 192, 191, 192, 193, 193, 193, 193, 193, 192, 194, 193, 192, 191, 190, 190, 191, 191, 192, 194, 193, 192, 192, 194
2010,14133010,133,CH4 ,10PPBC, 5, 2, 196, 194, 196, 195, 194, 196, 196, 195, 194, 193, 196, 195, 193, 194, 192, 191, 191, 190, 190, 193, 195, 194, 194, 192
2010,14133010,133,CH4 ,10PPBC, 5, 3,9999,9999, 196, 197, 201, 203, 204, 202, 200, 205, 205, 206, 194, 190, 190, 189, 188, 189, 188, 190, 189, 190, 190, 189
2010,14133010,133,CH4 ,10PPBC, 5, 4, 188, 189, 188, 188, 189, 190, 190, 192, 190, 189, 190, 190, 191, 189, 190, 190, 192, 190, 189, 192, 191, 192, 194, 196
2010,14133010,133,CH4 ,10PPBC, 5, 5, 193, 191, 189, 189, 191, 193, 200, 202, 201, 202, 204, 215, 206, 195, 192, 191, 188, 188, 190, 191, 192, 190, 190, 189
2010,14133010,133,CH4 ,10PPBC, 5, 6, 188, 188, 187, 187, 187, 187, 187, 187, 186, 185, 184, 184, 184, 183, 182, 183, 182, 182, 182, 183, 183, 185, 183, 184
2010,14133010,133,CH4 ,10PPBC, 5, 7, 183, 183, 182, 183, 182, 183, 182, 184, 181, 182, 183, 182, 182, 181, 181, 181, 179, 179, 181, 180, 183, 185, 185, 189
2010,14133010,133,CH4 ,10PPBC, 5, 8, 190, 189, 188, 188, 188, 189, 188, 188, 199, 197, 192, 190, 190, 191, 190, 189, 187, 187, 189, 189, 188, 189, 189, 188
2010,14133010,133,CH4 ,10PPBC, 5, 9, 189, 188, 190, 193, 196, 196, 195, 191, 190, 189, 188, 190, 190, 192, 193, 191, 191, 191, 193, 195, 194, 195, 192, 191
2010,14133010,133,CH4 ,10PPBC, 5,10,9999,9999, 190, 191, 193, 194, 193, 193, 193,9999,9999, 193, 193, 194, 195, 190, 189, 189, 190, 192, 191, 193, 192, 191
2010,14133010,133,CH4 ,10PPBC, 5,11, 191, 189, 190, 189, 187, 190, 190, 191, 189, 190, 189, 190, 192, 200, 198, 195, 204, 198, 216, 210, 212, 194, 191, 193
2010,14133010,133,CH4 ,10PPBC, 5,12, 193, 191, 189, 188, 189, 190, 189, 192, 190, 190, 188, 188, 189, 189, 188, 187, 189, 189, 188, 190, 190, 190, 192, 191
2010,14133010,133,CH4 ,10PPBC, 5,13, 191, 190, 190, 190, 191, 191, 193, 191, 190, 189, 189, 190, 188, 188, 189, 190, 189, 188, 189, 190, 191, 191, 191, 193
2010,14133010,133,CH4 ,10PPBC, 5,14, 190, 190, 190, 189, 190, 189, 190, 189, 189, 190, 190, 189, 190, 195, 192, 191, 192, 191, 192, 192, 191, 192, 192, 190
2010,14133010,133,CH4 ,10PPBC, 5,15, 193, 199, 201, 192, 190, 189, 190, 191, 192, 190, 191, 193, 193, 191, 189, 189, 190, 189, 192, 192, 195, 193, 193, 193
2010,14133010,133,CH4 ,10PPBC, 5,16, 193, 194, 199, 197, 199, 202, 199, 194, 191, 190, 190, 188, 188, 188, 187, 188, 186, 187, 188, 188, 190, 191, 194, 196
2010,14133010,133,CH4 ,10PPBC, 5,17,9999,9999, 207, 204, 197, 193, 199, 195, 192,9999,9999, 201, 196, 194, 193, 188, 188, 187, 187, 190, 193, 195, 197, 196
2010,14133010,133,CH4 ,10PPBC, 5,18, 195, 192, 192, 194, 194, 194, 193, 193, 189, 190, 188, 188, 186, 186, 186, 185, 186, 185, 185, 186, 187, 186, 187, 186
2010,14133010,133,CH4 ,10PPBC, 5,19, 185, 186, 185, 185, 185, 186, 185, 185, 186, 186, 185, 185, 184, 185, 185, 185, 185, 186, 185, 185, 185, 186, 185, 186
2010,14133010,133,CH4 ,10PPBC, 5,20, 184, 185, 183, 183, 185, 185, 187, 188, 186, 189, 188, 188, 188, 190, 190, 191, 190, 191, 193, 193, 193, 194, 194, 193
2010,14133010,133,CH4 ,10PPBC, 5,21, 193, 193, 191, 192, 195, 197, 200, 195, 198, 193, 193, 192, 203, 195, 191, 188, 188, 188, 191, 190, 192, 196, 196, 194
2010,14133010,133,CH4 ,10PPBC, 5,22, 196, 199, 201, 200, 203, 206, 202, 195, 194, 193, 195, 200, 196, 195, 196, 198, 196, 193, 192, 192, 192, 197, 197, 198
2010,14133010,133,CH4 ,10PPBC, 5,23, 195, 195, 194, 223, 251, 279, 250, 219, 203, 198, 210, 210, 201, 215, 205, 196, 212, 193, 195, 194, 193, 192, 188, 189
2010,14133010,133,CH4 ,10PPBC, 5,24,9999,9999, 189, 215, 189, 189, 190, 191, 192,9999,9999, 190, 191, 191, 191, 191, 192, 193, 197, 197, 195, 190, 189, 188
2010,14133010,133,CH4 ,10PPBC, 5,25, 189, 187, 188, 189, 194, 198, 197, 198, 191, 190, 189, 188, 189, 190, 190, 191, 189, 192, 193, 195, 195, 194, 193, 193
2010,14133010,133,CH4 ,10PPBC, 5,26, 191, 191, 191, 189, 192, 193, 194, 194, 193, 193, 193, 192, 190, 189, 190, 188, 189, 188, 189, 190, 189, 190, 190, 189
2010,14133010,133,CH4 ,10PPBC, 5,27, 191, 207, 202, 191, 191, 192, 193, 192, 192, 193, 194, 194, 193, 189, 188, 189, 190, 189, 189, 190, 189, 190, 189, 190
2010,14133010,133,CH4 ,10PPBC, 5,28, 189, 189, 188, 187, 188, 189, 188, 189, 189, 189, 189, 190, 195, 194, 194, 192, 192, 193, 194, 195, 195, 193, 192, 192
2010,14133010,133,CH4 ,10PPBC, 5,29, 192, 192, 192, 207, 206, 202, 191, 191, 190, 190, 190, 191, 193, 204, 190, 191, 191, 192, 191, 191, 190, 191, 190, 190
2010,14133010,133,CH4 ,10PPBC, 5,30, 190, 189, 189, 190, 189, 190, 189, 191, 190, 191, 191, 191, 189, 189, 189, 199, 198, 191, 191, 191, 191, 191, 194, 204
2010,14133010,133,CH4 ,10PPBC, 5,31,9999,9999, 192, 192, 191, 193, 192, 189, 191, 193, 199,9999,9999, 192, 192, 191, 189, 190, 188, 187, 190, 192, 191, 192
2010,14133010,133,CH4 ,10PPBC, 6, 1, 195, 208, 194, 191, 190, 191, 190, 192, 193, 193, 195, 200, 199, 191, 190, 190, 190, 192, 192, 195, 193, 194, 193, 194
2010,14133010,133,CH4 ,10PPBC, 6, 2, 193, 218, 249, 226, 196, 196, 222, 201, 205, 194, 201, 199, 195, 195, 192, 192, 192, 191, 192, 192, 194, 197, 196, 196
2010,14133010,133,CH4 ,10PPBC, 6, 3, 197, 197, 198, 200, 201, 200, 201, 197, 195,9999, 201, 191, 190, 190, 190, 188, 187, 186, 188, 187, 187, 188, 188, 189
2010,14133010,133,CH4 ,10PPBC, 6, 4, 190, 189, 190, 191, 192, 192, 193, 191, 190, 189, 188, 188, 188, 187, 186, 188, 187, 188, 187, 188, 189, 188, 189, 192
2010,14133010,133,CH4 ,10PPBC, 6, 5, 194, 193, 190, 192, 191, 192, 194, 196, 194, 192,9999,9999,9999,9999,9999,9999,9999,9999, 190, 188, 189, 198, 191, 191
2010,14133010,133,CH4 ,10PPBC, 6, 6, 189, 191, 191, 191, 192, 221, 225, 198, 202, 210, 204, 196, 195, 194, 195, 193, 189, 188, 188, 189, 190, 191, 192, 191
2010,14133010,133,CH4 ,10PPBC, 6, 7,9999,9999, 194, 192, 193, 193, 194, 197, 196,9999,9999,9999,9999, 192, 192, 190, 188, 189, 189, 190, 192, 192, 191, 194
2010,14133010,133,CH4 ,10PPBC, 6, 8, 192, 192, 194, 191, 190, 204, 237, 192, 191, 201, 207, 204, 196, 193, 189, 189, 191, 189, 190, 191, 192, 195, 194, 193
2010,14133010,133,CH4 ,10PPBC, 6, 9, 195, 195, 195, 197, 190, 192, 196, 197, 198, 199, 197, 197, 197, 196, 196, 197, 192, 201, 218, 216, 198, 193, 193, 193
2010,14133010,133,CH4 ,10PPBC, 6,10, 193, 194, 191, 192, 192, 194, 194, 191, 190, 190, 189, 191, 194, 192, 188, 189, 190, 191, 193, 191, 191, 193, 196, 206
2010,14133010,133,CH4 ,10PPBC, 6,11, 192, 190, 191, 207, 228, 221, 225, 206, 202, 199, 192, 193, 194, 193, 190, 189, 189, 191, 191, 189, 189, 189, 190, 191
2010,14133010,133,CH4 ,10PPBC, 6,12, 191, 191, 191, 190, 191, 190, 193, 188, 189, 190, 190, 191, 188, 187, 185, 185, 186, 185, 185, 186, 187, 186, 187, 185
2010,14133010,133,CH4 ,10PPBC, 6,13, 186, 185, 185, 186, 185, 184, 186, 185, 186, 185, 186, 187, 186, 187, 187, 187, 186, 188, 188, 189, 187, 188, 188, 189
2010,14133010,133,CH4 ,10PPBC, 6,14,9999,9999, 189, 189, 189, 188, 189, 191, 195, 190, 190, 191, 190, 191, 189, 189, 187, 187, 186, 188, 188, 188, 188, 188
2010,14133010,133,CH4 ,10PPBC, 6,15, 190, 192, 193, 193, 192, 194, 193, 192, 191, 189, 190, 192, 189, 189, 187, 187, 190, 190, 190, 187, 188, 187, 187, 189
2010,14133010,133,CH4 ,10PPBC, 6,16, 191, 192, 192, 192, 177, 174, 173, 173, 174,9999,9999,9999, 180, 180, 182, 187, 188, 189, 189, 199, 201, 194, 199, 194
2010,14133010,133,CH4 ,10PPBC, 6,17, 189, 203, 203, 204, 203, 199, 206, 195, 191, 190, 191, 198, 192, 194, 196, 195, 191, 190, 192, 192, 195, 189, 189, 188
2010,14133010,133,CH4 ,10PPBC, 6,18, 188, 188, 188, 188, 194, 201, 200, 198, 199, 197, 197, 201, 193, 193, 183, 183, 184, 190, 222, 189, 190, 191, 191, 193
2010,14133010,133,CH4 ,10PPBC, 6,19, 193, 193, 193, 184, 177, 190, 191, 194, 192, 194, 193, 193, 193, 188, 187, 187, 187, 188, 188, 187, 185, 185, 178, 179
2010,14133010,133,CH4 ,10PPBC, 6,20, 178, 177, 178, 177, 195, 197, 194, 192, 189, 184, 179, 180, 181, 181, 180, 182, 183, 183, 181, 181, 182, 182, 180, 179
2010,14133010,133,CH4 ,10PPBC, 6,21,9999,9999, 179, 178, 178, 178, 178, 180, 179, 179, 179, 180,9999,9999, 179, 178, 178, 179, 182, 188, 188, 188, 188, 190
2010,14133010,133,CH4 ,10PPBC, 6,22, 192, 191, 185, 184, 186, 193, 201, 202, 200, 195, 194, 194, 193, 195, 194, 188, 186, 184, 186, 188, 189, 188, 184, 182
2010,14133010,133,CH4 ,10PPBC, 6,23, 182, 183, 184, 183, 182, 182, 183, 182, 180, 180, 176, 178, 177, 181, 191, 192, 189, 187, 189, 194, 200, 193, 189, 191
2010,14133010,133,CH4 ,10PPBC, 6,24, 194, 192, 192, 194, 193, 190, 191, 194, 194, 195, 195, 192, 200, 205, 202, 201, 201, 200, 199, 201, 200, 199, 198, 201
2010,14133010,133,CH4 ,10PPBC, 6,25, 203, 201, 201, 200, 200, 201, 206, 204, 197, 196, 195, 195, 205, 206, 200, 201, 197, 190, 192, 192, 192, 191, 193, 191
2010,14133010,133,CH4 ,10PPBC, 6,26, 191, 190, 190, 189, 189, 190, 191, 189, 184, 182, 181, 181, 181, 181, 182, 181, 182, 181, 182, 182, 181, 182, 183, 181
2010,14133010,133,CH4 ,10PPBC, 6,27, 182, 180, 179, 179, 180, 180, 179, 179, 181, 180, 180, 180, 180, 178, 178, 180, 179, 179, 179, 180, 181, 182, 183, 183
2010,14133010,133,CH4 ,10PPBC, 6,28,9999,9999, 186, 185, 187, 190, 190, 189, 189, 188, 191, 192, 206, 202, 202, 197, 193, 191, 194, 213, 197, 194, 194, 194
2010,14133010,133,CH4 ,10PPBC, 6,29, 194, 195, 197, 195, 197, 229, 271, 278, 240, 204, 191, 223, 199, 196, 192, 185, 183, 183, 185, 189, 193, 194, 191, 188
2010,14133010,133,CH4 ,10PPBC, 6,30, 189, 189, 187, 185, 185, 182, 183, 183, 183,9999,9999, 184, 182, 184, 183, 193, 198, 194, 194, 202, 207, 202, 197, 199
2010,14133010,133,CH4 ,10PPBC, 6,31,9998,9998,9998,9998,9998,9998,9998,9998,9998,9998,9998,9998,9998,9998,9998,9998,9998,9998,9998,9998,9998,9998,9998,9998
2010,14133010,133,CH4 ,10PPBC, 7, 1, 193, 188, 188, 187, 185, 184, 183, 185, 186, 187, 186, 186, 186, 184, 187, 181, 180, 179, 180, 181, 181, 183, 183, 187
2010,14133010,133,CH4 ,10PPBC, 7, 2, 190, 190, 189, 188, 189, 191, 192, 197, 222, 228, 209, 193, 185, 183, 182, 181, 180, 180, 179, 182, 182, 181, 181, 185
2010,14133010,133,CH4 ,10PPBC, 7, 3, 194, 195, 195, 193, 198, 197, 199, 202, 204, 201, 193, 187, 185, 184, 184, 183, 183, 182, 181, 181, 184, 181, 179, 178
2010,14133010,133,CH4 ,10PPBC, 7, 4, 179, 177, 179, 178, 182, 188, 189, 193, 191, 195, 197, 193, 195, 198, 198, 195, 191, 188, 187, 186, 189, 191, 206, 200
2010,14133010,133,CH4 ,10PPBC, 7, 5,9999,9999, 230, 215, 219, 209, 207, 205, 215,9999,9999, 196, 192, 189, 188, 186, 189, 192, 191, 197, 194, 194, 193, 192
2010,14133010,133,CH4 ,10PPBC, 7, 6, 192, 193, 195, 195, 195, 196, 195, 196, 198, 199, 202, 201, 195, 193, 193, 192, 193, 196, 196, 200, 199, 202, 201, 199
2010,14133010,133,CH4 ,10PPBC, 7, 7, 198, 197, 196, 196, 195, 201, 200, 198, 198, 198, 203, 206, 201, 200, 196, 194, 192, 191, 191, 192, 191, 190, 188, 188
2010,14133010,133,CH4 ,10PPBC, 7, 8, 190, 191, 193, 195, 196, 199, 199, 200, 198, 194, 194, 192, 193, 194, 194, 191, 192, 193, 192, 186, 187, 192, 191, 187
2010,14133010,133,CH4 ,10PPBC, 7, 9, 181, 181, 180, 182, 182, 184, 186, 189, 190, 190, 193, 194, 189, 187, 184, 182, 185, 184, 183, 187, 188, 184, 181, 177
2010,14133010,133,CH4 ,10PPBC, 7,10, 181, 181, 181, 183, 184, 186, 187, 186, 186, 186, 186, 190, 188, 188, 189, 190, 189, 189, 188, 189, 191, 192, 194, 196
2010,14133010,133,CH4 ,10PPBC, 7,11, 200, 201, 200, 205, 204, 205, 207, 203, 205, 198, 196, 200, 192, 190, 185, 182, 180, 180, 179, 178, 177, 177, 178, 178
2010,14133010,133,CH4 ,10PPBC, 7,12,9999,9999, 174, 175, 174, 175, 176, 176, 177, 176, 176, 176, 176, 175, 177, 175, 175, 175, 176, 177, 177, 177, 177, 178
2010,14133010,133,CH4 ,10PPBC, 7,13, 178, 176, 177, 179, 181, 198, 205, 204, 200, 196,9999,9999, 195, 195, 195, 194, 193, 194, 194, 194, 196, 197, 193, 196
2010,14133010,133,CH4 ,10PPBC, 7,14, 195, 194, 196, 196, 197, 198, 197, 196, 178, 177, 178, 177, 178, 177, 177, 178, 179, 178, 179, 178, 178, 179, 181, 178
2010,14133010,133,CH4 ,10PPBC, 7,15, 177, 177, 177, 177, 178, 177, 178, 178, 179, 178, 178, 177, 178, 178, 177, 178, 177, 178, 177, 177, 179, 179, 179, 178
2010,14133010,133,CH4 ,10PPBC, 7,16, 180, 179, 179, 177, 177, 179, 179, 181, 182, 181, 179, 179, 178, 179, 179, 182, 179, 179, 179, 179, 180, 180, 180, 179
2010,14133010,133,CH4 ,10PPBC, 7,17, 179, 179, 179, 178, 180, 179, 179, 180, 179, 178, 179, 180, 181, 180, 179,9999,9999,9999,9999,9999,9999,9999,9999,9999
2010,14133010,133,CH4 ,10PPBC, 7,18,9999,9999,9999,9999,9999,9999,9999,9999,9999,9999,9999,9999,9999,9999,9999,9999,9999,9999,9999,9999,9999,9999,9999,9999
2010,14133010,133,CH4 ,10PPBC, 7,19,9999,9999,9999,9999,9999,9999,9999,9999,9999,9999,9999,9999,9999,9999,9999,9999,9999,9999,9999,9999,9999,9999,9999,9999
2010,14133010,133,CH4 ,10PPBC, 7,20,9999,9999,9999,9999,9999,9999,9999,9999,9999,9999,9999,9999,9999,9999,9999,9999,9999,9999,9999,9999,9999,9999,9999,9999
2010,14133010,133,CH4 ,10PPBC, 7,21,9999,9999,9999,9999,9999,9999,9999,9999,9999,9999,9999,9999,9999,9999,9999,9999,9999,9999,9999,9999,9999,9999,9999,9999
2010,14133010,133,CH4 ,10PPBC, 7,22,9999,9999,9999,9999,9999,9999,9999,9999,9999,9999,9999,9999,9999,9999,9999,9999,9999,9999,9999,9999,9999,9999,9999,9999
2010,14133010,133,CH4 ,10PPBC, 7,23,9999,9999,9999,9999,9999,9999,9999,9999,9999,9999,9999, 199, 204, 202, 199, 193, 189, 181, 179, 180, 180, 181, 182, 185
2010,14133010,133,CH4 ,10PPBC, 7,24,9999,9999, 181, 192, 191, 189, 190, 190, 189, 187, 188, 187, 196, 196, 195, 189, 184, 182, 182, 184, 184, 183, 184, 184
2010,14133010,133,CH4 ,10PPBC, 7,25, 184, 185, 184, 185, 183, 182, 185, 193, 190, 189, 186, 183, 182, 178, 182, 181, 181, 182, 182, 181, 183, 185, 185, 202
2010,14133010,133,CH4 ,10PPBC, 7,26, 194, 188, 188, 187, 188, 187, 187, 185, 185, 191, 195, 192, 185, 180, 180, 179, 179, 181, 181, 181, 184, 184, 186, 186
2010,14133010,133,CH4 ,10PPBC, 7,27, 187, 189, 187, 184, 184, 192, 189, 185, 182,9999,9999, 177, 177, 179, 178, 180, 178, 177, 178, 178, 178, 180, 178, 179
2010,14133010,133,CH4 ,10PPBC, 7,28, 179, 180, 180, 180, 180, 179, 179, 177, 177, 177, 178, 177, 178, 178, 179, 178, 180, 179, 180, 180, 180, 180, 180, 180
2010,14133010,133,CH4 ,10PPBC, 7,29, 181, 180, 180, 180, 179, 180, 180, 180, 180, 179, 178, 178, 177, 177, 178, 177, 176, 175, 177, 177, 176, 176, 176, 175
2010,14133010,133,CH4 ,10PPBC, 7,30, 175, 174, 175, 175, 175, 175, 176, 178, 179, 176, 176, 179, 178, 175, 177, 180, 179, 182, 181, 183, 183, 186, 185, 181
2010,14133010,133,CH4 ,10PPBC, 7,31, 183, 183, 183, 183, 187, 187, 187, 188, 187, 185, 191, 189, 184, 180, 180, 181, 181, 181, 186, 187, 184, 183, 189, 190
2010,14133010,133,CH4 ,10PPBC, 8, 1, 186, 183, 184, 185, 189, 187, 190, 193, 193, 189, 190, 190, 186, 186, 184, 185, 186, 187, 186, 185, 184, 183, 181, 180
2010,14133010,133,CH4 ,10PPBC, 8, 2,9999,9999, 179, 177, 178, 180, 177, 179, 178,9999,9999, 179, 177, 178, 175, 176, 178, 177, 179, 179, 178, 179, 180, 177
2010,14133010,133,CH4 ,10PPBC, 8, 3, 178, 175, 175, 176, 176, 176, 178, 177, 177, 176, 178, 177, 178, 179, 179, 179, 179, 180, 179, 180, 179, 178, 179, 179
2010,14133010,133,CH4 ,10PPBC, 8, 4, 178, 177, 177, 177, 179, 177, 177, 178, 177, 179, 178, 177, 177, 178, 178, 177, 177, 178, 178, 178, 178, 179, 179, 178
2010,14133010,133,CH4 ,10PPBC, 8, 5, 177, 177, 177, 175, 177, 176, 176, 176, 176, 178, 177,9999, 177, 177, 179, 178, 177, 178, 178, 178, 179, 180, 178, 179
2010,14133010,133,CH4 ,10PPBC, 8, 6, 179, 178, 178, 179, 177, 177, 179, 178, 180, 179, 178, 178, 179, 179, 180, 179, 182, 180, 182, 181, 183, 184, 181, 182
2010,14133010,133,CH4 ,10PPBC, 8, 7, 182, 182, 182, 182, 183, 183, 183, 183, 183, 185, 184, 184, 185, 183, 183, 182, 181, 183, 182, 180, 180, 180, 179, 180
2010,14133010,133,CH4 ,10PPBC, 8, 8, 181, 181, 181, 181, 182, 184, 186, 187, 185, 183, 181, 180, 181, 180, 180, 180, 179, 180, 180, 180, 181, 179, 178, 177
2010,14133010,133,CH4 ,10PPBC, 8, 9,9999,9999, 177, 177, 177, 179, 180, 184, 184, 185, 182, 181, 179, 177, 175, 180, 176, 177, 177, 178, 179, 179, 178, 178
2010,14133010,133,CH4 ,10PPBC, 8,10, 176, 177, 177, 179, 178, 180, 177, 178, 178,9999,9999,9999, 179, 178, 177, 178, 176, 176, 177, 179, 181, 178, 179, 179
2010,14133010,133,CH4 ,10PPBC, 8,11, 178, 177, 177, 177, 177, 177, 176, 176, 176, 175, 177, 175, 175, 175, 173, 175, 175, 175, 174, 175, 174, 175, 175, 175
2010,14133010,133,CH4 ,10PPBC, 8,12, 173, 173, 174, 173, 174, 174, 174, 174, 174, 174, 173, 173, 175, 175, 176, 177, 176, 178, 178, 177, 179, 181, 182, 183
2010,14133010,133,CH4 ,10PPBC, 8,13, 183, 179, 179, 181, 184, 185, 184, 187, 187, 189, 192, 198, 189, 189, 185, 184, 185, 185, 184, 187, 189, 188, 191, 207
2010,14133010,133,CH4 ,10PPBC, 8,14, 205, 197, 194, 193, 192, 190, 190, 183, 187, 188, 182, 179, 178, 177, 178, 178, 178, 179, 178, 179, 179, 179, 179, 179
2010,14133010,133,CH4 ,10PPBC, 8,15, 180, 178, 178, 177, 177, 178, 177, 179, 181, 181, 179, 178, 179, 178, 179, 180, 180, 181, 179, 179, 179, 179, 178, 179
2010,14133010,133,CH4 ,10PPBC, 8,16,9999,9999, 188, 194, 193, 197, 200, 199, 197, 193, 194, 195, 191,9999,9999,9999, 191, 186, 184, 185, 188, 189, 185, 184
2010,14133010,133,CH4 ,10PPBC, 8,17, 185, 187, 187, 193, 206, 214, 202, 199, 193, 192, 187, 194, 190, 184, 183, 182, 183, 184, 183, 185, 183, 185, 186, 186
2010,14133010,133,CH4 ,10PPBC, 8,18, 190, 193, 194, 190, 189, 190, 193, 195, 190, 186, 186, 186, 190, 185, 186, 180, 181, 183, 181, 183, 183, 185, 189, 187
2010,14133010,133,CH4 ,10PPBC, 8,19, 186, 185, 186, 186, 188, 189, 187, 188, 191, 190, 188, 190, 189, 189, 190, 188, 187, 188, 192, 189, 191, 191, 190, 191
2010,14133010,133,CH4 ,10PPBC, 8,20, 190, 191, 192, 192, 192, 192, 193, 196, 199, 197, 197, 198, 197, 198, 201, 194, 190, 193, 193, 193, 192, 196, 195, 194
2010,14133010,133,CH4 ,10PPBC, 8,21, 196, 196, 193, 192, 195, 194, 198, 202, 199, 197, 200, 198, 196, 194, 193, 190, 187, 187, 185, 187, 186, 188, 188, 187
2010,14133010,133,CH4 ,10PPBC, 8,22, 188, 185, 188, 186, 185, 185, 186, 187, 187, 187, 189, 187, 187, 188, 185, 184, 183, 185, 184, 185, 185, 185, 185, 185
2010,14133010,133,CH4 ,10PPBC, 8,23,9999,9999, 183, 183, 184, 184, 185, 186, 188, 189,9999,9999, 185, 185, 183, 181, 182, 183, 184, 183, 185, 187, 186, 185
2010,14133010,133,CH4 ,10PPBC, 8,24, 183, 183, 183, 181, 182, 182, 182, 183, 182, 182, 183, 183, 185, 186, 185, 183, 184, 182, 183, 185, 184, 185, 184, 185
2010,14133010,133,CH4 ,10PPBC, 8,25, 184, 182, 183, 184, 187, 189, 188, 187, 186, 185, 183, 183, 185, 183, 184, 182, 181, 183, 184, 182, 185, 187, 185, 184
2010,14133010,133,CH4 ,10PPBC, 8,26, 184, 187, 190, 188, 188, 190, 191, 192, 190, 185, 184, 184, 183, 182, 181, 183, 184, 183, 185, 186, 188, 187, 187, 188
2010,14133010,133,CH4 ,10PPBC, 8,27, 187, 184, 185, 185, 188, 196, 201, 199, 195, 190, 189, 192, 193, 186, 186, 183, 180, 179, 178, 180, 180, 180, 180, 179
2010,14133010,133,CH4 ,10PPBC, 8,28, 179, 179, 177, 177, 178, 179, 181, 182, 183, 183, 183, 180, 179, 179, 177, 178, 177, 178, 180, 180, 179, 180, 180, 181
2010,14133010,133,CH4 ,10PPBC, 8,29, 180, 180, 179, 183, 183, 184, 185, 185, 182, 181, 181, 183, 182, 181, 182, 181, 180, 179, 179, 181, 181, 184, 185, 185
2010,14133010,133,CH4 ,10PPBC, 8,30,9999,9999, 181, 183, 197, 199, 199, 201, 209,9999,9999, 205, 194, 190, 186, 187, 187, 184, 185, 185, 184, 185, 187, 186
2010,14133010,133,CH4 ,10PPBC, 8,31, 186, 188, 187, 187, 192, 197, 205, 207, 232, 210, 191, 185, 186, 186, 185, 187, 184, 179, 179, 180, 182, 185, 186, 183
2010,14133010,133,CH4 ,10PPBC, 9, 1, 184, 180, 179, 178, 178, 179, 179, 178, 181, 179, 182, 184, 181, 181, 182, 180, 181, 181, 184, 184, 185, 187, 185, 184
2010,14133010,133,CH4 ,10PPBC, 9, 2, 187, 188, 185, 184, 183, 184, 186, 185, 186, 186, 187, 187, 187, 185, 185, 185, 185, 184, 183, 186, 185, 183, 184, 184
2010,14133010,133,CH4 ,10PPBC, 9, 3, 183, 182, 185, 185, 186, 187, 187, 188, 186, 186, 184, 183, 184, 183, 183, 182, 182, 183, 184, 185, 184, 185, 183, 183
2010,14133010,133,CH4 ,10PPBC, 9, 4, 185, 187, 189, 186, 185, 186, 186, 187, 188, 186, 188, 192, 190, 187, 188, 186, 186, 183, 186, 185, 184, 185, 184, 185
2010,14133010,133,CH4 ,10PPBC, 9, 5, 187, 185, 185, 185, 182, 184, 185, 185, 185, 185, 187, 185, 185, 184, 183, 183, 182, 181, 181, 182, 182, 183, 183, 183
2010,14133010,133,CH4 ,10PPBC, 9, 6,9999,9999, 178, 177, 176, 176, 175, 177, 177, 179, 180, 177, 177, 177, 176, 175, 175, 177, 178, 178, 178, 177, 177, 176
2010,14133010,133,CH4 ,10PPBC, 9, 7, 175, 174, 174, 173, 175, 174, 174, 175, 176, 176, 177, 177, 175, 176, 175,9999,9999, 178, 177, 178, 179, 177, 178, 180
2010,14133010,133,CH4 ,10PPBC, 9, 8, 184, 183, 185, 186, 186, 187, 189, 189, 193, 213, 196, 188, 181, 181, 181, 190, 191, 188, 187, 185, 185, 186, 185, 185
2010,14133010,133,CH4 ,10PPBC, 9, 9, 186, 186, 186, 188, 187, 188, 189, 189, 189, 190, 189, 189, 190, 190, 188, 188, 191, 195, 193, 190, 191, 190, 192, 192
2010,14133010,133,CH4 ,10PPBC, 9,10, 193, 192, 192, 191, 192, 193, 193, 198, 201, 199, 203, 197, 194, 194, 193, 191, 187, 191, 191, 190, 189, 187, 189, 190
2010,14133010,133,CH4 ,10PPBC, 9,11, 189, 192, 192, 191, 191, 192, 194, 194, 194, 192, 190, 190, 192, 189, 187, 187, 185, 186, 185, 187, 191, 189, 188, 189
2010,14133010,133,CH4 ,10PPBC, 9,12, 190, 193, 194, 197, 202, 200, 200, 200, 242, 212, 210, 198, 192, 191, 188, 186, 202, 189, 189, 191, 191, 192, 196, 195
2010,14133010,133,CH4 ,10PPBC, 9,13,9999,9999, 193, 193, 190, 193, 189, 190, 189,9999,9999, 186, 185, 184, 188, 186, 187, 188, 189, 191, 193, 197, 192, 190
2010,14133010,133,CH4 ,10PPBC, 9,14, 186, 186, 185, 187, 186, 186, 187, 200, 195, 192, 196, 194, 194, 191, 190, 191, 189, 189, 192, 191, 192, 192, 189, 189
2010,14133010,133,CH4 ,10PPBC, 9,15, 189, 191, 189, 189, 192, 192, 192, 192, 192, 193, 193, 193, 193, 192, 191, 189, 192, 191, 191, 191, 191, 192, 193, 194
2010,14133010,133,CH4 ,10PPBC, 9,16, 196, 195, 192, 192, 193, 193, 191, 193, 193, 192, 190, 189, 189, 189, 190, 189, 190, 189, 190, 190, 189, 192, 194, 194
2010,14133010,133,CH4 ,10PPBC, 9,17, 193, 195, 196, 197, 196, 195, 195, 197, 193, 193, 193, 198, 205, 204, 202, 198, 197, 196, 197, 193, 194, 197, 202, 203
2010,14133010,133,CH4 ,10PPBC, 9,18, 201, 199, 199, 199, 198, 199, 193, 192, 191, 191, 191, 189, 188, 191, 194, 190, 188, 189, 188, 193, 193, 193, 193, 193
2010,14133010,133,CH4 ,10PPBC, 9,19, 193, 194, 208, 241, 266, 209, 208, 201, 208, 203, 202, 198, 193, 188, 187, 187, 186, 187, 188, 187, 191, 190, 190, 189
2010,14133010,133,CH4 ,10PPBC, 9,20,9999,9999, 194, 213, 268, 198, 210, 210, 211, 202, 200, 196, 197, 199, 200, 198, 190, 190, 187, 190, 190, 192, 194, 198
2010,14133010,133,CH4 ,10PPBC, 9,21, 197, 199, 197, 198, 195, 196, 196, 194, 192, 193,9999,9999, 204, 206, 203, 200, 198, 196, 197, 199, 193, 192, 194, 196
2010,14133010,133,CH4 ,10PPBC, 9,22, 198, 201, 200, 197, 197, 196, 198, 199, 196, 193, 194, 194, 186, 185, 186, 188, 187, 187, 186, 188, 196, 195, 192, 191
2010,14133010,133,CH4 ,10PPBC, 9,23, 191, 191, 192, 192, 191, 191, 190, 190, 190, 190, 190, 192, 192, 190, 189, 189, 189, 189, 190, 191, 192, 191, 191, 193
2010,14133010,133,CH4 ,10PPBC, 9,24, 192, 192, 192, 192, 192, 193, 193, 195, 192, 191, 192, 191, 192, 192, 190, 191, 192, 191, 191, 191, 192, 193, 192, 191
2010,14133010,133,CH4 ,10PPBC, 9,25, 190, 190, 190, 190, 189, 190, 190, 189, 190, 190, 189, 188, 189, 189, 189, 189, 191, 192, 195, 204, 195, 196, 196, 197
2010,14133010,133,CH4 ,10PPBC, 9,26, 198, 200, 198, 198, 197, 199, 201, 200, 196, 194, 193, 195, 205, 203, 194, 196, 194, 193, 194, 200, 195, 197, 197, 197
2010,14133010,133,CH4 ,10PPBC, 9,27,9999,9999, 195, 196, 190, 189, 191, 189, 189, 188, 187, 189, 188, 186, 188, 187, 187, 187, 188, 188, 188, 189, 191, 191
2010,14133010,133,CH4 ,10PPBC, 9,28, 191, 189, 188, 188, 189, 190, 190, 190, 192,9999,9999,9999, 198, 195, 192, 191, 192, 196, 200, 204, 209, 213, 217, 202
2010,14133010,133,CH4 ,10PPBC, 9,29, 195, 193, 191, 189, 190, 191, 192, 192, 192, 192, 192, 193, 197, 199, 197, 197, 196, 197, 197, 194, 197, 201, 221, 203
2010,14133010,133,CH4 ,10PPBC, 9,30, 202, 203, 201, 198, 197, 198, 196, 197, 198, 197, 199, 197, 201, 201, 201, 199, 197, 198, 199, 196, 196, 200, 200, 200
2010,14133010,133,CH4 ,10PPBC, 9,31,9998,9998,9998,9998,9998,9998,9998,9998,9998,9998,9998,9998,9998,9998,9998,9998,9998,9998,9998,9998,9998,9998,9998,9998
2010,14133010,133,CH4 ,10PPBC,10, 1, 199, 195, 195, 196, 195, 194, 195, 195, 195, 194, 192, 192, 192, 192, 191, 194, 200, 203, 199, 221, 236, 212, 198, 198
2010,14133010,133,CH4 ,10PPBC,10, 2, 204, 200, 197, 193, 193, 196, 197, 197, 195, 192, 192, 193, 191, 192, 191, 192, 192, 191, 193, 203, 196, 194, 196, 195
2010,14133010,133,CH4 ,10PPBC,10, 3, 196, 198, 201, 200, 199, 201, 201, 199, 197, 194, 194, 193, 193, 192, 192, 203, 201, 213, 234, 198, 195, 197, 196, 195
2010,14133010,133,CH4 ,10PPBC,10, 4,9999,9999, 198, 199, 197, 195, 196, 197, 197, 196,9999,9999,9999, 200, 203, 196, 196, 195, 198, 200, 200, 199, 197, 198
2010,14133010,133,CH4 ,10PPBC,10, 5, 196, 197, 197, 194, 193, 191, 192, 193, 194, 206, 207, 198, 193, 193, 192, 192, 193, 194, 194, 195, 200, 201, 209, 208
2010,14133010,133,CH4 ,10PPBC,10, 6, 206, 205, 196, 195, 192, 193, 193, 193, 192, 191, 192, 192, 193, 191, 190, 192, 191, 192, 193, 193, 193, 193, 195, 195
2010,14133010,133,CH4 ,10PPBC,10, 7, 193, 197, 198, 198, 197, 197, 200, 200, 200, 194, 193, 193, 192, 192, 192, 190, 192, 191, 193, 194, 193, 194, 194, 193
2010,14133010,133,CH4 ,10PPBC,10, 8, 194, 194, 192, 191, 191, 191, 192, 193, 192,9999,9999,9999,9999,9999,9999,9999, 189, 191, 192, 192, 192, 193, 193, 193
2010,14133010,133,CH4 ,10PPBC,10, 9, 198, 194, 195, 193, 193, 194, 192, 193, 193, 193, 195, 193, 192, 191, 191, 191, 192, 192, 192, 189, 190, 192, 193, 193
2010,14133010,133,CH4 ,10PPBC,10,10, 193, 194, 192, 190, 191, 189, 189, 192, 193, 192, 191, 190, 190, 188, 200, 207, 205, 195, 205, 214, 216, 223, 226, 207
2010,14133010,133,CH4 ,10PPBC,10,11,9999,9999, 209, 204, 202, 192, 194, 196, 191, 189, 189, 187, 187, 188, 190, 193, 191, 196, 197, 198, 199, 201, 209, 218
2010,14133010,133,CH4 ,10PPBC,10,12, 214, 222, 237, 236, 222, 213, 202, 211, 224, 219,9999,9999, 200, 196, 195, 197, 193, 193, 200, 199, 201, 211, 219, 213
2010,14133010,133,CH4 ,10PPBC,10,13, 226, 219, 209, 203, 207, 206, 206, 206, 204, 197, 194, 194, 194, 197, 203, 192, 189, 191, 194, 196, 197, 199, 208, 228
2010,14133010,133,CH4 ,10PPBC,10,14, 229, 208, 193, 192, 191, 190, 192, 192, 192,9999, 192, 192, 191, 190, 191, 192, 206, 199, 194, 194, 195, 194, 193, 193
2010,14133010,133,CH4 ,10PPBC,10,15, 193, 193, 191, 191, 194, 194, 195, 196, 197, 193, 191, 192, 204, 195, 195, 195, 196, 195, 196, 197, 199, 204, 256, 221
2010,14133010,133,CH4 ,10PPBC,10,16, 208, 202, 196, 194, 191, 191, 193, 195, 195, 195, 194, 191, 196, 194, 194, 193, 195, 195, 197, 196, 196, 201, 228, 221
2010,14133010,133,CH4 ,10PPBC,10,17, 212, 208, 199, 195, 194, 196, 196, 197, 196, 197, 196, 194, 194, 193, 194, 193, 194, 195, 196, 199, 201, 202, 201, 196
2010,14133010,133,CH4 ,10PPBC,10,18,9999,9999, 195, 195, 197, 195, 193, 197, 196, 194, 192, 192, 192, 192, 198, 198, 197, 193, 197, 194, 191, 192, 192, 191
2010,14133010,133,CH4 ,10PPBC,10,19, 191, 192, 192, 192, 193, 193, 194, 194, 194,9999,9999,9999, 189, 192, 189, 190, 190, 191, 192, 192, 192, 192, 194, 193
2010,14133010,133,CH4 ,10PPBC,10,20, 192, 192, 192, 193, 193, 194, 195, 195, 195, 197, 196, 195, 194, 194, 195, 196, 194, 194, 196, 198, 199, 199, 197, 199
2010,14133010,133,CH4 ,10PPBC,10,21, 198, 197, 196, 194, 195, 196, 203, 204, 201, 199, 197, 197, 198, 195, 191, 195, 195, 192, 195, 195, 196, 195, 195, 196
2010,14133010,133,CH4 ,10PPBC,10,22, 196, 193, 190, 188, 189, 190, 192, 190, 190, 190, 189, 188, 189, 189, 189, 189, 190, 189, 189, 190, 190, 192, 191, 192
2010,14133010,133,CH4 ,10PPBC,10,23, 192, 191, 190, 193, 191, 193, 194, 194, 194, 192, 190, 190, 190, 190, 190, 190, 189, 191, 192, 192, 195, 194, 195, 201
2010,14133010,133,CH4 ,10PPBC,10,24, 203, 200, 198, 200, 201, 199, 198, 199, 195, 194, 194, 197, 197, 198, 197, 196, 196, 199, 199, 196, 194, 196, 195, 197
2010,14133010,133,CH4 ,10PPBC,10,25,9999,9999, 195, 195, 193, 191, 190, 192, 192,9999,9999, 195, 194, 194, 193, 196, 222, 252, 267, 297, 305, 308, 261, 207
2010,14133010,133,CH4 ,10PPBC,10,26, 201, 198, 197, 198, 199, 198, 195, 195, 205, 211, 203, 192, 192, 194, 192, 192, 192, 193, 194, 194, 193, 194, 194, 193
2010,14133010,133,CH4 ,10PPBC,10,27, 193, 194, 193, 193, 192, 192, 194, 193, 193, 195, 193, 193, 193, 193, 194, 194, 193, 197, 198, 196, 196, 195, 197, 199
2010,14133010,133,CH4 ,10PPBC,10,28, 199, 197, 196, 197, 196, 198, 196, 198, 198, 196, 194, 193, 193, 193, 193, 193, 194, 193, 193, 194, 194, 194, 194, 194
2010,14133010,133,CH4 ,10PPBC,10,29, 195, 195, 194, 194, 192, 192, 191, 195, 195, 193, 194, 193, 191, 192, 193, 193, 192, 193, 194, 194, 194, 194, 196, 197
2010,14133010,133,CH4 ,10PPBC,10,30, 198, 196, 196, 195, 195, 193, 194, 193, 194, 194, 195, 194, 194, 194, 193, 193, 191, 192, 193, 197, 191, 191, 192, 190
2010,14133010,133,CH4 ,10PPBC,10,31, 192, 191, 191, 192, 192, 192, 193, 194, 194, 193, 191, 192, 190, 191, 190, 191, 191, 192, 192, 194, 193, 193, 193, 194
2010,14133010,133,CH4 ,10PPBC,11, 1,9999,9999, 192, 191, 188, 187, 187, 188, 188,9999,9999, 188, 187, 190, 192, 192, 193, 188, 187, 197, 217, 215, 212, 211
2010,14133010,133,CH4 ,10PPBC,11, 2, 210, 209, 202, 193, 192, 192, 192, 193, 192, 193, 190, 189, 192, 192, 189, 190, 190, 191, 191, 195, 198, 199, 199, 197
2010,14133010,133,CH4 ,10PPBC,11, 3, 195, 193, 193, 193, 194, 195, 196, 197, 195, 195, 193, 194, 194, 194, 193, 194, 193, 194, 193, 194, 196, 198, 198, 199
2010,14133010,133,CH4 ,10PPBC,11, 4, 196, 195, 195, 196, 196, 196, 196, 196, 199, 201, 201, 202, 199, 196, 195, 194, 193, 198, 205, 215, 239, 220, 210, 206
2010,14133010,133,CH4 ,10PPBC,11, 5, 206, 204, 204, 203, 204, 202, 202, 206, 203, 200, 196, 193, 197, 204, 201, 197, 196, 201, 213, 228, 227, 222, 214, 207
2010,14133010,133,CH4 ,10PPBC,11, 6, 207, 207, 206, 206, 203, 201, 203, 204, 202, 201, 201, 196, 195, 205, 207, 198, 196, 201, 204, 215, 232, 245, 218, 208
2010,14133010,133,CH4 ,10PPBC,11, 7, 206, 206, 202, 200, 200, 198, 198, 200, 201, 200, 199, 197, 196, 195, 195, 194, 198, 203, 207, 213, 232, 225, 212, 205
2010,14133010,133,CH4 ,10PPBC,11, 8,9999,9999, 204, 197, 195, 198, 197, 198, 197, 198, 196, 203,9999,9999, 197, 197, 193, 198, 202, 207, 211, 205, 204, 206
2010,14133010,133,CH4 ,10PPBC,11, 9, 208, 206, 203, 206, 209, 210, 211, 211, 211, 192, 189, 188, 187, 188, 187, 189, 189, 190, 192, 193, 195, 197, 200, 201
2010,14133010,133,CH4 ,10PPBC,11,10, 207, 208, 204, 206, 209, 208, 208, 205, 206, 207, 208, 206, 197, 192, 192, 192, 191, 194, 193, 191, 195, 196, 197, 198
2010,14133010,133,CH4 ,10PPBC,11,11, 198, 199, 199, 197, 198, 197, 196, 198, 200, 200, 194, 193, 193, 195, 197, 199, 197, 198, 200, 207, 213, 225, 226, 225
2010,14133010,133,CH4 ,10PPBC,11,12, 217, 211, 209, 207, 205, 203, 202, 206, 209, 210, 209, 204, 194, 192, 192, 191, 193, 195, 196, 197, 202, 208, 212, 212
2010,14133010,133,CH4 ,10PPBC,11,13, 208, 211, 209, 206, 202, 205, 205, 201, 201, 208, 206, 197, 195, 197, 197, 210, 198, 199, 201, 205, 213, 215, 213, 215
2010,14133010,133,CH4 ,10PPBC,11,14, 213, 211, 204, 201, 201, 201, 198, 198, 200, 201, 201, 203, 200, 202, 207, 199, 203, 204, 209, 213, 218, 217, 221, 221
2010,14133010,133,CH4 ,10PPBC,11,15,9999,9999, 207, 210, 207, 204, 204, 203, 197,9999,9999, 195, 194, 194, 194, 193, 192, 191, 193, 194, 194, 195, 197, 195
2010,14133010,133,CH4 ,10PPBC,11,16, 193, 194, 197, 196, 195, 194, 195, 195, 195, 195, 194, 194, 194, 195, 202, 200, 204, 204, 196, 211, 198, 200, 203, 207
2010,14133010,133,CH4 ,10PPBC,11,17, 205, 203, 199, 199, 199, 196, 195, 199, 200, 195, 194, 193, 192, 191, 192, 194, 191, 193, 194, 194, 195, 196, 194, 195
2010,14133010,133,CH4 ,10PPBC,11,18, 196, 196, 198, 197, 195, 194, 196, 197, 200, 199, 193, 191, 190, 190, 191, 189, 191, 193, 194, 194, 195, 194, 196, 198
2010,14133010,133,CH4 ,10PPBC,11,19, 199, 200, 199, 198, 195, 195, 194, 196, 197, 196, 194, 193, 193, 193, 194, 196, 206, 200, 205, 197, 205, 215, 210, 206
2010,14133010,133,CH4 ,10PPBC,11,20, 203, 206, 200, 197, 196, 196, 198, 199, 197, 196, 195, 193, 192, 194, 192, 192, 194, 197, 205, 214, 217, 219, 216, 207
2010,14133010,133,CH4 ,10PPBC,11,21, 202, 201, 199, 197, 199, 198, 198, 198, 196, 194, 195, 193, 194, 195, 192, 194, 195, 200, 204, 208, 211, 213, 214, 210
2010,14133010,133,CH4 ,10PPBC,11,22,9999,9999, 197, 198, 199, 199, 199, 201, 202,9999,9999, 198, 195, 193, 193, 192, 191, 193, 192, 193, 194, 195, 196, 195
2010,14133010,133,CH4 ,10PPBC,11,23, 192, 191, 189, 188, 188, 187, 185, 186, 185, 187, 189, 189, 190, 190, 191, 190, 193, 194, 194, 192, 194, 193, 193, 194
2010,14133010,133,CH4 ,10PPBC,11,24, 191, 191, 190, 192, 193, 192, 194, 193, 194, 194, 192, 193, 194, 194, 196, 197, 194, 207, 210, 200, 196, 199, 204, 214
2010,14133010,133,CH4 ,10PPBC,11,25, 218, 218, 210, 204, 202, 202, 204, 202, 200, 198, 197, 201, 201, 200, 201, 201, 199, 199, 200, 201, 201, 201, 199, 200
2010,14133010,133,CH4 ,10PPBC,11,26, 199, 199, 199, 195, 195, 198, 199, 199, 201, 203, 204, 197, 195, 194, 193, 213, 207, 196, 193, 194, 195, 195, 194, 193
2010,14133010,133,CH4 ,10PPBC,11,27, 193, 193, 192, 192, 191, 191, 191, 192, 194, 193, 193, 193, 192, 191, 199, 196, 193, 194, 194, 195, 207, 227, 216, 219
2010,14133010,133,CH4 ,10PPBC,11,28, 217, 215, 212, 211, 213, 214, 207, 203, 200, 201, 197, 195, 191, 189, 190, 191, 195, 196, 199, 192, 194, 195, 195, 195
2010,14133010,133,CH4 ,10PPBC,11,29,9999,9999, 190, 191, 191, 191, 196, 200, 198, 194, 192, 192, 192, 190, 190, 190, 190, 193, 200, 201, 206, 199, 198, 198
2010,14133010,133,CH4 ,10PPBC,11,30, 199, 199, 196, 196, 197, 196, 197, 197, 195,9999,9999, 194, 195, 196, 195, 196, 194, 198, 198, 202, 200, 202, 203, 201
2010,14133010,133,CH4 ,10PPBC,11,31,9998,9998,9998,9998,9998,9998,9998,9998,9998,9998,9998,9998,9998,9998,9998,9998,9998,9998,9998,9998,9998,9998,9998,9998
2010,14133010,133,CH4 ,10PPBC,12, 1, 200, 202, 202, 203, 204, 206, 207, 205, 207, 211, 201, 196, 195, 194, 194, 204, 196, 208, 216, 212, 205, 217, 216, 205
2010,14133010,133,CH4 ,10PPBC,12, 2, 207, 208, 203, 199, 197, 198, 199, 203, 203, 202, 197, 198, 198, 197, 199, 198, 199, 201, 203, 206, 209, 210, 207, 206
2010,14133010,133,CH4 ,10PPBC,12, 3, 203, 200, 198, 198, 195, 196, 194, 188, 193, 185, 182, 182, 184, 185, 186, 184, 184, 184, 185, 187, 189, 189, 190, 190
2010,14133010,133,CH4 ,10PPBC,12, 4, 191, 189, 189, 189, 190, 190, 191, 194, 195, 194, 192, 191, 189, 191, 189, 190, 190, 191, 192, 194, 193, 195, 196, 196
2010,14133010,133,CH4 ,10PPBC,12, 5, 196, 197, 198, 201, 198, 200, 200, 199, 199, 199, 200, 199, 202, 213, 208, 201, 198, 203, 214, 220, 237, 223, 211, 210
2010,14133010,133,CH4 ,10PPBC,12, 6,9999,9999, 200, 199, 197, 196, 196, 198, 198,9999,9999, 195, 203, 204, 202, 199, 196, 198, 203, 214, 236, 233, 217, 213
2010,14133010,133,CH4 ,10PPBC,12, 7, 212, 211, 208, 204, 205, 205, 203, 203, 207, 201, 197, 195, 193, 191, 193, 193, 192, 192, 191, 192, 193, 192, 190, 191
2010,14133010,133,CH4 ,10PPBC,12, 8, 191, 190, 189, 189, 188, 188, 190, 190, 194, 193, 191, 190, 189, 190, 189, 189, 189, 191, 192, 192, 193, 193, 196, 199
2010,14133010,133,CH4 ,10PPBC,12, 9, 196, 198, 196, 194, 192, 191, 193, 194, 195, 194, 193, 193, 192, 195, 198, 194, 193, 196, 201, 203, 205, 204, 208, 204
2010,14133010,133,CH4 ,10PPBC,12,10, 202, 200, 194, 192, 191, 194, 193, 193, 200, 196,9999,9999,9999,9999,9999,9999,9999,9999,9999,9999,9999,9999,9999,9999
2010,14133010,133,CH4 ,10PPBC,12,11,9999,9999,9999,9999,9999,9999,9999,9999,9999,9999,9999,9999,9999,9999,9999,9999,9999,9999,9999,9999,9999,9999,9999,9999
2010,14133010,133,CH4 ,10PPBC,12,12,9999,9999,9999,9999,9999,9999,9999,9999,9999,9999,9999,9999,9999,9999,9999,9999,9999,9999,9999,9999,9999,9999,9999,9999
2010,14133010,133,CH4 ,10PPBC,12,13,9999,9999,9999,9999,9999,9999,9999,9999,9999,9999,9999,9999,9999,9999,9999,9999,9999,9999,9999,9999,9999,9999,9999,9999
2010,14133010,133,CH4 ,10PPBC,12,14,9999,9999,9999,9999,9999,9999,9999,9999,9999,9999,9999,9999,9999,9999,9999,9999,9999,9999,9999,9999,9999,9999,9999,9999
2010,14133010,133,CH4 ,10PPBC,12,15,9999,9999,9999,9999,9999,9999,9999,9999,9999,9999,9999,9999,9999,9999,9999,9999,9999,9999,9999,9999,9999,9999,9999,9999
2010,14133010,133,CH4 ,10PPBC,12,16,9999,9999,9999,9999,9999,9999,9999,9999,9999,9999,9999,9999,9999,9999,9999,9999,9999,9999,9999,9999,9999,9999,9999,9999
2010,14133010,133,CH4 ,10PPBC,12,17,9999,9999,9999,9999,9999,9999,9999,9999,9999,9999,9999,9999,9999,9999,9999,9999,9999,9999,9999,9999,9999,9999,9999,9999
2010,14133010,133,CH4 ,10PPBC,12,18,9999,9999,9999,9999,9999,9999,9999,9999,9999,9999,9999,9999,9999,9999,9999,9999,9999,9999,9999,9999,9999,9999,9999,9999
2010,14133010,133,CH4 ,10PPBC,12,19,9999,9999,9999,9999,9999,9999,9999,9999,9999,9999,9999,9999,9999,9999,9999,9999,9999,9999,9999,9999,9999,9999,9999,9999
2010,14133010,133,CH4 ,10PPBC,12,20,9999,9999,9999,9999,9999,9999,9999,9999,9999,9999,9999,9999,9999,9999,9999, 202, 200, 200, 208, 206, 204, 212, 213, 211
2010,14133010,133,CH4 ,10PPBC,12,21, 214, 214, 214, 210, 210, 207, 208, 208, 208, 203, 199, 200, 197, 198, 199, 199, 197, 197, 198, 199, 200, 196, 195, 196
2010,14133010,133,CH4 ,10PPBC,12,22, 196, 195, 198, 196, 195, 192, 189, 191, 192, 194, 192, 191, 189, 188, 187, 193, 193, 194, 194, 194, 194, 193, 194, 193
2010,14133010,133,CH4 ,10PPBC,12,23, 191, 190, 189, 191, 193, 194, 193, 192, 190, 190, 190, 190, 189, 188, 189, 189, 190, 192, 193, 193, 195, 198, 200, 206
2010,14133010,133,CH4 ,10PPBC,12,24, 209, 212, 216, 216, 215, 215, 215, 215, 218, 208, 196, 193, 191, 191, 191, 192, 191, 193, 195, 195, 195, 195, 196, 195
2010,14133010,133,CH4 ,10PPBC,12,25, 195, 194, 195, 195, 196, 194, 193, 192, 190, 190, 189, 189, 190, 190, 188, 188, 189, 190, 189, 190, 191, 189, 189, 189
2010,14133010,133,CH4 ,10PPBC,12,26, 190, 190, 189, 189, 190, 189, 189, 190, 192, 191, 191, 191, 190, 190, 189, 189, 189, 189, 190, 191, 191, 192, 193, 196
2010,14133010,133,CH4 ,10PPBC,12,27,9999,9999, 196, 198, 196, 192, 192, 197, 201, 195, 193, 192, 193, 191, 192, 192, 193, 195, 201, 207, 218, 207, 209, 212
2010,14133010,133,CH4 ,10PPBC,12,28, 215, 212, 209, 205, 206, 206, 209, 209, 209, 209, 206, 199, 200, 194, 190, 191, 190, 189, 190, 190, 191, 193, 195, 199
2010,14133010,133,CH4 ,10PPBC,12,29, 202, 205, 203, 196, 198, 199, 202, 204, 202, 199, 196, 195, 192, 192, 191, 191, 192, 193, 193, 193, 194, 196, 198, 199
2010,14133010,133,CH4 ,10PPBC,12,30, 203, 203, 203, 197, 197, 198, 198, 201, 205, 207, 200, 199, 206, 204, 203, 199, 198, 196, 195, 196, 196, 197, 198, 200
2010,14133010,133,CH4 ,10PPBC,12,31, 203, 202, 198, 196, 196, 197, 198, 200, 200, 201, 197, 192, 191, 190, 191, 189, 191, 191, 192, 194, 197, 196, 201, 201
2010,14133010,133,CH4 ,10PPBC, 1, 1, 199, 208, 210, 208, 202, 201, 201, 201, 202, 205, 198, 194, 192, 191, 191, 191, 191, 193, 195, 197, 202, 203, 203, 206
2010,14133010,133,CH4 ,10PPBC, 1, 2, 208, 214, 212, 210, 209, 207, 205, 204, 205, 206, 198, 193, 193, 193, 192, 190, 191, 193, 194, 193, 195, 196, 197, 195
2010,14133010,133,CH4 ,10PPBC, 1, 3,9999,9999, 194, 193, 192, 194, 193, 196, 196, 195, 193, 192, 192, 192, 192, 192, 193, 195, 203, 209, 216, 220, 225, 209
2010,14133010,133,CH4 ,10PPBC, 1, 4, 200, 195, 193, 193, 191, 192, 194, 196, 196,9999,9999, 191, 191, 191, 191, 191, 193, 193, 193, 193, 195, 195, 196, 198
2010,14133010,133,CH4 ,10PPBC, 1, 5, 203, 204, 203, 201, 198, 196, 197, 202, 202,9999,9999,9999,9999,9999,9999,9999,9999,9999,9999,9999,9999,9999,9999,9999
2010,14133010,133,CH4 ,10PPBC, 1, 6,9999,9999,9999,9999,9999,9999,9999,9999,9999,9999,9999,9999,9999,9999,9999,9999,9999,9999,9999,9999,9999,9999,9999,9999
2010,14133010,133,CH4 ,10PPBC, 1, 7,9999,9999,9999,9999,9999,9999,9999,9999,9999,9999,9999,9999,9999,9999,9999,9999,9999,9999,9999,9999,9999,9999,9999,9999
2010,14133010,133,CH4 ,10PPBC, 1, 8,9999,9999,9999,9999,9999,9999,9999,9999,9999,9999,9999,9999,9999,9999,9999,9999,9999,9999,9999,9999,9999,9999,9999,9999
2010,14133010,133,CH4 ,10PPBC, 1, 9,9999,9999,9999,9999,9999,9999,9999,9999,9999,9999,9999,9999,9999,9999,9999,9999,9999,9999,9999,9999,9999,9999,9999,9999
2010,14133010,133,CH4 ,10PPBC, 1,10,9999,9999,9999,9999,9999,9999,9999,9999,9999,9999,9999,9999,9999,9999,9999,9999,9999,9999,9999,9999,9999,9999,9999,9999
2010,14133010,133,CH4 ,10PPBC, 1,11,9999,9999,9999,9999,9999,9999,9999,9999,9999,9999,9999,9999,9999,9999,9999,9999,9999,9999,9999,9999,9999,9999,9999,9999
2010,14133010,133,CH4 ,10PPBC, 1,12,9999,9999,9999,9999,9999,9999,9999,9999,9999,9999,9999,9999,9999,9999,9999, 208, 210, 214, 195, 194, 195, 195, 196, 195
2010,14133010,133,CH4 ,10PPBC, 1,13, 196, 195, 196, 195, 195, 194, 195, 196, 198, 195, 194, 193, 193, 193, 193, 193, 194, 195, 197, 199, 200, 199, 198, 197
2010,14133010,133,CH4 ,10PPBC, 1,14, 198, 197, 197, 197, 199, 199, 200, 205, 209, 205, 200, 200, 200, 211, 206, 201, 201, 203, 243, 241, 239, 226, 223, 216
2010,14133010,133,CH4 ,10PPBC, 1,15, 209, 206, 203, 202, 203, 203, 206, 208,9999,9999,9999,9999, 202, 201, 205, 201, 202, 206, 201, 201, 205, 205, 202, 200
2010,14133010,133,CH4 ,10PPBC, 1,16, 196, 197, 199, 196, 194, 193, 193, 193, 194, 193, 194, 193, 193, 191, 192, 192, 193, 195, 196, 200, 201, 207, 203, 210
2010,14133010,133,CH4 ,10PPBC, 1,17,9999,9999, 198, 200, 203, 202, 209, 224, 228,9999,9999, 190, 192, 191, 190, 192, 191, 191, 192, 193, 195, 195, 197, 201
2010,14133010,133,CH4 ,10PPBC, 1,18, 209, 211, 212, 212, 206, 207, 211, 211, 209, 211, 200, 193, 191, 191, 194, 194, 195, 197, 202, 214, 224, 221, 201, 197
2010,14133010,133,CH4 ,10PPBC, 1,19, 194, 194, 196, 197, 201, 200, 203, 211, 210, 203, 201, 194, 192, 199, 210, 197, 194, 204, 210, 205, 198, 200, 203, 209
2010,14133010,133,CH4 ,10PPBC, 1,20, 207, 206, 195, 198, 201, 202, 201, 205, 207, 199, 195, 193, 191, 196, 195, 194, 194, 193, 192, 193, 193, 193, 195, 194
2010,14133010,133,CH4 ,10PPBC, 1,21, 193, 192, 192, 191, 191, 192, 192, 194, 194, 194, 191, 191, 190, 190, 190, 192, 194, 199, 199, 196, 199, 197, 196, 197
2010,14133010,133,CH4 ,10PPBC, 1,22, 194, 194, 194, 193, 190, 192, 193, 194, 195, 197, 195, 193, 192, 191, 193, 195, 193, 196, 199, 214, 208, 197, 202, 201
2010,14133010,133,CH4 ,10PPBC, 1,23, 209, 211, 210, 213, 206, 202, 202, 202, 205, 203, 200, 196, 194, 193, 194, 195, 199, 199, 198, 200, 198, 198, 199, 199
2010,14133010,133,CH4 ,10PPBC, 1,24,9999,9999, 195, 196, 196, 195, 194, 195, 196, 194, 194, 193, 194, 195, 195, 196, 195, 195, 196, 195, 193, 194, 196, 197
2010,14133010,133,CH4 ,10PPBC, 1,25, 199, 197, 196, 196, 195, 194, 194, 197, 198, 196,9999,9999,9999, 192, 191, 192, 192, 192, 193, 195, 195, 197, 197, 197
2010,14133010,133,CH4 ,10PPBC, 1,26, 196, 197, 197, 201, 201, 203, 206, 209, 208, 203, 198, 195, 196, 198, 195, 195, 195, 193, 193, 196, 194, 195, 196, 197
2010,14133010,133,CH4 ,10PPBC, 1,27, 195, 195, 197, 197, 197, 201, 202, 210, 210, 209, 198, 195, 193, 194, 193, 192, 193, 192, 192, 193, 193, 193, 194, 194
2010,14133010,133,CH4 ,10PPBC, 1,28, 194, 194, 194, 194, 195, 196, 199, 200, 200, 196, 193, 192, 191, 193, 191, 191, 192, 190, 191, 193, 194, 194, 194, 194
2010,14133010,133,CH4 ,10PPBC, 1,29, 194, 193, 192, 192, 191, 190, 193, 193, 194, 194, 195, 198, 196, 195, 194, 193, 194, 196, 199, 213, 202, 202, 204, 202
2010,14133010,133,CH4 ,10PPBC, 1,30, 202, 202, 202, 201, 199, 198, 199, 199, 196, 193, 190, 191, 193, 193, 194, 198, 194, 194, 196, 194, 194, 195, 197, 198
2010,14133010,133,CH4 ,10PPBC, 1,31,9999,9999, 193, 194, 195, 197, 199, 203, 203,9999,9999, 192, 191, 192, 191, 193, 193, 195, 198, 201, 207, 202, 201, 204
2010,14133010,133,CH4 ,10PPBC, 2, 1, 206, 212, 216, 213, 212, 209, 208, 220, 216, 202, 194, 194, 192, 192, 193, 193, 191, 193, 191, 193, 192, 193, 194, 193
2010,14133010,133,CH4 ,10PPBC, 2, 2, 193, 193, 193, 192, 193, 193, 194, 197, 198, 196, 198, 202, 198, 205, 212, 200, 196, 196, 196, 201, 201, 198, 200, 214
2010,14133010,133,CH4 ,10PPBC, 2, 3, 215, 210, 204, 202, 201, 204, 205, 206, 209, 206, 203, 200, 196, 200, 203, 196, 197, 197, 198, 201, 200, 202, 206, 204
2010,14133010,133,CH4 ,10PPBC, 2, 4, 202, 220, 212, 206, 202, 201, 201, 205, 207, 206, 204, 197, 195,9999,9999, 190, 191, 193, 198, 214, 221, 211, 210, 229
2010,14133010,133,CH4 ,10PPBC, 2, 5, 229, 216, 208, 208, 205, 201, 199, 200, 201, 200, 197, 196, 195, 196, 203, 211, 207, 203, 209, 218, 221, 231, 228, 205
2010,14133010,133,CH4 ,10PPBC, 2, 6, 199, 198, 204, 209, 208, 208, 207, 210, 211, 204, 198, 199, 203, 210, 205, 210, 231, 225, 214, 204, 205, 205, 201, 200
2010,14133010,133,CH4 ,10PPBC, 2, 7,9999,9999, 204, 206, 208, 207, 205, 204, 200,9999,9999, 193, 193, 193, 193, 193, 194, 193, 193, 194, 193, 193, 193, 193
2010,14133010,133,CH4 ,10PPBC, 2, 8, 193, 193, 192, 191, 192, 192, 194, 193, 194, 194, 193, 197, 194, 195, 195, 197, 198, 200, 200, 197, 194, 196, 194, 193
2010,14133010,133,CH4 ,10PPBC, 2, 9, 194, 193, 194, 193, 192, 191, 191, 193, 195, 194, 193, 193, 193, 193, 193, 192, 203, 199, 203, 209, 215, 215, 196, 194
2010,14133010,133,CH4 ,10PPBC, 2,10, 194, 193, 193, 192, 191, 190, 193, 192, 194, 193, 193, 193, 193, 193, 193, 194, 198, 200, 199, 196, 195, 195, 194, 194
2010,14133010,133,CH4 ,10PPBC, 2,11, 193, 194, 193, 193, 193, 193, 193, 194, 195, 197, 195, 195, 194, 195, 195, 195, 194, 194, 197, 199, 198, 195, 194, 193
2010,14133010,133,CH4 ,10PPBC, 2,12, 193, 193, 192, 191, 192, 191, 192, 193, 193, 193, 192, 191, 193, 191, 192, 192, 192, 193, 194, 193, 198, 201, 205, 204
2010,14133010,133,CH4 ,10PPBC, 2,13, 203, 203, 203, 199, 198, 199, 200, 199, 197, 196, 194, 194, 193, 194, 194, 194, 193, 195, 199, 202, 200, 199, 201, 205
2010,14133010,133,CH4 ,10PPBC, 2,14,9999,9999, 196, 197, 197, 195, 194, 195, 198, 201, 200, 198, 197, 197, 197, 198, 196, 196, 196, 198, 202, 199, 198, 196
2010,14133010,133,CH4 ,10PPBC, 2,15, 196, 195, 195, 192, 193, 192, 192, 194, 197,9999,9999, 194, 194, 192, 193, 193, 193, 193, 195, 198, 201, 196, 195, 197
2010,14133010,133,CH4 ,10PPBC, 2,16, 197, 195, 196, 197, 197, 197, 198, 202, 200, 199, 197, 197, 202, 210, 200, 198, 197, 198, 202, 206, 212, 212, 210, 210
2010,14133010,133,CH4 ,10PPBC, 2,17, 209, 209, 209, 209, 209, 211, 210, 209, 204, 205, 206, 238, 225, 202, 196, 191, 189, 190, 191, 194, 195, 196, 197, 198
2010,14133010,133,CH4 ,10PPBC, 2,18, 199, 197, 201, 198, 198, 197, 195, 194, 191, 191, 189, 189, 189, 189, 189, 189, 190, 191, 191, 192, 192, 193, 193, 192
2010,14133010,133,CH4 ,10PPBC, 2,19, 192, 193, 192, 192, 192, 191, 192, 192, 193, 193, 194, 195, 196, 199, 198, 197, 197, 196, 196, 202, 202, 195, 198, 201
2010,14133010,133,CH4 ,10PPBC, 2,20, 202, 202, 199, 197, 196, 195, 195, 195, 197, 197, 197, 198, 197, 201, 197, 197, 198, 197, 194, 194, 195, 196, 197, 193
2010,14133010,133,CH4 ,10PPBC, 2,21,9999,9999, 192, 192, 191, 191, 192, 192, 193, 193, 193, 191, 191, 192,9999, 191, 191, 191, 192, 192, 193, 193, 195, 195
2010,14133010,133,CH4 ,10PPBC, 2,22, 194, 194, 193, 193, 197, 199, 202, 204, 207,9999,9999,9999, 192, 193, 193, 191, 193, 192, 192, 192, 194, 195, 194, 194
2010,14133010,133,CH4 ,10PPBC, 2,23, 193, 193, 195, 195, 196, 196, 197, 198, 198, 196, 195, 195, 194, 197, 196, 193, 194, 194, 196, 201, 208, 205, 204, 230
2010,14133010,133,CH4 ,10PPBC, 2,24, 206, 207, 199, 197, 194, 195, 196, 201, 206, 214, 223, 207, 204, 200, 193, 190, 189, 193, 197, 197, 197, 196, 195, 192
2010,14133010,133,CH4 ,10PPBC, 2,25, 189, 187, 187, 189, 202, 203, 203, 194, 200, 186, 186,9999, 186, 186, 186, 186, 186, 187, 188, 191, 192, 192, 191, 192
2010,14133010,133,CH4 ,10PPBC, 2,26, 193, 192, 193, 193, 192, 193, 193, 194, 194, 194, 195, 197, 198, 199, 199, 198, 198, 198, 197, 197, 202, 204, 206, 208
2010,14133010,133,CH4 ,10PPBC, 2,27, 202, 202, 211, 206, 203, 201, 201, 201, 203, 203, 203, 201, 200, 193, 191, 190, 189, 191, 194, 197, 199, 200, 198, 195
2010,14133010,133,CH4 ,10PPBC, 2,28,9999,9999, 193, 194, 192, 192, 192, 193, 194,9999,9999, 194, 196, 194,9999, 171, 194, 195, 195, 196, 197, 198, 196, 196
2010,14133010,133,CH4 ,10PPBC, 2,29,9998,9998,9998,9998,9998,9998,9998,9998,9998,9998,9998,9998,9998,9998,9998,9998,9998,9998,9998,9998,9998,9998,9998,9998
2010,14133010,133,CH4 ,10PPBC, 2,30,9998,9998,9998,9998,9998,9998,9998,9998,9998,9998,9998,9998,9998,9998,9998,9998,9998,9998,9998,9998,9998,9998,9998,9998
2010,14133010,133,CH4 ,10PPBC, 2,31,9998,9998,9998,9998,9998,9998,9998,9998,9998,9998,9998,9998,9998,9998,9998,9998,9998,9998,9998,9998,9998,9998,9998,9998
2010,14133010,133,CH4 ,10PPBC, 3, 1, 198, 194, 194, 195, 196, 196, 197, 197, 197, 197, 198, 196, 195, 197, 212, 223, 180, 198, 197, 197, 198, 197, 196, 198
2010,14133010,133,CH4 ,10PPBC, 3, 2, 197, 199, 198, 196, 195, 196, 200,9999, 216, 209,9999,9999,9999, 192, 186, 192, 189, 189, 188, 191, 192, 189, 193, 193
2010,14133010,133,CH4 ,10PPBC, 3, 3, 193, 193, 192, 192, 191, 191, 192, 193, 192, 191, 191, 190, 190, 190, 193, 196, 191, 191, 190, 193, 192, 192, 193, 194
2010,14133010,133,CH4 ,10PPBC, 3, 4, 193, 193, 193, 193, 193, 193, 194, 195, 195, 191, 191, 192, 190, 191, 193, 192, 191, 192, 193, 194, 195, 197, 198, 198
2010,14133010,133,CH4 ,10PPBC, 3, 5, 199, 200, 200, 200, 201, 201, 197, 196, 196, 195, 193, 193, 193, 195, 194, 194, 194, 192, 193, 196, 196, 198, 196, 197
2010,14133010,133,CH4 ,10PPBC, 3, 6, 200, 201, 198, 198, 197, 198, 199, 200, 202, 203, 199, 198, 197, 203, 206, 220, 206, 204, 205, 209, 212, 205, 210, 210
2010,14133010,133,CH4 ,10PPBC, 3, 7,9999,9999, 197, 193, 195, 200, 197, 195, 192, 195, 197, 196,9999,9999, 197, 196,9999,9999, 195, 195, 195, 196, 196, 196
2010,14133010,133,CH4 ,10PPBC, 3, 8, 199, 193, 197, 197, 200, 201, 201, 203, 206, 203, 198, 198, 196, 196, 196, 199, 201, 202, 201, 201, 204, 209, 206, 205
2010,14133010,133,CH4 ,10PPBC, 3, 9, 199, 201, 198, 199, 198, 199, 198, 199, 198, 199, 201, 196, 195, 193, 193, 190, 190, 192, 191, 192, 194, 192, 192, 193
2010,14133010,133,CH4 ,10PPBC, 3,10, 193, 194, 195, 194, 195, 193, 195, 196, 196, 193, 193, 193, 193, 193, 193, 197, 196, 199, 197, 198, 198, 197, 199, 203
2010,14133010,133,CH4 ,10PPBC, 3,11, 200, 199, 200, 199, 199, 198, 198, 200, 198, 196, 195, 195, 194, 192,9999, 191, 192, 192, 193, 193, 194, 195, 196, 196
2010,14133010,133,CH4 ,10PPBC, 3,12, 197, 199, 200, 201, 204, 203, 204, 206, 201, 198, 197, 195, 196, 196, 198, 196, 197, 200, 201, 201, 204, 207, 206, 206
2010,14133010,133,CH4 ,10PPBC, 3,13, 204, 204, 204, 203, 203, 204, 204, 206, 206, 203, 201, 198, 201, 202, 202, 199, 197, 198, 200, 202, 196, 200, 202, 203
2010,14133010,133,CH4 ,10PPBC, 3,14,9999,9999, 201, 201, 203, 206, 211, 211, 197, 191, 189, 188, 188, 187, 187, 187, 188, 187, 188, 190, 189, 190, 189, 192
2010,14133010,133,CH4 ,10PPBC, 3,15, 196, 196, 195, 195, 194, 193, 191, 192, 191, 192, 191, 191, 192, 192, 192, 193, 199, 193, 196, 197, 199, 199, 200, 202
2010,14133010,133,CH4 ,10PPBC, 3,16, 237, 194, 191, 189, 190, 191, 191, 191, 190, 189, 189, 189, 194, 189, 189, 189, 189, 190, 190, 191, 191, 192, 194, 193
2010,14133010,133,CH4 ,10PPBC, 3,17, 192, 193, 192, 193, 191, 192, 193, 194, 192, 191, 190, 190, 190, 190, 190, 190, 189, 191, 191, 192, 192, 193, 193, 193
2010,14133010,133,CH4 ,10PPBC, 3,18, 193, 192, 194, 193, 193, 194, 192, 194, 194, 192, 191, 192, 193, 196, 196, 194, 193, 191, 193, 195, 193, 193, 193, 193
2010,14133010,133,CH4 ,10PPBC, 3,19, 191, 189, 190, 190, 190, 191, 191, 197, 199, 197, 194, 190, 189, 189, 189, 188, 189, 190, 193, 196, 208, 204, 196, 196
2010,14133010,133,CH4 ,10PPBC, 3,20, 194, 193, 192, 191, 191, 194, 195, 197, 198, 194, 193, 192, 198, 193, 193, 192, 189, 187, 188, 187, 187, 187, 185, 186
2010,14133010,133,CH4 ,10PPBC, 3,21,9999,9999, 187, 186, 195, 198, 197, 197, 197, 196, 196, 196, 193, 195, 193, 191,9999, 192, 193, 193, 193, 193, 194, 195
2010,14133010,133,CH4 ,10PPBC, 3,22, 192, 192, 191, 192, 192, 193, 192, 192, 193, 194, 193, 194, 193,9999,9999, 193, 194, 195, 197, 201, 204, 199, 200, 199
2010,14133010,133,CH4 ,10PPBC, 3,23, 198, 195, 195, 194, 194, 194, 193, 194, 195, 195, 195, 193, 194, 194, 194, 195, 196, 196, 195, 198, 200, 195, 195, 196
2010,14133010,133,CH4 ,10PPBC, 3,24, 195, 197, 197, 197, 198, 196, 196, 197, 194, 196, 196, 197, 200, 198, 197, 195, 195, 195, 197, 198, 198, 200, 201, 199
2010,14133010,133,CH4 ,10PPBC, 3,25, 198, 200, 201, 203, 203, 201, 204, 209, 214, 219,9999,9999,9999,9999,9999,9999, 192, 192, 193, 194, 197, 196, 199, 198
2010,14133010,133,CH4 ,10PPBC, 3,26, 197, 196, 196, 195, 196, 195, 194, 195, 194, 191, 193, 192, 192, 192, 193, 193, 192, 193, 193, 194, 193, 194, 194, 195
2010,14133010,133,CH4 ,10PPBC, 3,27, 195, 194, 193, 193, 194, 195, 195, 196, 194, 193, 193, 193, 193, 193, 195, 196, 196, 195, 194, 198, 199, 196, 196, 197
2010,14133010,133,CH4 ,10PPBC, 3,28,9999,9999, 190, 190, 192, 192, 194, 194, 192,9999,9999, 193, 195, 196, 195, 195, 195, 192, 191, 192, 195, 195, 202, 198
2010,14133010,133,CH4 ,10PPBC, 3,29, 196, 196, 196, 198, 197, 198, 198, 199, 197, 197, 195, 194, 197, 195, 192, 190, 190, 192, 192, 196, 201, 199, 199, 194
2010,14133010,133,CH4 ,10PPBC, 3,30, 196, 198, 199, 197, 197, 195, 196, 195, 195, 196, 194, 192, 194, 192, 189, 191, 191, 191, 191, 193, 195, 197, 191, 190
2010,14133010,133,CH4 ,10PPBC, 3,31, 192, 191, 191, 191, 191, 192, 192, 193, 193, 194, 193, 199, 197, 193, 191, 189, 189, 190, 190, 191, 191, 192, 192, 195
2010,14134010,134,CH4 ,10PPBC, 4, 1, 211, 211, 206, 208, 204, 198, 201, 207, 209, 221, 187, 186, 185, 184, 184, 185, 184, 184, 184, 185, 184, 183, 185, 185
2010,14134010,134,CH4 ,10PPBC, 4, 2, 184, 183, 183, 182, 182, 182, 183, 183, 183, 183, 181, 184, 187, 187, 187, 188, 188, 189, 189, 190, 191, 191, 191, 190
2010,14134010,134,CH4 ,10PPBC, 4, 3, 190, 189, 188, 188, 188, 188, 189, 190, 190, 190, 189, 191, 191, 190, 187, 189, 187, 189, 193, 191, 191, 191, 192, 194
2010,14134010,134,CH4 ,10PPBC, 4, 4, 198, 199, 196, 191, 194, 193, 194, 193, 191, 191, 192, 191, 192, 194, 193, 192, 192, 192, 194, 194, 195, 194, 194, 193
2010,14134010,134,CH4 ,10PPBC, 4, 5,9999, 191, 191, 190, 190, 190, 192, 194, 195, 195, 194,9999,9999, 193, 193, 193, 195, 195, 199, 201, 203, 201, 203, 202
2010,14134010,134,CH4 ,10PPBC, 4, 6, 201, 201, 203, 204, 199, 199, 200, 200, 201, 195, 195, 191, 192, 190, 185, 185, 185, 186, 187, 190, 195, 196, 201, 200
2010,14134010,134,CH4 ,10PPBC, 4, 7, 204, 194, 188, 192, 196, 198, 197, 192, 191, 195, 197, 194, 192, 193, 190, 189, 189, 189, 189, 189, 189, 189, 191, 192
2010,14134010,134,CH4 ,10PPBC, 4, 8, 191, 190, 189, 190, 190, 191, 190, 190, 190, 191, 190, 192, 190, 192, 190, 190, 191, 190, 190, 191, 193, 191, 191, 192
2010,14134010,134,CH4 ,10PPBC, 4, 9, 191, 190, 192, 194, 194, 193, 191, 192, 194, 194, 199, 192, 189, 188, 189, 188, 187, 187, 188, 188, 191, 193, 195, 197
2010,14134010,134,CH4 ,10PPBC, 4,10, 202, 199, 198, 194, 192, 191, 192, 190, 190, 190, 190, 192, 195, 189, 188, 186, 185, 187, 186, 186, 187, 186, 188, 188
2010,14134010,134,CH4 ,10PPBC, 4,11,9999, 187, 188, 188, 188, 190, 191, 195, 193, 192, 190, 190, 190, 188, 197, 193, 192, 191, 188, 188, 189, 189, 189, 190
2010,14134010,134,CH4 ,10PPBC, 4,12, 190, 188, 189, 188, 188, 188, 188, 188, 188, 188, 189, 189, 190,9999,9999,9999, 189, 190, 190, 190, 190, 189, 189, 189
2010,14134010,134,CH4 ,10PPBC, 4,13, 188, 187, 186, 187, 187, 188, 187, 191, 191, 186, 189, 185, 188, 184, 184, 185, 184, 184, 186, 185, 186, 188, 191, 199
2010,14134010,134,CH4 ,10PPBC, 4,14, 199, 188, 187, 186, 187, 186, 187, 188, 188, 188, 188, 188, 188, 189, 191, 191, 189, 189, 191, 190, 190, 190, 190, 189
2010,14134010,134,CH4 ,10PPBC, 4,15, 190, 188, 187, 188, 187, 187, 187, 189, 188, 189, 189, 191, 191, 190, 191, 191, 190, 189, 190, 191, 192, 194, 196, 195
2010,14134010,134,CH4 ,10PPBC, 4,16, 193, 191, 189, 187, 187, 187, 189, 190, 190, 189, 190, 190, 188, 189, 189, 188, 189, 188, 190, 190, 191, 191, 191, 190
2010,14134010,134,CH4 ,10PPBC, 4,17, 191, 189, 189, 189, 190, 189, 189, 190, 191, 190, 190, 188, 188, 187, 187, 194, 190, 187, 190, 191, 194, 192, 194, 195
2010,14134010,134,CH4 ,10PPBC, 4,18,9999, 193, 197, 208, 206, 205, 201, 196, 194, 190, 189, 189, 188, 194, 192, 189, 190, 188, 191, 192, 191, 191, 193, 197
2010,14134010,134,CH4 ,10PPBC, 4,19, 195, 198, 196, 196, 195, 192, 192, 193, 195,9999,9999,9999, 190, 190, 187, 187, 188, 187, 188, 192, 189, 190, 190, 189
2010,14134010,134,CH4 ,10PPBC, 4,20, 188, 187, 189, 195, 193, 192, 192, 195, 196, 185, 183, 184, 183, 182, 183, 183, 184, 185, 187, 188, 190, 192, 192, 198
2010,14134010,134,CH4 ,10PPBC, 4,21, 196, 195, 190, 194, 194, 195, 197, 196, 195, 191, 185, 183, 183, 189, 190, 186, 185, 183, 183, 185, 186, 188, 187, 190
2010,14134010,134,CH4 ,10PPBC, 4,22, 188, 188, 188, 189, 189, 188, 189, 190, 190, 190, 191, 190, 190, 190, 189, 190, 189, 191, 191, 192, 191, 191, 191, 190
2010,14134010,134,CH4 ,10PPBC, 4,23, 189, 189, 189, 187, 187, 187, 189, 189, 190, 190, 189, 191, 190, 191, 190, 191, 191, 191, 193, 194, 193, 192, 193, 193
2010,14134010,134,CH4 ,10PPBC, 4,24, 191, 190, 188, 189, 188, 188, 189, 189, 188, 188, 187, 187, 187, 187, 187, 187, 187, 187, 188, 192, 198, 193, 190, 190
2010,14134010,134,CH4 ,10PPBC, 4,25, 190, 189, 189, 190, 192, 191, 192, 192, 189, 189, 190, 190, 189, 189, 187, 187, 188, 188, 188, 189, 189, 190, 192, 193
2010,14134010,134,CH4 ,10PPBC, 4,26,9999, 197, 194, 193, 193, 193, 192, 192, 191,9999,9999,9999, 188, 192, 189, 190, 190, 190, 190, 189, 198, 190, 190, 190
2010,14134010,134,CH4 ,10PPBC, 4,27, 190, 190, 191, 189, 189, 189, 190, 190, 191, 191, 192, 194, 196, 193, 193, 192, 192, 190, 189, 196, 202, 195, 191, 189
2010,14134010,134,CH4 ,10PPBC, 4,28, 188, 188, 188, 187, 186, 196, 211, 202, 189, 189, 188, 187, 187, 187, 188, 187, 188, 188, 188, 189, 191, 195, 190, 190
2010,14134010,134,CH4 ,10PPBC, 4,29, 192, 193, 194, 194, 187, 185, 184, 185, 185, 184, 184, 183, 183, 184, 185, 185, 185, 187, 187, 188, 189, 190, 193, 195
2010,14134010,134,CH4 ,10PPBC, 4,30, 191, 190, 189, 190, 189, 188, 188, 188, 187, 188, 188, 191, 191, 188, 187, 187, 186, 186, 188, 189, 190, 189, 190, 191
2010,14134010,134,CH4 ,10PPBC, 4,31,9998,9998,9998,9998,9998,9998,9998,9998,9998,9998,9998,9998,9998,9998,9998,9998,9998,9998,9998,9998,9998,9998,9998,9998
2010,14134010,134,CH4 ,10PPBC, 5, 1, 192, 191, 190, 191, 191, 192, 191, 190, 190, 189, 189, 190, 189, 188, 187, 187, 187, 188, 189, 189, 190, 190, 191, 195
2010,14134010,134,CH4 ,10PPBC, 5, 2,9999, 194, 193, 193, 194, 192, 193, 191, 190, 190, 193, 193, 191, 191, 189, 189, 188, 188, 188, 189, 192, 190, 190, 191
2010,14134010,134,CH4 ,10PPBC, 5, 3, 194, 193, 196, 196, 199, 198, 198, 196, 196, 196, 195, 196, 189, 187, 186, 186, 185, 186, 186, 186, 187, 187, 187, 188
2010,14134010,134,CH4 ,10PPBC, 5, 4, 187, 188, 187, 187, 188, 190, 188, 188, 189, 188, 187, 186, 185, 185, 186, 185, 187, 187, 187, 187, 187, 188, 189, 191
2010,14134010,134,CH4 ,10PPBC, 5, 5, 192, 190, 189, 190, 191, 194, 198, 198, 196, 195, 197, 205, 206, 194, 190, 188, 185, 185, 187, 187, 188, 186, 187, 185
2010,14134010,134,CH4 ,10PPBC, 5, 6, 185, 185, 186, 185, 187, 187, 186, 185, 184, 182, 181, 181, 180, 180, 181, 180, 179, 180, 179, 179, 179, 180, 180, 180
2010,14134010,134,CH4 ,10PPBC, 5, 7, 180, 180, 180, 179, 180, 180, 179, 180, 179, 180, 179, 180, 179, 179, 178, 179, 179, 178, 179, 179, 180, 181, 190, 187
2010,14134010,134,CH4 ,10PPBC, 5, 8,9999, 188, 186, 186, 187, 186, 188, 189, 189, 194, 192, 190, 189, 189, 188, 187, 188, 187, 187, 188, 187, 187, 187, 187
2010,14134010,134,CH4 ,10PPBC, 5, 9, 189, 189, 193, 196, 196, 194, 192, 189, 189, 189, 188, 188, 189, 190, 190, 190, 190, 190, 191, 192, 194, 193, 192, 191
2010,14134010,134,CH4 ,10PPBC, 5,10, 190, 189, 189, 190, 192, 192, 191, 191, 190,9999,9999,9999, 190, 191, 189, 186, 187, 188, 187, 189, 189, 190, 189, 189
2010,14134010,134,CH4 ,10PPBC, 5,11, 191, 189, 189, 189, 188, 186, 189, 189, 188, 187, 186, 189, 188, 189, 198, 191, 190, 202, 198, 193, 200, 192, 192, 190
2010,14134010,134,CH4 ,10PPBC, 5,12, 189, 188, 187, 186, 186, 186, 188, 189, 189, 188, 187, 186, 187, 186, 187, 187, 186, 186, 188, 187, 188, 188, 189, 190
2010,14134010,134,CH4 ,10PPBC, 5,13, 189, 188, 188, 188, 188, 188, 188, 188, 187, 187, 187, 188, 187, 186, 186, 186, 186, 186, 187, 188, 188, 189, 191, 190
2010,14134010,134,CH4 ,10PPBC, 5,14, 189, 187, 187, 186, 186, 187, 187, 188, 187, 186, 186, 185, 185, 192, 189, 187, 188, 188, 189, 190, 190, 193, 193, 193
2010,14134010,134,CH4 ,10PPBC, 5,15, 196, 197, 194, 187, 188, 187, 188, 188, 186, 187, 186, 187, 190, 189, 186, 186, 186, 187, 187, 188, 190, 190, 190, 190
2010,14134010,134,CH4 ,10PPBC, 5,16,9999, 191, 191, 192, 193, 192, 191, 189, 186, 186, 185, 185, 184, 185, 185, 184, 183, 183, 184, 184, 186, 187, 189, 191
2010,14134010,134,CH4 ,10PPBC, 5,17, 191, 198, 200, 196, 191, 190, 193, 192, 188, 187,9999,9999,9999, 190, 187, 185, 185, 184, 183, 186, 188, 187, 190, 191
2010,14134010,134,CH4 ,10PPBC, 5,18, 190, 189, 193, 194, 191, 191, 190, 190, 187, 185, 185, 184, 184, 184, 183, 183, 182, 184, 184, 184, 185, 184, 185, 184
2010,14134010,134,CH4 ,10PPBC, 5,19, 185, 184, 184, 184, 184, 184, 184, 185, 184, 183, 184, 182, 183, 183, 182, 182, 184, 182, 183, 183, 182, 183, 182, 183
2010,14134010,134,CH4 ,10PPBC, 5,20, 182, 181, 182, 182, 182, 182, 182, 183, 184, 183, 183, 185, 189, 189, 189, 189, 189, 190, 189, 189, 192, 197, 196, 191
2010,14134010,134,CH4 ,10PPBC, 5,21, 190, 190, 189, 188, 192, 194, 192, 191, 190, 190, 189, 189, 195, 190, 188, 186, 186, 187, 188, 189, 190, 191, 195, 195
2010,14134010,134,CH4 ,10PPBC, 5,22, 196, 200, 200, 199, 199, 197, 196, 196, 193, 192, 192, 195, 195, 192, 192, 193, 192, 190, 190, 188, 189, 190, 192, 192
2010,14134010,134,CH4 ,10PPBC, 5,23, 191, 190, 189, 194, 219, 203, 192, 193, 193, 196, 200, 196, 192, 195, 209, 194, 203, 192, 193, 192, 202, 190, 188, 189
2010,14134010,134,CH4 ,10PPBC, 5,24, 194, 199, 190, 191, 186, 185, 187, 187, 186, 187,9999,9999, 190, 189, 188, 192, 190, 190, 192, 193, 190, 188, 186, 186
2010,14134010,134,CH4 ,10PPBC, 5,25, 186, 185, 186, 194, 194, 195, 197, 193, 188, 188, 187, 187, 187, 188, 187, 187, 188, 189, 190, 191, 191, 191, 191, 189
2010,14134010,134,CH4 ,10PPBC, 5,26, 189, 188, 188, 189, 191, 191, 190, 190, 191, 192, 190, 188, 188, 187, 187, 187, 186, 187, 187, 187, 187, 188, 187, 188
2010,14134010,134,CH4 ,10PPBC, 5,27, 187, 190, 208, 190, 188, 190, 187, 187, 187, 187, 188, 187, 189, 187, 185, 186, 186, 186, 186, 188, 188, 188, 186, 187
2010,14134010,134,CH4 ,10PPBC, 5,28, 188, 187, 187, 185, 187, 185, 185, 185, 185, 185, 187, 186, 186, 193, 192, 190, 188, 189, 188, 190, 191, 189, 189, 189
2010,14134010,134,CH4 ,10PPBC, 5,29, 189, 188, 190, 189, 188, 188, 186, 187, 186, 188, 187, 187, 189, 189, 188, 188, 188, 188, 187, 187, 188, 187, 186, 186
2010,14134010,134,CH4 ,10PPBC, 5,30, 187, 189, 187, 186, 186, 186, 186, 187, 187, 187, 187, 187, 187, 186, 187, 188, 186, 195, 187, 188, 188, 194, 196, 199
2010,14134010,134,CH4 ,10PPBC, 5,31,9999, 188, 187, 188, 190, 192, 193, 190, 189, 189, 189, 195, 191, 192, 188, 188, 187, 187, 186, 186, 187, 191, 189, 190
2010,14134010,134,CH4 ,10PPBC, 6, 1, 197, 189, 188, 187, 188, 187, 188, 189, 188,9999,9999,9999,9999, 189, 186, 187, 186, 185, 188, 190, 189, 190, 192, 190
2010,14134010,134,CH4 ,10PPBC, 6, 2, 191, 216, 254, 225, 195, 189, 193, 200, 194, 194, 194, 198, 194, 192, 192, 191, 188, 188, 190, 190, 191, 190, 194, 193
2010,14134010,134,CH4 ,10PPBC, 6, 3, 193, 194, 195, 194, 195, 195, 196, 193, 192, 191, 195, 191, 187, 186, 186, 183, 184, 184, 184, 183, 183, 184, 185, 185
2010,14134010,134,CH4 ,10PPBC, 6, 4, 187, 188, 187, 191, 189, 189, 190, 190, 187, 186, 184, 184, 184, 184, 184, 184, 183, 183, 183, 184, 185, 187, 186, 190
2010,14134010,134,CH4 ,10PPBC, 6, 5, 191, 189, 188, 187, 189, 189, 190, 190, 190, 190, 190, 191, 189, 190, 191, 188, 189, 187, 188, 186, 193, 189, 188, 188
2010,14134010,134,CH4 ,10PPBC, 6, 6, 188, 189, 188, 190, 191, 190, 202, 210, 192, 198, 202, 197, 193, 192, 192, 188, 187, 185, 185, 185, 187, 187, 189, 189
2010,14134010,134,CH4 ,10PPBC, 6, 7, 188, 187, 187, 187, 190, 192, 197, 198, 193, 192, 192, 199, 207, 191, 188, 186, 185, 186, 185, 185, 185, 186, 186, 186
2010,14134010,134,CH4 ,10PPBC, 6, 8,9999, 187, 189, 189, 188, 203, 207, 189, 189, 188, 192, 190, 191, 190,9999,9999, 188, 187, 187, 188, 188, 192, 193, 194
2010,14134010,134,CH4 ,10PPBC, 6, 9, 197, 192, 193, 192, 190, 190, 191, 192, 193, 198, 195, 193, 195, 195, 193, 192, 189, 195, 210, 201, 188, 191, 191, 191
2010,14134010,134,CH4 ,10PPBC, 6,10, 191, 189, 189, 189, 191, 193, 193, 188, 189, 188, 188, 188, 188, 191, 188, 186, 187, 187, 188, 188, 188, 190, 193, 198
2010,14134010,134,CH4 ,10PPBC, 6,11, 195, 190, 187, 186, 187, 187, 195, 211, 195, 195, 190, 192, 191, 189, 187, 185, 185, 185, 184, 184, 185, 185, 185, 186
2010,14134010,134,CH4 ,10PPBC, 6,12, 186, 186, 186, 186, 188, 191, 190, 188, 191, 188, 186, 187, 183, 184, 184, 184, 182, 182, 182, 183, 184, 184, 182, 183
2010,14134010,134,CH4 ,10PPBC, 6,13, 183, 182, 183, 183, 183, 183, 182, 183, 182, 183, 181, 182, 182, 183, 182, 182, 184, 184, 183, 185, 184, 185, 184, 185
2010,14134010,134,CH4 ,10PPBC, 6,14,9999, 186, 187, 187, 185, 185, 185, 187, 195, 187, 188, 189, 187, 188, 187, 186, 186, 185, 185, 187, 186, 187, 187, 188
2010,14134010,134,CH4 ,10PPBC, 6,15, 191, 191, 190, 191, 191, 190, 191, 188, 188, 188, 187, 187, 186,9999,9999, 186, 188, 188, 188, 186, 184, 184, 186, 186
2010,14134010,134,CH4 ,10PPBC, 6,16, 187, 187, 189, 189, 173, 173, 173, 173, 174, 175, 177, 176, 177, 178, 180, 182, 185, 186, 189, 189, 186, 188, 187, 185
2010,14134010,134,CH4 ,10PPBC, 6,17, 186, 190, 207, 194, 196, 198, 201, 192, 186, 184, 185, 192, 187, 189, 188, 189, 186, 185, 185, 187, 186, 185, 185, 185
2010,14134010,134,CH4 ,10PPBC, 6,18, 185, 185, 185, 188, 197, 197, 196, 196, 196, 192, 190, 192, 189, 186, 178, 178, 180, 183, 194, 187, 188, 187, 189, 190
2010,14134010,134,CH4 ,10PPBC, 6,19, 189, 189, 190, 186, 177, 187, 188, 189, 189, 190, 191, 188, 185, 182, 181, 182, 184, 184, 184, 185, 184, 184, 196, 199
2010,14134010,134,CH4 ,10PPBC, 6,20, 190, 175, 174, 190, 193, 193, 192, 190, 188, 183, 177, 177, 178, 178, 177, 180, 178, 180, 179, 177, 178, 178, 177, 177
2010,14134010,134,CH4 ,10PPBC, 6,21,9999, 177, 178, 177, 176, 175, 177, 178, 179, 180, 178, 179, 176, 176, 176,9999,9999,9999, 179, 182, 183, 186, 187, 188
2010,14134010,134,CH4 ,10PPBC, 6,22, 189, 190, 185, 185, 194, 197, 201, 199, 194, 192, 194, 190, 192, 193, 194, 188, 182, 179, 179, 181, 182, 183, 180, 181
2010,14134010,134,CH4 ,10PPBC, 6,23, 181, 181, 183, 182, 181, 180, 179, 179, 178, 177, 175, 176, 176, 181, 188, 188, 187, 185, 187, 191, 193, 189, 187, 187
2010,14134010,134,CH4 ,10PPBC, 6,24, 187, 189, 189, 191, 190, 188, 190, 190, 190, 190, 190, 189, 191, 195, 199, 198, 196, 197, 198, 199, 197, 195, 196, 197
2010,14134010,134,CH4 ,10PPBC, 6,25, 197, 198, 198, 197, 197, 199, 202, 197, 193, 191, 191, 191, 190, 196, 192, 196, 189, 186, 186, 188, 188, 189, 189, 189
2010,14134010,134,CH4 ,10PPBC, 6,26, 191, 189, 189, 187, 186, 188, 187, 185, 182, 178, 178, 178, 178, 178, 179, 179, 178, 178, 179, 179, 179, 179, 179, 179
2010,14134010,134,CH4 ,10PPBC, 6,27,9999, 177, 176, 176, 176, 176, 176, 176, 177, 176, 176, 176, 177, 176, 176, 176, 175, 176, 176, 177, 179, 179, 180, 182
2010,14134010,134,CH4 ,10PPBC, 6,28, 184, 185, 185, 190, 198, 187, 187, 185, 186, 187, 189, 190, 189, 188, 190, 196, 189, 184, 187, 192, 193, 197, 194, 192
2010,14134010,134,CH4 ,10PPBC, 6,29, 192, 192, 192, 191, 193, 194, 233, 259, 243,9999,9999,9999, 207, 204, 199, 182, 180, 182, 184, 185, 189, 185, 190, 189
2010,14134010,134,CH4 ,10PPBC, 6,30, 188, 186, 186, 186, 183, 180, 180, 182, 181, 181, 182, 181, 181, 181, 180, 188, 191, 190, 190, 193, 194, 188, 186, 190
2010,14134010,134,CH4 ,10PPBC, 6,31,9998,9998,9998,9998,9998,9998,9998,9998,9998,9998,9998,9998,9998,9998,9998,9998,9998,9998,9998,9998,9998,9998,9998,9998
2010,14134010,134,CH4 ,10PPBC, 7, 1, 186, 187, 186, 187, 184, 183, 183, 183, 183, 183, 188, 186, 196, 204, 201, 182, 178, 178, 177, 178, 178, 181, 182, 186
2010,14134010,134,CH4 ,10PPBC, 7, 2, 187, 186, 187, 187, 187, 187, 189, 192, 200, 207, 217, 189, 184, 180, 179, 178, 178, 177, 178, 178, 178, 179, 188, 191
2010,14134010,134,CH4 ,10PPBC, 7, 3, 194, 193, 191, 193, 196, 194, 197, 200, 200, 195, 190, 188, 184, 183, 181, 180, 181, 181, 180, 179, 180, 178, 178, 179
2010,14134010,134,CH4 ,10PPBC, 7, 4, 179, 179, 178, 179, 184, 185, 190, 191, 191, 195, 192, 193, 193, 196, 192, 192, 188, 185, 185, 185, 186, 190, 191, 204
2010,14134010,134,CH4 ,10PPBC, 7, 5, 216, 256, 234, 216, 189, 189, 206, 194, 203, 193, 194, 191, 187, 186, 183, 183, 183, 188, 187, 188, 190, 190, 189, 190
2010,14134010,134,CH4 ,10PPBC, 7, 6,9999, 191, 192, 193, 192, 190, 193, 193, 193, 194, 196, 196, 193, 189,9999,9999, 189, 189, 194, 196, 197, 199, 198, 197
2010,14134010,134,CH4 ,10PPBC, 7, 7, 195, 194, 195, 195, 197, 197, 195, 196, 195, 194, 195, 203, 195, 194, 192, 192, 190, 189, 188, 187, 187, 187, 187, 187
2010,14134010,134,CH4 ,10PPBC, 7, 8, 188, 190, 194, 193, 195, 197, 199, 198, 194, 191, 191, 187, 188, 187, 187, 188, 190, 190, 188, 184, 184, 187, 185, 183
2010,14134010,134,CH4 ,10PPBC, 7, 9, 180, 179, 178, 180, 180, 181, 184, 190, 191, 192, 191, 191, 189, 185, 181, 180, 181, 181, 180, 180, 182, 177, 176, 176
2010,14134010,134,CH4 ,10PPBC, 7,10, 179, 179, 180, 181, 182, 184, 184, 184, 184, 183, 182, 184, 182, 183, 183, 184, 185, 184, 185, 186, 188, 189, 193, 196
2010,14134010,134,CH4 ,10PPBC, 7,11,9999, 198, 201, 200, 199, 200, 201, 197, 193, 191, 191, 191, 188, 185, 179, 178, 176, 176, 174, 174, 174, 174, 173, 174
2010,14134010,134,CH4 ,10PPBC, 7,12, 173, 173, 173, 173, 173, 173, 174, 173, 174, 175, 174, 174, 174, 174, 174, 173, 174, 174, 174, 174, 175, 176, 176, 176
2010,14134010,134,CH4 ,10PPBC, 7,13, 176, 175, 176, 177, 189, 200, 201, 201, 193, 191, 194, 196, 193, 191,9999,9999, 192, 191, 190, 191, 192, 193, 194, 194
2010,14134010,134,CH4 ,10PPBC, 7,14, 194, 193, 193, 193, 192, 193, 194, 193, 190, 174, 175, 174, 174, 175, 174, 175, 175, 175, 176, 175, 176, 177, 176, 176
2010,14134010,134,CH4 ,10PPBC, 7,15, 175, 175, 174, 174, 174, 174, 176, 176, 176, 174, 175, 174, 175, 176, 175, 175, 175, 175, 176, 175, 177, 176, 176, 175
2010,14134010,134,CH4 ,10PPBC, 7,16, 176, 176, 176, 175, 176, 178, 178, 187, 186, 176, 176, 176, 175, 175, 174, 174, 176, 176, 175, 176, 176, 177, 177, 177
2010,14134010,134,CH4 ,10PPBC, 7,17, 177, 178, 177, 177, 176, 176, 177, 177, 177, 175, 177, 176, 176, 177, 176, 177, 176, 176, 176, 176, 176, 178, 177, 177
2010,14134010,134,CH4 ,10PPBC, 7,18, 177, 177, 176, 176, 177, 179, 179, 181, 177, 177, 176, 176, 176, 175, 175, 175, 175, 175, 175, 175, 176, 176, 177, 177
2010,14134010,134,CH4 ,10PPBC, 7,19,9999, 179, 177, 177, 177, 179, 178, 178, 179, 178, 177, 177, 176, 176, 177, 177, 176, 177, 178, 179, 179, 179, 178, 178
2010,14134010,134,CH4 ,10PPBC, 7,20, 178, 179, 181, 182, 188, 199, 191, 190, 189,9999,9999, 189, 186, 183, 179, 179, 179, 180, 179, 178, 179, 186, 187, 187
2010,14134010,134,CH4 ,10PPBC, 7,21, 181, 180, 182, 183, 183, 187, 201, 199, 190, 192, 192, 198, 196, 191, 192, 191, 184, 182, 179, 180, 180, 180, 179, 181
2010,14134010,134,CH4 ,10PPBC, 7,22, 181, 183, 190, 187, 186, 198, 204, 196, 193, 191, 188, 188, 187, 180, 180, 179, 179, 179, 178, 177, 176, 177, 178, 177
2010,14134010,134,CH4 ,10PPBC, 7,23, 176, 178, 179, 179, 181, 188, 191, 193, 191, 187, 186, 186, 191, 198, 193, 187, 183, 179, 179, 178, 178, 177, 178, 176
2010,14134010,134,CH4 ,10PPBC, 7,24, 178, 179, 189, 189, 187, 186, 188, 187, 187, 186, 185, 184, 185, 191, 187, 183, 182, 179, 179, 182, 181, 181, 182, 184
2010,14134010,134,CH4 ,10PPBC, 7,25, 182, 182, 181, 180, 179, 180, 181, 186, 191, 187, 185, 182, 179, 176, 175, 176, 177, 178, 179, 179, 180, 183, 182, 183
2010,14134010,134,CH4 ,10PPBC, 7,26, 183, 184, 185, 185, 184, 184, 183, 182, 182, 181,9999, 188, 181, 176, 177, 177, 177, 177, 179, 179, 184, 183, 184, 185
2010,14134010,134,CH4 ,10PPBC, 7,27, 186, 187, 188, 189, 190, 187, 185, 184, 182, 177, 176, 176, 176, 176, 176, 175, 176, 176, 176, 177, 175, 177, 177, 176
2010,14134010,134,CH4 ,10PPBC, 7,28, 177, 178, 184, 189, 183, 182, 179, 178, 175, 175, 175, 176, 175, 175, 176, 176, 176, 176, 176, 177, 177, 177, 177, 178
2010,14134010,134,CH4 ,10PPBC, 7,29, 177, 177, 178, 176, 177, 177, 178, 178, 177, 177, 177, 175, 175, 175, 174, 175, 175, 174, 175, 175, 173, 174, 174, 174
2010,14134010,134,CH4 ,10PPBC, 7,30, 174, 173, 172, 173, 172, 172, 171, 173, 174, 173, 172, 173, 172, 174, 174, 174, 175, 176, 177, 176, 180, 180, 178, 177
2010,14134010,134,CH4 ,10PPBC, 7,31, 180, 180, 180, 182, 183, 185, 186, 185, 179, 179, 183, 191, 182, 178, 177, 177, 178, 180, 180, 181, 182, 182, 182, 181
2010,14134010,134,CH4 ,10PPBC, 8, 1, 181, 184, 184, 186, 188, 192, 195, 193, 192, 188, 186, 184, 181, 180, 180, 181, 182, 182, 181, 182, 182, 180, 176, 177
2010,14134010,134,CH4 ,10PPBC, 8, 2,9999, 175, 176, 174, 174, 175, 175, 176, 177, 175, 176, 176, 175, 176,9999,9999,9999, 174, 175, 176, 176, 176, 176, 175
2010,14134010,134,CH4 ,10PPBC, 8, 3, 175, 174, 173, 173, 174, 174, 174, 174, 176, 175, 176, 175, 176, 176, 175, 175, 175, 175, 175, 176, 176, 176, 176, 175
2010,14134010,134,CH4 ,10PPBC, 8, 4, 175, 175, 175, 175, 175, 175, 175, 175, 176, 175, 176, 176, 176, 175, 175, 176, 174, 175, 175, 174, 175, 175, 175, 176
2010,14134010,134,CH4 ,10PPBC, 8, 5, 175, 175, 175, 174, 174, 175, 175, 176, 176, 176, 176, 176, 175, 176, 176, 175, 175, 175, 175, 175, 176, 176, 176, 176
2010,14134010,134,CH4 ,10PPBC, 8, 6, 176, 176, 176, 174, 175, 177, 176, 177, 177, 176, 177, 176, 176, 177, 176, 176, 177, 178, 178, 179, 179, 179, 179, 179
2010,14134010,134,CH4 ,10PPBC, 8, 7, 179, 180, 180, 179, 180, 183, 182, 181, 180, 180, 180, 181, 182, 181, 180, 180, 179, 179, 177, 176, 176, 177, 177, 178
2010,14134010,134,CH4 ,10PPBC, 8, 8,9999, 177, 179, 179, 180, 183, 184, 183, 179, 178, 176, 175, 175, 175, 175, 175, 174, 175, 176, 175, 176, 176, 175, 174
2010,14134010,134,CH4 ,10PPBC, 8, 9, 174, 174, 176, 175, 176, 176, 176, 182, 183, 180, 181, 177, 176, 176, 175, 174, 174, 174, 175, 175, 175, 176, 175, 175
2010,14134010,134,CH4 ,10PPBC, 8,10, 175, 174, 174, 174, 174, 173, 175, 176, 174, 176, 175, 176, 175, 175, 172, 173, 173, 174, 174, 175, 174, 174, 174, 173
2010,14134010,134,CH4 ,10PPBC, 8,11, 173, 173, 173, 172, 173, 172, 173, 173, 172, 172,9999,9999, 172, 172, 172, 172, 172, 172, 173, 172, 172, 172, 173, 172
2010,14134010,134,CH4 ,10PPBC, 8,12, 172, 172, 172, 172, 173, 172, 172, 172, 171, 172, 173, 173, 174, 175, 175, 175, 176, 175, 176, 177, 178, 178, 180, 181
2010,14134010,134,CH4 ,10PPBC, 8,13, 181, 180, 181, 182, 183, 185, 185, 185, 186, 187, 188, 189, 188, 192, 188, 183, 183, 184, 186, 185, 185, 185, 197, 207
2010,14134010,134,CH4 ,10PPBC, 8,14, 197, 193, 192, 191, 191, 190, 190, 190, 197, 197, 193, 176, 176, 176, 177, 177, 177, 176, 177, 178, 179, 178, 179, 179
2010,14134010,134,CH4 ,10PPBC, 8,15, 180, 179, 177, 177, 176, 179, 178, 179, 180, 179, 178, 176, 176, 177, 178, 178, 177, 176, 176, 177, 177, 177, 177, 177
2010,14134010,134,CH4 ,10PPBC, 8,16, 179, 180, 194, 194, 197, 199, 200, 194, 191, 189, 190, 192, 191, 189, 192,9999,9999, 183, 184, 184, 186, 184, 184, 183
2010,14134010,134,CH4 ,10PPBC, 8,17, 183, 187, 189, 191, 203, 198, 195, 191, 191, 189, 186, 189, 191, 183, 181, 181, 180, 182, 179, 179, 181, 181, 182, 186
2010,14134010,134,CH4 ,10PPBC, 8,18, 188, 189, 190, 185, 187, 190, 192, 188, 184, 183, 184, 183, 184, 184, 182, 178, 178, 179, 180, 180, 181, 183, 187, 181
2010,14134010,134,CH4 ,10PPBC, 8,19, 182, 182, 183, 184, 185, 183, 185, 185, 185, 186, 187, 186, 186, 186, 188, 187, 185, 185, 190, 190, 191, 189, 187, 189
2010,14134010,134,CH4 ,10PPBC, 8,20, 189, 189, 189, 188, 189, 192, 195, 194, 195, 195, 195, 195, 193, 191, 194, 192, 188, 190, 190, 190, 190, 189, 190, 189
2010,14134010,134,CH4 ,10PPBC, 8,21, 190, 193, 193, 190, 191, 191, 196, 197, 197, 194, 194, 195, 194, 192, 189, 186, 184, 184, 183, 185, 184, 185, 184, 184
2010,14134010,134,CH4 ,10PPBC, 8,22, 184, 184, 184, 184, 183, 184, 184, 184, 184, 184, 184, 182, 181, 182, 182, 181, 182, 182, 183, 182, 182, 183, 183, 184
2010,14134010,134,CH4 ,10PPBC, 8,23,9999, 182, 183, 182, 182, 183, 183, 186, 188, 186, 185, 183, 181, 179,9999,9999, 180, 180, 180, 180, 180, 182, 181, 180
2010,14134010,134,CH4 ,10PPBC, 8,24, 180, 180, 180, 180, 180, 182, 181, 181, 180, 180, 180, 182, 180, 180, 180, 180, 179, 179, 180, 180, 181, 182, 180, 182
2010,14134010,134,CH4 ,10PPBC, 8,25, 182, 181, 182, 185, 186, 184, 186, 185, 184, 182, 180, 181, 180, 180, 180, 179, 178, 180, 180, 180, 181, 182, 180, 182
2010,14134010,134,CH4 ,10PPBC, 8,26, 186, 191, 187, 186, 187, 187, 187, 185, 185, 181, 180, 180, 179, 180, 179, 180, 180, 181, 182, 183, 183, 182, 182, 183
2010,14134010,134,CH4 ,10PPBC, 8,27, 183, 182, 183, 183, 190, 197, 198, 194, 191, 189, 188, 185, 187, 183, 182, 179, 177, 176, 176, 175, 176, 175, 176, 176
2010,14134010,134,CH4 ,10PPBC, 8,28, 175, 176, 176, 177, 177, 177, 182, 184, 184, 182, 182, 178, 176, 176, 175, 175, 176, 176, 176, 176, 176, 176, 177, 177
2010,14134010,134,CH4 ,10PPBC, 8,29, 179, 179, 179, 181, 181, 181, 184, 183, 179, 179, 179, 179, 179, 178, 176, 175, 176, 176, 176, 178, 179, 180, 178, 177
2010,14134010,134,CH4 ,10PPBC, 8,30,9999, 179, 181, 192, 196, 196, 196, 194, 194, 191,9999,9999, 194, 187, 183, 184, 183, 178, 177, 176, 179, 180, 182, 182
2010,14134010,134,CH4 ,10PPBC, 8,31, 183, 186, 186, 185, 189, 198, 200, 198, 202, 219, 192, 183, 181, 183, 180, 182, 178, 176, 176, 179, 179, 178, 178, 179
2010,14134010,134,CH4 ,10PPBC, 9, 1, 178, 176, 176, 175, 175, 176, 176, 182, 178, 180, 179, 179, 177, 181, 178, 176, 177, 178, 180, 180, 181, 180, 179, 180
2010,14134010,134,CH4 ,10PPBC, 9, 2, 182, 181, 180, 180, 181, 182, 182, 182, 182, 181, 182, 184, 183, 182, 181, 181, 180, 181, 181, 182, 181, 180, 180, 180
2010,14134010,134,CH4 ,10PPBC, 9, 3, 180, 180, 182, 183, 184, 185, 188, 187, 183, 182, 182, 181, 182, 181, 180, 179, 180, 180, 181, 180, 182, 181, 182, 183
2010,14134010,134,CH4 ,10PPBC, 9, 4, 184, 187, 184, 182, 184, 182, 183, 186, 184, 185, 184, 185, 187, 185, 184, 184, 183, 181, 181, 181, 181, 181, 180, 181
2010,14134010,134,CH4 ,10PPBC, 9, 5, 181, 181, 182, 181, 182, 182, 181, 184, 182, 181, 180, 178, 179, 179, 178, 179, 179, 178, 178, 177, 178, 179, 179, 179
2010,14134010,134,CH4 ,10PPBC, 9, 6,9999, 175, 175, 174, 175, 176, 176, 174, 175, 175, 176, 177, 177, 175, 174, 173, 173, 175, 175, 177, 176, 176, 175, 175
2010,14134010,134,CH4 ,10PPBC, 9, 7, 172, 174, 174, 174, 173, 174, 173, 175, 176, 174, 175, 174, 174,9999,9999, 175, 175, 174, 174, 176, 175, 176, 178, 183
2010,14134010,134,CH4 ,10PPBC, 9, 8, 184, 184, 182, 183, 185, 185, 187, 186, 185, 192, 194, 190, 179, 177, 188, 189, 187, 186, 183, 183, 183, 184, 183, 184
2010,14134010,134,CH4 ,10PPBC, 9, 9, 185, 185, 185, 185, 184, 185, 186, 186, 187, 186, 187, 188, 187, 186, 185, 186, 186, 187, 186, 188, 189, 189, 188, 190
2010,14134010,134,CH4 ,10PPBC, 9,10, 190, 190, 191, 190, 191, 191, 191, 192, 193, 196, 197, 192, 190, 192, 189, 187, 187, 185, 185, 184, 185, 186, 186, 186
2010,14134010,134,CH4 ,10PPBC, 9,11, 187, 189, 191, 192, 191, 192, 192, 193, 192, 188, 188, 190, 190, 187, 185, 185, 186, 184, 184, 185, 187, 188, 188, 189
2010,14134010,134,CH4 ,10PPBC, 9,12, 189, 193, 193, 193, 194, 197, 198, 202, 211, 235, 211, 198, 188, 186, 185, 184, 189, 197, 186, 188, 188, 191, 190, 190
2010,14134010,134,CH4 ,10PPBC, 9,13, 191, 191, 191, 190, 189, 187, 187, 188, 188, 188, 186, 181, 182, 182, 184,9999,9999, 185, 185, 189, 192, 194, 188, 187
2010,14134010,134,CH4 ,10PPBC, 9,14, 184, 183, 183, 185, 184, 185, 184, 186, 185, 189, 191, 191, 191, 189, 187, 187, 187, 188, 187, 188, 191, 191, 189, 188
2010,14134010,134,CH4 ,10PPBC, 9,15, 187, 186, 187, 187, 189, 190, 188, 189, 189, 189, 190, 190, 189, 188, 189, 189, 189, 187, 187, 189, 190, 190, 192, 192
2010,14134010,134,CH4 ,10PPBC, 9,16, 193, 191, 190, 188, 191, 192, 190, 189, 189, 188, 187, 187, 187, 188, 188, 189, 188, 190, 189, 187, 190, 191, 191, 191
2010,14134010,134,CH4 ,10PPBC, 9,17, 192, 194, 194, 193, 189, 191, 193, 192, 187, 187, 187, 188, 194, 199, 202, 200, 195, 194, 190, 192, 195, 197, 201, 197
2010,14134010,134,CH4 ,10PPBC, 9,18, 198, 197, 198, 198, 201, 198, 193, 191, 188, 188, 188, 188, 188, 187, 193, 192, 189, 187, 186, 189, 189, 189, 189, 191
2010,14134010,134,CH4 ,10PPBC, 9,19, 193, 201, 199, 209, 211, 196, 194, 195, 198, 198, 196, 191, 190, 185, 184, 183, 184, 184, 185, 185, 185, 186, 188, 187
2010,14134010,134,CH4 ,10PPBC, 9,20,9999, 189, 193, 205, 223, 218, 205, 206, 203, 198, 197, 194, 195, 197, 197, 198, 189, 189, 188, 189, 193, 195, 197, 195
2010,14134010,134,CH4 ,10PPBC, 9,21, 194, 195, 196, 196, 193, 193, 192, 192, 191, 190,9999,9999, 190, 198, 195, 193, 193, 191, 196, 195, 191, 191, 194, 198
2010,14134010,134,CH4 ,10PPBC, 9,22, 199, 200, 198, 196, 198, 197, 195, 196, 192, 189, 187, 186, 184, 182, 183, 183, 183, 182, 183, 185, 189, 189, 189, 188
2010,14134010,134,CH4 ,10PPBC, 9,23, 189, 189, 188, 188, 188, 188, 188, 188, 187, 188, 189, 189, 188, 188, 188, 187, 187, 189, 190, 190, 190, 191, 190, 190
2010,14134010,134,CH4 ,10PPBC, 9,24, 189, 189, 191, 191, 192, 190, 191, 191, 189, 189, 189, 189, 187, 188, 188, 187, 188, 187, 188, 189, 189, 190, 189, 189
2010,14134010,134,CH4 ,10PPBC, 9,25, 188, 188, 188, 188, 188, 187, 187, 188, 188, 187, 187, 187, 187, 186, 187, 187, 187, 189, 193, 194, 193, 194, 193, 194
2010,14134010,134,CH4 ,10PPBC, 9,26, 196, 194, 193, 194, 192, 193, 196, 194, 192, 190, 189, 191, 193, 197, 190, 191, 189, 188, 190, 194, 191, 193, 197, 199
2010,14134010,134,CH4 ,10PPBC, 9,27, 194, 193, 192, 191, 188, 188, 187, 188, 188, 187, 186, 186, 186, 186, 187, 186, 186, 187, 187, 188, 190, 191, 192, 191
2010,14134010,134,CH4 ,10PPBC, 9,28,9999, 187, 186, 185, 185, 186, 187, 188, 190, 190, 192, 192, 193, 190,9999,9999, 191, 193, 195, 201, 209, 210, 221, 205
2010,14134010,134,CH4 ,10PPBC, 9,29, 195, 191, 187, 186, 187, 187, 188, 188, 189, 189, 189, 189, 190, 192, 196, 192, 192, 193, 194, 190, 195, 211, 209, 200
2010,14134010,134,CH4 ,10PPBC, 9,30, 201, 200, 195, 194, 194, 193, 194, 194, 195, 195, 196, 194, 196, 196, 196, 197, 193, 195, 195, 194, 195, 197, 195, 195
2010,14134010,134,CH4 ,10PPBC, 9,31,9998,9998,9998,9998,9998,9998,9998,9998,9998,9998,9998,9998,9998,9998,9998,9998,9998,9998,9998,9998,9998,9998,9998,9998
2010,14134010,134,CH4 ,10PPBC,10, 1, 194, 193, 192, 194, 190, 190, 190, 191, 192, 191, 189, 189, 190, 189, 189, 190, 199, 202, 200, 203, 195, 194, 195, 199
2010,14134010,134,CH4 ,10PPBC,10, 2, 198, 196, 192, 190, 191, 195, 197, 195, 192, 190, 188, 188, 188, 188, 187, 187, 188, 189, 190, 191, 191, 191, 192, 193
2010,14134010,134,CH4 ,10PPBC,10, 3, 195, 196, 196, 196, 196, 196, 196, 195, 194, 193, 190, 190, 189, 189, 188, 195, 204, 217, 194, 192, 192, 194, 196, 195
2010,14134010,134,CH4 ,10PPBC,10, 4,9999, 195, 195, 194, 192, 192, 191, 191, 192, 193, 195,9999,9999,9999, 197, 192, 193, 193, 194, 196, 197, 196, 197, 198
2010,14134010,134,CH4 ,10PPBC,10, 5, 196, 196, 191, 192, 190, 189, 189, 190, 190, 194, 202, 198, 190, 191, 190, 190, 190, 190, 190, 192, 192, 200, 199, 200
2010,14134010,134,CH4 ,10PPBC,10, 6, 203, 197, 193, 193, 189, 189, 190, 190, 189, 188, 189, 190, 189, 188, 188, 189, 190, 188, 190, 191, 190, 194, 194, 193
2010,14134010,134,CH4 ,10PPBC,10, 7, 193, 196, 195, 193, 194, 195, 196, 196, 194, 191, 190, 190, 189, 189, 188, 189, 189, 189, 189, 190, 191, 192, 192, 191
2010,14134010,134,CH4 ,10PPBC,10, 8, 190, 191, 192, 192, 190, 191, 192, 193, 193, 192, 190, 189, 190, 189, 188, 189, 188, 190, 190, 190, 189, 191, 190, 189
2010,14134010,134,CH4 ,10PPBC,10, 9, 190, 191, 192, 190, 189, 190, 190, 191, 191, 191, 191, 191, 190, 189, 190, 189, 190, 191, 189, 190, 189, 190, 191, 190
2010,14134010,134,CH4 ,10PPBC,10,10,9999, 189, 189, 189, 190, 189, 189, 190, 191, 191, 190, 190, 188, 187, 191, 195, 195, 197, 204, 206, 211, 217, 216, 203
2010,14134010,134,CH4 ,10PPBC,10,11, 199, 201, 197, 194, 190, 190, 190, 187, 186, 185, 185, 186, 185, 185, 185, 189, 187, 191, 192, 195, 194, 199, 200, 207
2010,14134010,134,CH4 ,10PPBC,10,12, 209, 208, 214, 211, 203, 197, 196, 206, 216, 205, 203, 201, 195, 193,9999,9999,9999, 187, 190, 196, 195, 202, 214, 216
2010,14134010,134,CH4 ,10PPBC,10,13, 215, 206, 201, 199, 200, 202, 202, 200, 196, 191, 189, 189, 190, 189, 199, 192, 186, 187, 188, 190, 192, 196, 213, 234
2010,14134010,134,CH4 ,10PPBC,10,14, 207, 192, 190, 189, 188, 188, 189, 190, 192, 189, 191, 189, 188, 187, 188, 188, 189, 188, 189, 189, 190, 191, 190, 190
2010,14134010,134,CH4 ,10PPBC,10,15, 189, 189, 188, 190, 191, 190, 189, 191, 192, 192, 190, 188, 191, 194, 194, 190, 191, 192, 193, 191, 193, 200, 200, 205
2010,14134010,134,CH4 ,10PPBC,10,16, 202, 193, 190, 189, 187, 186, 189, 189, 190, 188, 189, 189, 189, 192, 189, 189, 188, 191, 191, 191, 191, 205, 217, 211
2010,14134010,134,CH4 ,10PPBC,10,17, 210, 203, 191, 189, 191, 191, 191, 192, 192, 192, 192, 191, 190, 190, 189, 190, 191, 191, 193, 197, 198, 199, 196, 192
2010,14134010,134,CH4 ,10PPBC,10,18, 193, 193, 194, 193, 192, 192, 191, 191, 191, 190, 190, 189,9999,9999, 187, 187, 189, 190, 188, 187, 188, 188, 189, 189
2010,14134010,134,CH4 ,10PPBC,10,19, 189, 190, 189, 189, 190, 190, 192, 192, 192, 190, 188, 188, 189, 189, 188, 188, 187, 189, 189, 190, 190, 191, 191, 191
2010,14134010,134,CH4 ,10PPBC,10,20, 190, 191, 190, 190, 191, 192, 192, 194, 194, 197, 195, 195, 194, 192, 193, 195, 193, 194, 197, 198, 199, 197, 197, 199
2010,14134010,134,CH4 ,10PPBC,10,21, 197, 194, 194, 194, 193, 194, 199, 201, 199, 198, 196, 197, 196, 195, 195, 193, 192, 192, 193, 193, 194, 194, 196, 194
2010,14134010,134,CH4 ,10PPBC,10,22, 194, 195, 189, 188, 188, 189, 190, 188, 189, 188, 188, 188, 187, 188, 188, 187, 186, 186, 187, 188, 186, 188, 189, 189
2010,14134010,134,CH4 ,10PPBC,10,23, 189, 189, 190, 191, 189, 189, 190, 191, 190, 190, 188, 187, 188, 187, 188, 187, 187, 188, 189, 191, 191, 193, 198, 199
2010,14134010,134,CH4 ,10PPBC,10,24, 197, 195, 195, 195, 198, 195, 196, 195, 193, 193, 192, 192, 192, 192, 191, 191, 193, 194, 195, 194, 195, 196, 194, 197
2010,14134010,134,CH4 ,10PPBC,10,25,9999, 193, 192, 189, 188, 188, 189, 188, 190,9999,9999, 190, 191, 192, 193, 192, 201, 222, 238, 233, 281, 246, 214, 199
2010,14134010,134,CH4 ,10PPBC,10,26, 193, 192, 192, 193, 193, 194, 192, 194, 209, 208, 189, 188, 189, 189, 188, 189, 189, 190, 191, 190, 190, 191, 190, 189
2010,14134010,134,CH4 ,10PPBC,10,27, 189, 189, 189, 189, 189, 188, 188, 189, 190, 190, 190, 189, 189, 189, 189, 189, 189, 191, 191, 191, 191, 193, 195, 195
2010,14134010,134,CH4 ,10PPBC,10,28, 193, 191, 192, 192, 190, 192, 193, 191, 192, 190, 190, 190, 191, 189, 190, 190, 190, 192, 190, 191, 191, 191, 191, 191
2010,14134010,134,CH4 ,10PPBC,10,29, 191, 193, 191, 191, 190, 189, 190, 190, 192, 190, 189, 190, 189, 189, 190, 189, 188, 189, 189, 191, 191, 192, 195, 197
2010,14134010,134,CH4 ,10PPBC,10,30, 193, 192, 190, 189, 190, 188, 188, 189, 188, 190, 190, 190, 190, 189, 190, 188, 189, 190, 189, 188, 188, 189, 187, 187
2010,14134010,134,CH4 ,10PPBC,10,31, 186, 187, 187, 188, 188, 187, 190, 189, 189, 188, 187, 188, 187, 187, 187, 187, 187, 188, 189, 190, 190, 191, 191, 190
2010,14134010,134,CH4 ,10PPBC,11, 1,9999, 190, 188, 186, 184, 184, 184, 185, 186, 186, 185, 184, 184, 184, 187, 186, 186, 186, 188, 205, 212, 209, 203, 204
2010,14134010,134,CH4 ,10PPBC,11, 2, 203, 199, 192, 189, 187, 188, 187, 188, 188, 187, 185, 186, 187, 186, 185,9999,9999, 188, 191, 192, 196, 196, 193, 194
2010,14134010,134,CH4 ,10PPBC,11, 3, 191, 189, 189, 190, 189, 190, 190, 190, 190, 191, 189, 188, 189, 190, 188, 188, 188, 188, 190, 191, 192, 192, 193, 191
2010,14134010,134,CH4 ,10PPBC,11, 4, 190, 191, 192, 192, 192, 192, 192, 193, 194, 195, 195, 194, 195, 194, 191, 191, 189, 193, 196, 202, 205, 202, 201, 198
2010,14134010,134,CH4 ,10PPBC,11, 5, 196, 194, 196, 195, 195, 195, 196, 194, 196, 194, 191, 188, 189, 191, 197, 192, 191, 191, 195, 209, 212, 204, 200, 199
2010,14134010,134,CH4 ,10PPBC,11, 6, 198, 198, 197, 196, 193, 193, 194, 196, 198, 196, 194, 192, 191, 191, 202, 193, 191, 197, 202, 207, 208, 215, 206, 200
2010,14134010,134,CH4 ,10PPBC,11, 7, 200, 199, 195, 196, 194, 195, 195, 197, 196, 195, 194, 192, 191, 198, 191, 191, 191, 197, 208, 209, 219, 206, 202, 198
2010,14134010,134,CH4 ,10PPBC,11, 8, 201, 202, 203, 197, 195, 195, 195, 195, 196, 194,9999,9999, 195, 192, 191, 190, 194, 195, 197, 205, 204, 202, 201, 203
2010,14134010,134,CH4 ,10PPBC,11, 9, 205, 204, 204, 202, 202, 205, 204, 208, 209, 188, 185, 186, 185, 185, 186, 187, 188, 189, 190, 191, 193, 196, 200, 203
2010,14134010,134,CH4 ,10PPBC,11,10, 200, 204, 202, 203, 203, 202, 200, 201, 200, 206, 201, 200, 192, 189, 189, 188, 189, 189, 189, 191, 194, 194, 194, 195
2010,14134010,134,CH4 ,10PPBC,11,11, 195, 200, 199, 197, 192, 191, 192, 195, 196, 197, 192, 190, 189, 189, 192, 190, 192, 196, 200, 212, 209, 215, 214, 211
2010,14134010,134,CH4 ,10PPBC,11,12,9999, 201, 201, 200, 199, 199, 199, 202, 204,9999, 202, 198, 189, 189, 188, 192, 192, 190, 191, 197, 201, 205, 206, 204
2010,14134010,134,CH4 ,10PPBC,11,13, 207, 211, 206, 202, 201, 201, 198, 198, 199, 200, 201, 194, 192, 193, 191, 197, 192, 194, 196, 204, 210, 214, 211, 205
2010,14134010,134,CH4 ,10PPBC,11,14, 205, 202, 200, 197, 198, 198, 197, 195, 197,9999,9999,9999, 192, 194, 199, 196, 196, 199, 205, 209, 209, 207, 208, 208
2010,14134010,134,CH4 ,10PPBC,11,15, 205, 203, 203, 202, 200, 196, 199, 201, 194, 194, 191, 191, 190,9999,9999, 190, 189, 190, 190, 190, 191, 193, 191, 190
2010,14134010,134,CH4 ,10PPBC,11,16, 191, 192, 194, 191, 191, 191, 192, 193, 193, 191, 191, 189, 189, 189, 193, 198, 199, 195, 193, 194, 194, 197, 200, 205
2010,14134010,134,CH4 ,10PPBC,11,17, 205, 198, 195, 194, 192, 192, 195, 194, 193, 190, 190, 191, 190, 190, 190, 189, 189, 191, 191, 192, 193, 192, 191, 191
2010,14134010,134,CH4 ,10PPBC,11,18, 193, 194, 194, 192, 190, 190, 192, 195, 195,9999,9999,9999,9999,9999,9999,9999,9999,9999,9999,9999,9999,9999,9999,9999
2010,14134010,134,CH4 ,10PPBC,11,19,9999,9999,9999,9999,9999,9999,9999,9999,9999,9999,9999,9999,9999, 188, 190, 189, 204, 205, 197, 196, 207, 210, 199, 197
2010,14134010,134,CH4 ,10PPBC,11,20, 197, 199, 194, 193, 193, 194, 196, 198, 195, 192, 190, 189, 188, 189, 189, 189, 190, 195, 203, 207, 206, 208, 209, 204
2010,14134010,134,CH4 ,10PPBC,11,21, 199, 199, 201, 196, 196, 193, 192, 192, 192, 190, 188, 189, 188, 188, 189, 189, 192, 196, 197, 198, 205, 202, 199, 194
2010,14134010,134,CH4 ,10PPBC,11,22, 192, 192, 192, 192, 192, 192, 192, 193, 195, 196, 194, 193, 191, 189, 189, 189, 189, 189, 190, 192, 194, 195, 194, 194
2010,14134010,134,CH4 ,10PPBC,11,23, 190, 189, 186, 186, 184, 184, 183, 184, 184, 185, 187, 187, 187, 188, 188, 188, 189, 189, 192, 190, 189, 191, 190, 189
2010,14134010,134,CH4 ,10PPBC,11,24, 189, 188, 188, 188, 188, 190, 190, 192, 191,9999,9999,9999, 189, 190, 189, 193, 196, 198, 197, 194, 195, 201, 205, 211
2010,14134010,134,CH4 ,10PPBC,11,25, 213, 208, 202, 198, 196, 196, 199, 199, 197, 193, 194, 195, 198, 197, 197, 197, 198, 196, 197, 199, 198, 196, 196, 197
2010,14134010,134,CH4 ,10PPBC,11,26, 196, 195, 195, 193, 193, 196, 197, 200, 201, 200, 198, 195, 193, 190, 191, 195, 219, 198, 192, 194, 197, 191, 193, 193
2010,14134010,134,CH4 ,10PPBC,11,27, 191, 190, 190, 188, 188, 188, 190, 190, 190, 190, 190, 189, 189, 189, 190, 198, 197, 192, 192, 196, 213, 207, 211, 211
2010,14134010,134,CH4 ,10PPBC,11,28, 207, 209, 208, 207, 207, 203, 199, 198, 198, 197, 195, 190, 189, 188, 187, 188, 193, 199, 194, 189, 191, 193, 192, 193
2010,14134010,134,CH4 ,10PPBC,11,29, 192, 189, 190, 188, 190, 190, 193, 195, 193, 190,9999,9999, 189, 188, 186, 188, 189, 192, 195, 199, 204, 197, 196, 197
2010,14134010,134,CH4 ,10PPBC,11,30, 205, 202, 198, 193, 192, 192, 191, 194, 194, 190, 190, 189, 191, 193, 191, 190, 191, 193, 192, 197, 197, 197, 199, 198
2010,14134010,134,CH4 ,10PPBC,11,31,9998,9998,9998,9998,9998,9998,9998,9998,9998,9998,9998,9998,9998,9998,9998,9998,9998,9998,9998,9998,9998,9998,9998,9998
2010,14134010,134,CH4 ,10PPBC,12, 1, 197, 197, 198, 200, 200, 202, 198, 199, 201, 204, 199, 193, 190, 189, 190, 193, 195, 196, 223, 225, 207, 205, 199, 201
2010,14134010,134,CH4 ,10PPBC,12, 2, 201, 201, 197, 195, 194, 193, 196, 198, 199, 199, 193, 191, 191, 193, 195, 195, 195, 198, 200, 203, 204, 205, 198, 196
2010,14134010,134,CH4 ,10PPBC,12, 3, 198, 194, 192, 193, 191, 192, 191, 189, 195, 189, 181, 180, 182, 183, 184, 183, 183, 182, 183, 185, 187, 188, 187, 188
2010,14134010,134,CH4 ,10PPBC,12, 4, 189, 188, 187, 187, 188, 187, 190, 193, 193, 189, 188, 189, 188, 187, 188, 188, 189, 189, 190, 190, 191, 196, 194, 197
2010,14134010,134,CH4 ,10PPBC,12, 5, 194, 194, 196, 196, 195, 194, 194, 193, 194, 196, 194, 193, 192, 194, 196, 196, 193, 196, 202, 215, 214, 202, 200, 202
2010,14134010,134,CH4 ,10PPBC,12, 6,9999, 199, 199, 198, 193, 192, 192, 193, 196,9999,9999,9999, 194, 200, 200, 199, 193, 195, 202, 213, 222, 211, 205, 206
2010,14134010,134,CH4 ,10PPBC,12, 7, 207, 202, 199, 202, 204, 202, 197, 195, 198, 195, 194, 193, 191, 190, 190, 192, 191, 190, 190, 191, 192, 189, 189, 189
2010,14134010,134,CH4 ,10PPBC,12, 8, 189, 188, 188, 188, 188, 187, 188, 191, 192, 191, 188, 188, 188, 187, 188, 188, 189, 191, 191, 190, 190, 192, 195, 194
2010,14134010,134,CH4 ,10PPBC,12, 9, 194, 194, 195, 192, 190, 190, 191, 192, 193, 191, 190, 190, 189, 190, 194, 194, 192, 197, 195, 198, 202, 205, 205, 199
2010,14134010,134,CH4 ,10PPBC,12,10, 196, 193, 193, 192, 190, 190, 190, 192, 194, 192, 190, 189, 194, 198, 192, 192, 192, 195, 196, 199, 201, 207, 208, 211
2010,14134010,134,CH4 ,10PPBC,12,11, 213, 212, 203, 200, 197, 197, 197, 199, 200, 200, 191, 186, 186, 186, 185, 184, 185, 188, 188, 188, 187, 187, 195, 206
2010,14134010,134,CH4 ,10PPBC,12,12, 203, 199, 198, 194, 191, 190, 189, 189, 190, 189, 188, 188, 189, 189, 189, 190, 191, 193, 196, 193, 193, 191, 192, 191
2010,14134010,134,CH4 ,10PPBC,12,13,9999, 190, 190, 189, 189, 190, 190, 191, 190,9999,9999, 191, 191, 191, 190, 190, 190, 191, 192, 191, 191, 196, 193, 190
2010,14134010,134,CH4 ,10PPBC,12,14, 193, 193, 190, 188, 188, 187, 188, 190, 192, 194, 197, 191, 189, 192, 192, 192, 202, 192, 196, 196, 200, 205, 205, 205
2010,14134010,134,CH4 ,10PPBC,12,15, 205, 203, 201, 196, 198, 202, 204, 193, 191, 189, 188, 188, 189, 191, 190, 190, 187, 188, 189, 189, 190, 190, 189, 190
2010,14134010,134,CH4 ,10PPBC,12,16, 189, 190, 190, 190, 191, 191, 191, 192, 190, 190, 189, 192, 196, 195, 193, 193, 192, 193, 192, 193, 194, 196, 198, 198
2010,14134010,134,CH4 ,10PPBC,12,17, 199, 201, 202, 200, 199, 200, 197, 200, 199, 194, 189, 188, 188, 188, 191, 194, 195, 197, 201, 201, 198, 201, 208, 210
2010,14134010,134,CH4 ,10PPBC,12,18, 205, 202, 202, 199, 198, 195, 199, 199, 200, 199, 195, 195, 190, 191, 189, 189, 189, 190, 190, 190, 191, 191, 191, 191
2010,14134010,134,CH4 ,10PPBC,12,19, 192, 191, 191, 190, 190, 190, 192, 194, 196, 193, 193, 191, 193, 190, 189, 191, 190, 191, 192, 196, 201, 199, 198, 195
2010,14134010,134,CH4 ,10PPBC,12,20,9999, 194, 192, 193, 194, 195, 195, 199, 197, 195,9999,9999, 189, 195, 196, 197, 196, 202, 204, 202, 204, 203, 202, 202
2010,14134010,134,CH4 ,10PPBC,12,21, 204, 205, 207, 207, 201, 200, 200, 201, 201, 200, 199, 196, 195, 195, 196, 195, 194, 196, 196, 195, 194, 193, 192, 192
2010,14134010,134,CH4 ,10PPBC,12,22, 192, 191, 192, 193, 192, 189, 188, 188, 190, 192, 189, 189, 185, 185, 189, 191, 190, 195, 191, 189, 192, 194, 196, 201
2010,14134010,134,CH4 ,10PPBC,12,23, 198, 194, 194, 193, 194, 191, 190, 188, 187, 188, 187, 187, 187, 187, 188, 188, 188, 190, 194, 195, 198, 200, 205, 207
2010,14134010,134,CH4 ,10PPBC,12,24, 209, 210, 211, 214, 214, 213, 206, 208, 204, 197, 194, 192, 190, 189, 189, 189, 190, 192, 194, 195, 193, 195, 194, 193
2010,14134010,134,CH4 ,10PPBC,12,25, 193, 193, 194, 193, 194, 195, 190, 191, 188, 186, 187, 187, 187, 187, 186, 187, 187, 187, 188, 189, 189, 189, 190, 189
2010,14134010,134,CH4 ,10PPBC,12,26,9999, 189, 189, 188, 189, 188, 188, 190, 191, 189, 190, 189, 188, 187, 187, 188, 188, 188, 189, 189, 192, 191, 193, 193
2010,14134010,134,CH4 ,10PPBC,12,27, 196, 195, 194, 195, 192, 191, 193, 196, 201, 193, 191, 189, 190, 189, 190, 189, 190, 192, 195, 201, 206, 202, 201, 202
2010,14134010,134,CH4 ,10PPBC,12,28, 205, 205, 206, 201, 203, 201, 202, 204, 204, 205, 199, 196, 192, 190, 188, 187, 189, 190, 190, 189, 190, 191, 200, 199
2010,14134010,134,CH4 ,10PPBC,12,29, 200, 202, 203, 198, 198, 199, 201, 198, 198, 196, 195, 193, 191, 191, 191, 191, 191, 193, 193, 193, 194, 195, 195, 196
2010,14134010,134,CH4 ,10PPBC,12,30, 197, 199, 197, 195, 195, 193, 195, 197, 199, 204, 206, 203, 208, 203, 201, 196, 195, 195, 195, 195, 197, 196, 198, 199
2010,14134010,134,CH4 ,10PPBC,12,31, 200, 201, 198, 197, 197, 198, 198, 200, 200, 195, 194, 192, 189, 189, 190, 191, 192, 191, 191, 194, 195, 197, 198, 199
2010,14134010,134,CH4 ,10PPBC, 1, 1, 203, 205, 204, 203, 201, 201, 201, 201, 201, 196, 193, 191, 190, 190, 190, 190, 192, 193, 194, 195, 200, 203, 201, 203
2010,14134010,134,CH4 ,10PPBC, 1, 2,9999, 206, 207, 205, 201, 200, 199, 200, 200, 199, 196, 192, 190, 189, 188, 188, 188, 189, 191, 192, 192, 193, 193, 193
2010,14134010,134,CH4 ,10PPBC, 1, 3, 194, 195, 193, 192, 194, 194, 192, 192, 193, 192, 193, 190, 189, 190, 191, 191, 192, 196, 201, 205, 214, 215, 215, 203
2010,14134010,134,CH4 ,10PPBC, 1, 4, 195, 194, 192, 192, 189, 189, 191, 193, 194, 192, 191, 190, 190, 189, 188, 188, 189, 190, 191, 192, 194, 193, 195, 196
2010,14134010,134,CH4 ,10PPBC, 1, 5, 195, 195, 193, 193, 193, 190, 193, 196, 197, 195, 192, 190, 191, 187,9999,9999, 188, 189, 188, 188, 191, 192, 193, 195
2010,14134010,134,CH4 ,10PPBC, 1, 6, 194, 194, 189, 186, 189, 189, 188, 188, 189, 188, 188, 188, 188, 187, 187, 188, 188, 189, 189, 190, 191, 192, 190, 190
2010,14134010,134,CH4 ,10PPBC, 1, 7, 188, 188, 189, 188, 188, 189, 189, 189, 189, 189, 189, 189, 188, 188, 187, 187, 188, 187, 190, 190, 192, 190, 191, 190
2010,14134010,134,CH4 ,10PPBC, 1, 8, 191, 191, 191, 192, 192, 193, 192, 193, 196, 195, 195, 190, 190, 191, 191, 189, 189, 191, 197, 198, 197, 209, 203, 203
2010,14134010,134,CH4 ,10PPBC, 1, 9, 202, 205, 206, 205, 198, 198, 196, 201, 201, 193, 189, 187, 187, 187, 193, 192, 193, 200, 191, 190, 190, 191, 191, 189
2010,14134010,134,CH4 ,10PPBC, 1,10, 189, 190, 190, 190, 189, 190, 190, 189, 189, 190, 190, 190, 190, 190, 191, 190, 191, 192, 192, 193, 194, 194, 193, 192
2010,14134010,134,CH4 ,10PPBC, 1,11, 192, 192, 192, 191, 192, 191, 191, 194, 196, 194, 190, 190, 190, 191, 191, 191, 191, 196, 198, 196, 198, 196, 202, 195
2010,14134010,134,CH4 ,10PPBC, 1,12,9999, 198, 196, 198, 197, 195, 196, 199, 203, 199,9999,9999,9999, 193, 193, 199, 203, 199, 189, 189, 190, 190, 191, 191
2010,14134010,134,CH4 ,10PPBC, 1,13, 191, 191, 190, 189, 190, 189, 190, 190, 191, 190, 190, 190, 190, 190, 191, 190, 191, 191, 193, 194, 195, 195, 195, 193
2010,14134010,134,CH4 ,10PPBC, 1,14, 193, 191, 193, 193, 193, 193, 195, 199, 200, 200, 197, 194, 195, 196, 203, 197, 196, 197, 204, 214, 215, 216, 211, 204
2010,14134010,134,CH4 ,10PPBC, 1,15, 204, 199, 197, 198, 199, 198, 200, 203, 205, 206, 204, 200, 198, 198, 201, 198, 199, 199, 200, 204, 204, 201, 200, 194
2010,14134010,134,CH4 ,10PPBC, 1,16, 194, 194, 194, 193, 191, 189, 191, 190, 190, 190, 190, 191, 190, 191, 190, 191, 191, 193, 196, 198, 199, 206, 200, 203
2010,14134010,134,CH4 ,10PPBC, 1,17, 201, 197, 200, 198, 196, 200, 205, 212, 217,9999,9999,9999, 189, 189, 188, 189, 188, 189, 189, 191, 192, 194, 196, 198
2010,14134010,134,CH4 ,10PPBC, 1,18, 198, 200, 200, 202, 200, 201, 202, 201, 201, 202, 197, 191, 189, 190, 191, 191, 191, 193, 198, 209, 217, 205, 195, 192
2010,14134010,134,CH4 ,10PPBC, 1,19, 195, 196, 197, 197, 197, 196, 198, 201, 199, 196, 197, 192, 189, 191, 200, 200, 192, 194, 198, 199, 194, 197, 201, 204
2010,14134010,134,CH4 ,10PPBC, 1,20, 199, 195, 195, 197, 199, 198, 197, 198, 201, 197, 191, 189, 190, 190, 193, 190, 189, 189, 190, 190, 191, 191, 190, 191
2010,14134010,134,CH4 ,10PPBC, 1,21, 192, 190, 190, 188, 189, 188, 189, 190, 190, 189, 189, 188, 188, 188, 187, 188, 189, 194, 196, 196, 196, 192, 193, 194
2010,14134010,134,CH4 ,10PPBC, 1,22, 191, 191, 191, 190, 189, 189, 190, 192, 194, 193, 191, 190, 188, 188, 188, 188, 188, 193, 198, 205, 198, 196, 201, 203
2010,14134010,134,CH4 ,10PPBC, 1,23, 202, 205, 203, 203, 198, 196, 196, 197, 199, 203, 197, 191, 190, 189, 190, 191, 195, 198, 197, 199, 199, 197, 194, 193
2010,14134010,134,CH4 ,10PPBC, 1,24,9999, 193, 192, 193, 193, 192, 191, 193, 194, 193, 192,9999,9999,9999,9999, 193, 192, 194, 194, 192, 193, 195, 194, 195
2010,14134010,134,CH4 ,10PPBC, 1,25, 197, 198, 195, 193, 193, 194, 194, 195, 196, 197, 193, 191, 191, 191, 190, 192, 191, 191, 192, 195, 194, 196, 197, 195
2010,14134010,134,CH4 ,10PPBC, 1,26, 195, 195, 198, 198, 199, 199, 200, 202, 205, 199, 194, 195, 192, 194, 195, 195, 192, 193, 193, 194, 192, 193, 193, 194
2010,14134010,134,CH4 ,10PPBC, 1,27, 192, 194, 195, 194, 197, 201, 202, 203, 202, 201, 196, 193, 192, 191, 190, 192, 191, 192, 191, 192, 192, 194, 192, 193
2010,14134010,134,CH4 ,10PPBC, 1,28, 192, 192, 192, 192, 193, 196, 198, 200, 197, 192, 191, 190, 190, 189, 189, 190, 190, 190, 190, 191, 190, 191, 191, 191
2010,14134010,134,CH4 ,10PPBC, 1,29,9999, 190, 189, 189, 189, 190, 190, 191, 191, 192, 191, 194, 194, 193, 192, 191, 191, 193, 197, 207, 200, 199, 202, 199
2010,14134010,134,CH4 ,10PPBC, 1,30, 198, 200, 198, 197, 197, 197, 199, 196, 192, 189, 189, 188, 191, 189, 191, 191, 191, 193, 193, 192, 193, 194, 195, 196
2010,14134010,134,CH4 ,10PPBC, 1,31, 195, 193, 192, 192, 193, 196, 198, 200, 198,9999,9999, 189, 189, 188, 188, 190, 190, 191, 193, 200, 203, 201, 203, 205
2010,14134010,134,CH4 ,10PPBC, 2, 1, 209, 211, 208, 203, 200, 200, 202, 203, 205, 199, 193, 190, 188, 189, 187, 188, 188, 188, 189, 191, 190, 190, 191, 190
2010,14134010,134,CH4 ,10PPBC, 2, 2, 189, 189, 189, 190, 191, 191, 192, 195, 194, 194, 195, 196, 197, 198, 205, 206, 191, 192, 194, 202, 209, 204, 204, 209
2010,14134010,134,CH4 ,10PPBC, 2, 3, 206, 200, 200, 198, 200, 200, 199, 202, 205, 202, 196, 194, 195, 195, 197, 192, 192, 191, 195, 196, 202, 201, 197, 197
2010,14134010,134,CH4 ,10PPBC, 2, 4, 206, 206, 205, 198, 197, 198, 200, 201, 200,9999,9999,9999, 191, 189, 187, 187, 189, 191, 197, 203, 210, 208, 216, 212
2010,14134010,134,CH4 ,10PPBC, 2, 5,9999, 210, 205, 203, 201, 198, 196, 198, 199, 198, 196, 193, 192, 191, 193, 199, 200, 203, 205, 216, 223, 223, 223, 208
2010,14134010,134,CH4 ,10PPBC, 2, 6, 209, 208, 207, 204, 203, 201, 201, 203, 206, 202, 202, 195, 197, 203, 202, 206, 211, 224, 211, 200, 204, 201, 198, 199
2010,14134010,134,CH4 ,10PPBC, 2, 7, 200, 201, 203, 205, 205, 203, 203, 203, 196, 192,9999,9999, 192, 192, 192, 191, 191, 192, 191, 192, 192, 193, 191, 191
2010,14134010,134,CH4 ,10PPBC, 2, 8, 190, 190, 189, 190, 190, 189, 190, 191, 192, 191, 192, 193, 194, 191, 192, 192, 192, 192, 192, 191, 193, 192, 192, 189
2010,14134010,134,CH4 ,10PPBC, 2, 9, 189, 190, 192, 191, 189, 189, 190, 191, 192, 191, 192, 192, 191, 190, 190, 191, 199, 200, 204, 207, 211, 209, 191, 192
2010,14134010,134,CH4 ,10PPBC, 2,10, 192, 191, 191, 189, 188, 189, 190, 192, 191, 191, 190, 190, 190, 190, 190, 191, 191, 196, 194, 193, 191, 192, 193, 192
2010,14134010,134,CH4 ,10PPBC, 2,11, 191, 191, 190, 191, 190, 190, 189, 189, 191, 192, 192, 192, 192, 192, 192, 192, 193, 193, 193, 195, 195, 193, 191, 191
2010,14134010,134,CH4 ,10PPBC, 2,12, 190, 189, 189, 189, 188, 189, 188, 190, 191, 191, 191, 191, 191, 190, 192, 191, 192, 193, 194, 193, 198, 198, 200, 200
2010,14134010,134,CH4 ,10PPBC, 2,13,9999, 197, 196, 194, 195, 193, 194, 193, 193, 194, 191, 190, 191, 190, 190, 190, 190, 192, 195, 197, 196, 196, 197, 198
2010,14134010,134,CH4 ,10PPBC, 2,14, 196, 194, 193, 192, 192, 192, 193, 195, 195, 196, 195, 196, 195, 194, 194, 195, 195, 194, 194, 197, 201, 196, 196, 195
2010,14134010,134,CH4 ,10PPBC, 2,15, 193, 192, 191, 191, 191, 190, 190, 192, 193,9999,9999, 192, 191, 190, 189, 189, 190, 190, 192, 193, 194, 196, 195, 193
2010,14134010,134,CH4 ,10PPBC, 2,16, 193, 194, 195, 197, 196, 196, 196, 201, 197, 195, 193, 193, 195, 201, 194, 193, 191, 194, 194, 198, 202, 204, 204, 203
2010,14134010,134,CH4 ,10PPBC, 2,17, 204, 204, 205, 203, 204, 207, 205, 205, 205, 205, 204, 219, 212, 197, 189, 187, 188, 187, 189, 192, 192, 190, 192, 190
2010,14134010,134,CH4 ,10PPBC, 2,18, 193, 199, 196, 194, 195, 194, 192, 191, 190, 189, 186, 186, 186, 187, 187, 188, 188, 188, 190, 190, 190, 190, 190, 191
2010,14134010,134,CH4 ,10PPBC, 2,19, 190, 190, 189, 190, 189, 189, 189, 190, 190, 191, 191, 191, 193, 194, 194, 194, 192, 192, 192, 197, 193, 193, 195, 198
2010,14134010,134,CH4 ,10PPBC, 2,20,9999, 197, 193, 193, 192, 190, 192, 192, 193, 194, 193, 193, 194, 194, 193, 192, 194, 193, 191, 189, 192, 192, 191, 190
2010,14134010,134,CH4 ,10PPBC, 2,21, 191, 191, 189, 189, 190, 190, 190, 191, 191, 194, 190, 189, 189, 189, 189, 188, 188, 189, 190, 190, 190, 192, 193, 193
2010,14134010,134,CH4 ,10PPBC, 2,22, 192, 191, 191, 194, 195, 197, 199, 201, 197, 193, 192,9999,9999, 190, 189, 188, 188, 189, 191, 190, 191, 191, 191, 191
2010,14134010,134,CH4 ,10PPBC, 2,23, 190, 192, 192, 193, 194, 194, 195, 194, 195, 192, 193, 193, 192, 192, 195, 190, 190, 193, 194, 198, 205, 204, 201, 235
2010,14134010,134,CH4 ,10PPBC, 2,24, 220, 197, 195, 193, 191, 191, 194, 196, 196, 206, 206, 203, 195, 193, 189, 188, 187, 187, 191, 195, 197, 189, 190, 190
2010,14134010,134,CH4 ,10PPBC, 2,25, 186, 185, 186, 200, 199, 199, 199, 198, 193, 184, 183, 183, 184, 183, 183, 183, 183, 185, 187, 190, 189, 189, 190, 189
2010,14134010,134,CH4 ,10PPBC, 2,26, 189, 189, 189, 189, 189, 189, 190, 190, 191, 190, 191, 193, 193, 194, 194, 195, 194, 192, 192, 193, 196, 199, 200, 200
2010,14134010,134,CH4 ,10PPBC, 2,27, 199, 206, 204, 201, 197, 196, 197, 198, 197, 197, 197, 198, 196, 191, 186, 186, 186, 188, 196, 199, 198, 198, 195, 193
2010,14134010,134,CH4 ,10PPBC, 2,28,9999, 192, 192, 192, 191, 190, 192, 193, 194, 192, 192, 192, 191, 192, 192, 192, 192, 192, 194, 194, 194, 193, 193, 193
2010,14134010,134,CH4 ,10PPBC, 2,29,9998,9998,9998,9998,9998,9998,9998,9998,9998,9998,9998,9998,9998,9998,9998,9998,9998,9998,9998,9998,9998,9998,9998,9998
2010,14134010,134,CH4 ,10PPBC, 2,30,9998,9998,9998,9998,9998,9998,9998,9998,9998,9998,9998,9998,9998,9998,9998,9998,9998,9998,9998,9998,9998,9998,9998,9998
2010,14134010,134,CH4 ,10PPBC, 2,31,9998,9998,9998,9998,9998,9998,9998,9998,9998,9998,9998,9998,9998,9998,9998,9998,9998,9998,9998,9998,9998,9998,9998,9998
2010,14134010,134,CH4 ,10PPBC, 3, 1, 192, 192, 192, 192, 194, 194, 195, 196, 196, 194, 194, 195,9999,9999, 194, 195, 198, 197, 194, 194, 196, 196, 199, 198
2010,14134010,134,CH4 ,10PPBC, 3, 2, 197, 198, 198, 199, 198, 198, 197, 195, 199, 201, 196, 194, 194, 193, 193, 190, 189, 190, 190, 191, 191, 193, 193, 192
2010,14134010,134,CH4 ,10PPBC, 3, 3, 191, 191, 192, 192, 190, 191, 191, 192, 191, 190, 190, 189, 189, 189, 189, 189, 190, 190, 192, 192, 191, 193, 191, 192
2010,14134010,134,CH4 ,10PPBC, 3, 4, 191, 192, 192, 193, 193, 193, 193, 194, 192, 190, 190, 190, 190, 191, 190, 191, 190, 190, 193, 194, 195, 195, 196, 195
2010,14134010,134,CH4 ,10PPBC, 3, 5, 197, 198, 201, 201, 199, 198, 195, 193, 194, 192, 191, 190, 190, 191, 191, 191, 191, 191, 191, 193, 198, 198, 194, 198
2010,14134010,134,CH4 ,10PPBC, 3, 6, 202, 198, 195, 195, 194, 197, 198, 200, 199, 200, 195, 195, 195, 196, 198, 203, 201, 201, 203, 205, 204, 203, 205, 203
2010,14134010,134,CH4 ,10PPBC, 3, 7, 203, 201, 199, 199, 197, 196, 195, 191, 192, 194, 197, 195, 193, 192, 193, 192, 194, 193, 193, 194, 194, 195, 193, 192
2010,14134010,134,CH4 ,10PPBC, 3, 8,9999, 194, 194, 197, 198, 196, 198, 201, 200, 199,9999,9999,9999, 191, 192, 193, 197, 197, 197, 196, 198, 201, 202, 201
2010,14134010,134,CH4 ,10PPBC, 3, 9, 195, 196, 196, 195, 197, 196, 196, 195, 195, 192, 196, 193, 192, 190, 189, 189, 187, 188, 189, 188, 190, 188, 189, 190
2010,14134010,134,CH4 ,10PPBC, 3,10, 190, 191, 191, 190, 190, 191, 192, 192, 192, 190, 189, 190, 189, 189, 191, 192, 205, 193, 195, 195, 195, 196, 196, 199
2010,14134010,134,CH4 ,10PPBC, 3,11, 194, 195, 197, 196, 196, 194, 195, 193, 193, 192, 190, 190, 189, 188, 188, 188, 188, 189, 190, 191, 190, 191, 192, 191
2010,14134010,134,CH4 ,10PPBC, 3,12, 193, 196, 198, 199, 198, 196, 197, 198, 195, 193, 191, 190, 190, 191, 192, 192, 192, 193, 195, 197, 196, 199, 199, 198
2010,14134010,134,CH4 ,10PPBC, 3,13, 200, 202, 198, 199, 198, 199, 200, 199, 197, 198, 194, 192, 192, 194, 195, 194, 193, 191, 192, 193, 193, 196, 200, 198
2010,14134010,134,CH4 ,10PPBC, 3,14,9999, 202, 202, 204, 206, 205, 207, 209, 197, 189, 187, 186, 186, 186, 186, 186, 186,9999, 188, 188, 188, 190, 190, 195
2010,14134010,134,CH4 ,10PPBC, 3,15, 194, 195, 196, 195, 194, 193, 191, 191, 191, 192, 191, 191, 192, 191, 192, 191, 197, 193, 194, 197, 201, 201, 201, 211
2010,14134010,134,CH4 ,10PPBC, 3,16, 210, 192, 190, 190, 191, 192, 192, 193, 191, 189, 189, 190, 191, 189, 189, 189, 190, 191, 191, 191, 192, 193, 192, 193
2010,14134010,134,CH4 ,10PPBC, 3,17, 192, 193, 192, 192, 192, 192, 192, 192, 192, 191, 190, 190, 190, 190, 191, 190, 190, 191, 192, 191, 192, 192, 191, 192
2010,14134010,134,CH4 ,10PPBC, 3,18, 192, 190, 190, 191, 191, 192, 194, 193, 193, 191, 190, 190, 190, 192, 192, 192, 190, 190, 190, 191, 191, 191, 193, 191
2010,14134010,134,CH4 ,10PPBC, 3,19, 191, 190, 190, 188, 189, 190, 193, 197, 197, 195, 193, 188, 188, 188, 187, 187, 187, 188, 191, 198, 204, 197, 199, 196
2010,14134010,134,CH4 ,10PPBC, 3,20, 194, 191, 191, 191, 193, 194, 194, 196, 195, 193, 192, 191, 196, 192, 191, 190, 189, 188, 187, 187, 186, 186, 187, 193
2010,14134010,134,CH4 ,10PPBC, 3,21,9999, 195, 186, 192, 194, 193, 194, 193, 193, 193, 192, 195, 193, 192, 189, 189, 189, 190, 190, 192, 192, 192, 191, 190
2010,14134010,134,CH4 ,10PPBC, 3,22, 190, 189, 189, 190, 189, 190, 190, 190, 191, 190, 191, 191, 191, 191, 191, 191, 192, 193, 194, 195, 198, 196, 199, 197
2010,14134010,134,CH4 ,10PPBC, 3,23, 195, 192, 190, 191, 191, 190, 190, 191, 192, 191, 191, 191, 191,9999,9999, 191, 190, 190, 190, 198, 194, 191, 190, 191
2010,14134010,134,CH4 ,10PPBC, 3,24, 191, 191, 191, 191, 191, 191, 191, 191, 191, 192, 191, 191, 195, 193, 191, 190, 190, 190, 192, 192, 194, 194, 194, 196
2010,14134010,134,CH4 ,10PPBC, 3,25, 196, 196, 197, 198, 196, 195, 197, 198, 199, 198, 200, 191, 190, 190, 188, 187, 188, 188, 188, 188, 190, 191, 193, 195
2010,14134010,134,CH4 ,10PPBC, 3,26, 193, 192, 191, 191, 191, 192, 191, 191, 188, 188, 189, 188, 188, 189, 189, 189, 188, 189, 189, 189, 190, 190, 191, 190
2010,14134010,134,CH4 ,10PPBC, 3,27, 190, 191, 190, 191, 191, 190, 190, 190, 189, 189, 188, 189, 188, 188, 189, 190, 190, 190, 191, 193, 196, 192, 192, 194
2010,14134010,134,CH4 ,10PPBC, 3,28, 192, 189, 188, 189, 190, 189, 191, 191, 189,9999,9999,9999, 189, 190, 193, 192, 191, 189, 188, 190, 192, 192, 195, 194
2010,14134010,134,CH4 ,10PPBC, 3,29, 195, 194, 193, 193, 193, 194, 196, 197, 193, 192, 189, 189, 191, 190, 188, 187, 188, 188, 188, 191, 195, 198, 194, 190
2010,14134010,134,CH4 ,10PPBC, 3,30, 193, 193, 193, 192, 192, 193, 192, 194, 192, 191, 191, 190, 190, 189, 187, 187, 187, 188, 188, 190, 193, 191, 188, 190
2010,14134010,134,CH4 ,10PPBC, 3,31, 189, 190, 190, 189, 188, 190, 190, 190, 190, 190, 189, 192, 194, 191, 188, 187, 188, 188, 188, 190, 190, 191, 190, 192
2010,14135080,135,CH4 ,10PPBC, 4, 1, 208, 203, 200, 200, 197, 194, 193, 198, 204, 202, 202, 187, 182, 181, 181, 181, 181, 180, 181, 182, 182, 180, 181, 180
2010,14135080,135,CH4 ,10PPBC, 4, 2, 181, 180, 180, 180, 179, 178, 179, 179, 180, 179, 179, 181, 182, 182, 183, 184, 186, 186, 185, 186, 188, 188, 188, 188
2010,14135080,135,CH4 ,10PPBC, 4, 3, 187, 185, 184, 185, 184, 186, 186, 186, 186, 186, 186, 187, 188, 186, 185, 185, 185, 185, 186, 188, 187, 188, 189, 190
2010,14135080,135,CH4 ,10PPBC, 4, 4, 192, 192, 191, 190, 190, 188, 190, 191, 189, 188, 189, 189, 189, 189, 188, 188, 189, 189, 189, 190, 189, 190, 190, 189
2010,14135080,135,CH4 ,10PPBC, 4, 5,9999,9999, 189, 189, 189, 189, 189, 191, 192, 192, 191, 191, 190, 190, 189, 189, 189, 190, 191, 192, 193, 196, 196, 197
2010,14135080,135,CH4 ,10PPBC, 4, 6, 196, 196, 197, 197, 196, 195, 194, 194, 193,9999,9999, 189, 186, 185, 183, 183, 183, 184, 185, 186, 188, 191, 195, 196
2010,14135080,135,CH4 ,10PPBC, 4, 7, 195, 194, 190, 192, 193, 194, 195, 189, 190, 192, 191, 191, 191, 189, 186, 188, 188, 187, 188, 188, 188, 188, 189, 189
2010,14135080,135,CH4 ,10PPBC, 4, 8, 188, 188, 187, 188, 188, 189, 190, 190, 189, 188, 188, 188, 188, 190, 189, 188, 188, 188, 188, 188, 189, 189, 189, 190
2010,14135080,135,CH4 ,10PPBC, 4, 9, 191, 190, 191, 190, 190, 190, 190, 189, 190, 191, 191, 194, 188, 187, 187, 186, 186, 185, 185, 185, 188, 191, 193, 196
2010,14135080,135,CH4 ,10PPBC, 4,10, 197, 194, 192, 191, 189, 189, 189, 187, 188, 188, 188, 189, 190, 188, 184, 185, 184, 184, 184, 184, 185, 185, 185, 184
2010,14135080,135,CH4 ,10PPBC, 4,11, 185, 186, 185, 186, 187, 188, 189, 192, 192, 190, 189, 186, 186, 185, 193, 191, 188, 186, 185, 185, 185, 186, 186, 186
2010,14135080,135,CH4 ,10PPBC, 4,12,9999,9999, 185, 185, 184, 185, 186, 185, 185, 186, 186, 186, 186, 186, 185, 186, 186, 185, 187, 186, 186, 186, 185, 185
2010,14135080,135,CH4 ,10PPBC, 4,13, 185, 184, 184, 184, 185, 185, 186, 186, 186, 183, 182, 182, 182, 181, 181, 182, 183, 182, 183, 184, 183, 184, 188, 194
2010,14135080,135,CH4 ,10PPBC, 4,14, 190, 185, 183, 183, 184, 184, 184, 185, 185, 185,9999,9999,9999, 186, 188, 187, 186, 186, 187, 187, 186, 186, 187, 186
2010,14135080,135,CH4 ,10PPBC, 4,15, 186, 186, 185, 185, 185, 185, 186, 187, 187, 186, 186, 188, 189, 187, 189, 189, 188, 188, 188, 189, 189, 192, 193, 192
2010,14135080,135,CH4 ,10PPBC, 4,16, 193, 190, 189, 187, 186, 187, 187, 188, 187, 188, 187, 187, 187, 187, 188, 187, 187, 187, 188, 188, 188, 188, 188, 189
2010,14135080,135,CH4 ,10PPBC, 4,17, 189, 187, 187, 189, 189, 188, 189, 190, 189, 189, 187, 186, 186, 185, 185, 188, 189, 187, 188, 190, 191, 191, 193, 193
2010,14135080,135,CH4 ,10PPBC, 4,18, 195, 196, 197, 197, 207, 200, 194, 194, 192, 188, 187, 187, 187, 188, 193, 190, 187, 187, 189, 189, 189, 191, 193, 194
2010,14135080,135,CH4 ,10PPBC, 4,19, 196, 195, 192, 193, 192, 191, 192, 193, 192, 192, 192, 190, 191, 188, 186, 187, 187, 186, 187, 188, 188, 190, 189, 188
2010,14135080,135,CH4 ,10PPBC, 4,20,9999,9999, 192, 192, 190, 190, 191, 192, 194, 184, 182, 181, 181, 181, 182, 182, 182, 183, 184, 185, 185, 187, 190, 191
2010,14135080,135,CH4 ,10PPBC, 4,21, 193, 193, 190, 191, 192, 193, 195, 194, 191, 189,9999,9999, 180, 180, 183, 182, 181, 181, 183, 181, 184, 190, 187, 187
2010,14135080,135,CH4 ,10PPBC, 4,22, 185, 185, 187, 187, 188, 188, 189, 188, 190, 189, 189, 188, 188, 188, 188, 187, 187, 188, 188, 189, 188, 188, 189, 188
2010,14135080,135,CH4 ,10PPBC, 4,23, 187, 187, 186, 186, 186, 187, 187, 188, 189, 188, 189, 189, 188, 187, 187, 188, 188, 188, 190, 191, 192, 191, 191, 192
2010,14135080,135,CH4 ,10PPBC, 4,24, 193, 192, 192, 192, 189, 188, 189, 189, 187, 186, 186, 185, 185, 185, 185, 186, 185, 186, 186, 188, 192, 189, 188, 187
2010,14135080,135,CH4 ,10PPBC, 4,25, 188, 188, 191, 190, 191, 190, 190, 188, 188, 187, 187, 189, 189, 188, 186, 187, 185, 186, 186, 187, 189, 189, 189, 191
2010,14135080,135,CH4 ,10PPBC, 4,26, 192, 193, 192, 192, 192, 191, 191, 191, 188, 191, 187, 187, 187, 187, 189, 188, 189, 188, 187, 188, 192, 188, 188, 189
2010,14135080,135,CH4 ,10PPBC, 4,27,9999,9999, 187, 186, 186, 186, 186, 187, 187,9999,9999, 188, 189, 188, 187, 188, 189, 189, 190, 192, 196, 197, 192, 186
2010,14135080,135,CH4 ,10PPBC, 4,28, 186, 186, 185, 184, 190, 209, 189, 187, 185, 185, 185, 183, 183, 183, 184, 184, 184, 184, 184, 185, 185, 185, 184, 187
2010,14135080,135,CH4 ,10PPBC, 4,29, 187, 190, 189, 189, 185, 182, 180, 182, 181, 181, 180, 180, 180, 182, 182, 182, 182, 183, 184, 185, 185, 185, 189, 187
2010,14135080,135,CH4 ,10PPBC, 4,30, 186, 185, 186, 186, 186, 186, 186, 185, 185, 185, 186, 186, 187, 185, 184, 183, 183, 183, 186, 185, 185, 185, 187, 186
2010,14135080,135,CH4 ,10PPBC, 4,31,9998,9998,9998,9998,9998,9998,9998,9998,9998,9998,9998,9998,9998,9998,9998,9998,9998,9998,9998,9998,9998,9998,9998,9998
2010,14135080,135,CH4 ,10PPBC, 5, 1, 185, 186, 188, 188, 189, 189, 189, 187, 187, 186, 185, 186, 186, 185, 185, 184, 185, 184, 185, 186, 187, 187, 189, 192
2010,14135080,135,CH4 ,10PPBC, 5, 2, 191, 189, 189, 188, 187, 188, 188, 188, 187, 187, 187, 189, 187, 186, 186, 184, 184, 185, 184, 186, 187, 188, 189, 190
2010,14135080,135,CH4 ,10PPBC, 5, 3,9999,9999, 193, 192, 192, 192, 193, 193, 192, 190, 190, 190, 187, 184, 184, 184, 184, 184, 184, 184, 184, 184, 184, 185
2010,14135080,135,CH4 ,10PPBC, 5, 4, 184, 184, 183, 184, 184, 186, 187, 188, 185, 185, 184, 184, 183, 183, 183, 184, 184, 184, 185, 185, 185, 186, 187, 190
2010,14135080,135,CH4 ,10PPBC, 5, 5, 191, 191, 191, 192, 193, 192, 191, 191, 191, 190, 191, 195, 197, 195, 190, 185, 183, 182, 182, 184, 185, 184, 183, 183
2010,14135080,135,CH4 ,10PPBC, 5, 6, 184, 183, 183, 182, 183, 185, 184, 184, 181, 179, 178, 178, 178, 178, 178, 176, 176, 177, 176, 178, 177, 177, 177, 177
2010,14135080,135,CH4 ,10PPBC, 5, 7, 177, 178, 177, 177, 177, 177, 178, 177, 177, 177, 177, 176, 177, 176, 175, 176, 175, 175, 176, 176, 177, 183, 185, 185
2010,14135080,135,CH4 ,10PPBC, 5, 8, 183, 182, 181, 181, 181, 181, 182, 184, 184, 183, 189, 187, 186, 185, 183, 183, 182, 182, 183, 182, 183, 183, 183, 183
2010,14135080,135,CH4 ,10PPBC, 5, 9,9999,9999, 189, 191, 192, 192, 187, 186, 185, 186, 185, 184, 185, 184, 188, 187, 186, 188, 188, 188, 191, 190, 188, 188
2010,14135080,135,CH4 ,10PPBC, 5,10, 186, 187, 187, 188, 189, 188, 188, 186, 187, 187, 187, 187, 187, 187, 187, 184, 185, 185, 185, 187, 188, 190, 188, 188
2010,14135080,135,CH4 ,10PPBC, 5,11, 187, 187, 185, 186, 187, 189, 190, 189, 186, 183,9999,9999, 182, 182, 184, 185, 185, 187, 190, 188, 189, 187, 187, 187
2010,14135080,135,CH4 ,10PPBC, 5,12, 186, 186, 184, 184, 184, 185, 186, 187, 187, 185, 185, 184, 184, 183, 183, 183, 184, 184, 184, 185, 185, 185, 186, 186
2010,14135080,135,CH4 ,10PPBC, 5,13, 186, 185, 186, 186, 186, 186, 187, 186, 184, 184, 184, 184, 183, 184, 183, 183, 184, 184, 183, 185, 185, 185, 185, 186
2010,14135080,135,CH4 ,10PPBC, 5,14, 185, 184, 184, 185, 184, 185, 185, 185, 184, 183, 183, 182, 183, 183, 188, 187, 186, 186, 186, 187, 187, 188, 190, 190
2010,14135080,135,CH4 ,10PPBC, 5,15, 191, 189, 186, 186, 185, 184, 184, 185, 184, 183, 185, 183, 186, 187, 186, 184, 184, 184, 185, 186, 187, 187, 187, 187
2010,14135080,135,CH4 ,10PPBC, 5,16, 188, 189, 189, 189, 189, 189, 189, 188, 187, 185, 184, 183, 182, 182, 182, 182, 182, 183, 182, 183, 184, 185, 187, 191
2010,14135080,135,CH4 ,10PPBC, 5,17, 190, 192, 192, 191, 189, 186, 187, 188, 186, 185, 185, 185, 187, 186, 184, 182, 183, 181, 182, 183, 183, 185, 187, 188
2010,14135080,135,CH4 ,10PPBC, 5,18,9999,9999, 191, 190, 188, 187, 186, 188, 186, 183, 181, 181, 181, 180, 180, 181, 181, 180, 180, 182, 182, 183, 182, 180
2010,14135080,135,CH4 ,10PPBC, 5,19, 181, 180, 180, 180, 180, 180, 180, 180, 180, 180, 180,9999,9999, 180, 181, 180, 180, 179, 181, 181, 181, 181, 181, 181
2010,14135080,135,CH4 ,10PPBC, 5,20, 180, 180, 180, 180, 180, 180, 180, 180, 181, 182, 182, 182, 185, 184, 184, 183, 183, 184, 184, 184, 185, 187, 187, 186
2010,14135080,135,CH4 ,10PPBC, 5,21, 186, 186, 185, 187, 189, 190, 190, 187, 187, 187, 186, 185, 185, 186, 184, 184, 183, 184, 184, 186, 188, 190, 192, 193
2010,14135080,135,CH4 ,10PPBC, 5,22, 194, 197, 197, 195, 195, 195, 195, 193, 192, 189, 188, 188, 191, 189, 189, 191, 190, 189, 187, 187, 186, 187, 188, 189
2010,14135080,135,CH4 ,10PPBC, 5,23, 187, 186, 187, 187, 187, 188, 189, 190, 191, 192, 192, 187, 184, 185, 192, 190, 190, 192, 193, 191, 198, 190, 187, 193
2010,14135080,135,CH4 ,10PPBC, 5,24, 195, 194, 198, 188, 183, 182, 185, 185, 184, 185, 184, 183, 183, 183, 184, 185, 185, 185, 188, 188, 188, 186, 185, 184
2010,14135080,135,CH4 ,10PPBC, 5,25, 183, 185, 189, 189, 191, 192, 190, 187, 185, 184, 183,9999,9999, 186, 185, 186, 187, 187, 188, 190, 189, 189, 188, 187
2010,14135080,135,CH4 ,10PPBC, 5,26, 187, 187, 187, 188, 189, 189, 188, 188, 189, 189, 186, 185, 185, 184, 185, 185, 185, 186, 187, 186, 185, 186, 187, 187
2010,14135080,135,CH4 ,10PPBC, 5,27, 186, 186, 192, 201, 188, 188, 187, 188, 188, 187, 187, 186, 186, 186, 185, 185, 184, 184, 186, 185, 184, 184, 185, 185
2010,14135080,135,CH4 ,10PPBC, 5,28, 184, 184, 183, 184, 185, 184, 184, 184, 184, 184, 184, 184, 184, 186, 191, 191, 188, 186, 187, 189, 190, 188, 187, 188
2010,14135080,135,CH4 ,10PPBC, 5,29, 189, 187, 193, 188, 186, 184, 185, 186, 186, 187, 187, 188, 188, 187, 187, 188, 187, 187, 187, 187, 186, 187, 186, 187
2010,14135080,135,CH4 ,10PPBC, 5,30, 186, 186, 186, 185, 185, 185, 186, 186, 185, 185, 185, 186, 186, 185, 185, 185, 185, 188, 188, 186, 188, 193, 196, 197
2010,14135080,135,CH4 ,10PPBC, 5,31, 197, 191, 188, 187, 189, 190, 191, 190, 190, 188, 188, 189, 192, 190, 189, 187, 186, 185, 186, 185, 185, 188, 189, 188
2010,14135080,135,CH4 ,10PPBC, 6, 1,9999,9999, 185, 185, 186, 187, 186, 186, 186, 185, 185, 185, 184, 188, 187, 186, 187, 185, 185, 187, 188, 188, 189, 189
2010,14135080,135,CH4 ,10PPBC, 6, 2, 190, 191, 192, 194, 195, 195, 197, 200, 196, 192,9999,9999,9999, 190, 189, 189, 186, 185, 186, 184, 184, 183, 184, 191
2010,14135080,135,CH4 ,10PPBC, 6, 3, 192, 194, 195, 194, 195, 192, 192, 190, 189, 189, 188, 189, 185, 183, 183, 182, 181, 181, 181, 181, 182, 182, 183, 183
2010,14135080,135,CH4 ,10PPBC, 6, 4, 185, 186, 188, 188, 187, 186, 188, 185, 184, 183, 181, 181, 181, 181, 181, 181, 181, 181, 180, 180, 181, 182, 183, 184
2010,14135080,135,CH4 ,10PPBC, 6, 5, 185, 184, 184, 184, 184, 185, 186, 186, 185, 187, 187, 187, 184, 185, 188, 187, 185, 185, 185, 183, 192, 187, 186, 185
2010,14135080,135,CH4 ,10PPBC, 6, 6, 185, 186, 186, 187, 187, 188, 188, 188, 188, 187, 187, 192, 191, 189, 188, 184, 183, 183, 183, 182, 182, 184, 184, 185
2010,14135080,135,CH4 ,10PPBC, 6, 7, 184, 186, 184, 186, 188, 189, 195, 194, 189, 190, 189, 189, 196, 194, 184, 183, 183, 182, 183, 182, 182, 182, 183, 183
2010,14135080,135,CH4 ,10PPBC, 6, 8, 184, 183, 185, 188, 186, 187, 188, 191, 190, 189, 189,9999,9999, 188, 185, 183, 184, 184, 184, 185, 185, 188, 190, 191
2010,14135080,135,CH4 ,10PPBC, 6, 9, 192, 190, 190, 187, 186, 186, 187, 188, 190, 192, 194, 191, 191, 191, 189, 186, 187, 185, 193, 202, 186, 184, 185, 187
2010,14135080,135,CH4 ,10PPBC, 6,10, 188, 187, 187, 187, 190, 191, 189, 188, 188, 187,9999, 186, 185, 184, 187, 185, 187, 185, 186, 183, 185, 186, 187, 190
2010,14135080,135,CH4 ,10PPBC, 6,11, 190, 187, 187, 188, 185, 185, 191, 216, 189, 188, 187, 189, 187, 186, 184, 183, 183, 182, 182, 181, 181, 181, 182, 182
2010,14135080,135,CH4 ,10PPBC, 6,12, 183, 183, 184, 185, 185, 190, 193, 189, 189, 188, 185, 182, 182, 181, 181, 180, 179, 179, 179, 180, 180, 180, 180, 181
2010,14135080,135,CH4 ,10PPBC, 6,13, 180, 180, 180, 180, 180, 181, 181, 180, 180, 180, 179, 180, 180, 180, 179, 180, 180, 180, 181, 181, 180, 181, 180, 181
2010,14135080,135,CH4 ,10PPBC, 6,14, 181, 181, 183, 184, 183, 182, 182, 183, 185, 184, 185, 185, 185, 183, 183, 183, 182, 181, 182, 182, 182, 182, 183, 186
2010,14135080,135,CH4 ,10PPBC, 6,15,9999,9999, 188, 188, 190, 188, 187, 185, 184, 186, 185,9999,9999, 182, 182, 183, 184, 185, 185, 185, 182, 180, 183, 184
2010,14135080,135,CH4 ,10PPBC, 6,16, 184, 185, 186, 182, 171, 170, 170, 169, 170, 172, 173, 173, 173, 175, 175, 178, 181, 183, 183, 181, 180, 182, 180, 181
2010,14135080,135,CH4 ,10PPBC, 6,17, 182, 183, 189, 195, 189, 189, 191, 194, 188, 181, 182, 183, 186, 185, 184, 185, 184, 182, 183, 183, 183, 182, 184, 183
2010,14135080,135,CH4 ,10PPBC, 6,18, 182, 182, 183, 189, 195, 195, 193, 192, 190, 189, 188, 187, 187, 185, 177, 174, 175, 179, 179, 181, 183, 183, 185, 183
2010,14135080,135,CH4 ,10PPBC, 6,19, 184, 185, 185, 186, 184, 184, 184, 185, 185, 186, 186, 184, 183, 176, 177, 180, 181, 182, 183, 181, 183, 192, 194, 193
2010,14135080,135,CH4 ,10PPBC, 6,20, 191, 190, 192, 191, 188, 189, 189, 188, 185, 179, 177, 174, 176, 175, 174, 177, 176, 176, 177, 175, 175, 175, 174, 174
2010,14135080,135,CH4 ,10PPBC, 6,21, 174, 174, 174, 173, 173, 173, 173, 175, 176, 176, 176, 175, 173, 173, 173, 174, 174, 174, 176, 178, 180, 181, 183, 185
2010,14135080,135,CH4 ,10PPBC, 6,22,9999,9999, 187, 185, 193, 197, 198, 193, 189, 191, 189,9999,9999, 191, 191, 189, 180, 176, 175, 175, 177, 178, 179, 178
2010,14135080,135,CH4 ,10PPBC, 6,23, 179, 179, 178, 179, 178, 177, 177, 176, 174, 173, 173, 173, 173, 181, 183, 182, 181, 180, 183, 185, 188, 188, 179, 181
2010,14135080,135,CH4 ,10PPBC, 6,24, 183, 186, 186, 187, 185, 186, 186, 187, 186, 185, 186, 186, 185, 186, 188, 197, 195, 194, 197, 198, 195, 194, 195, 194
2010,14135080,135,CH4 ,10PPBC, 6,25, 196, 197, 198, 196, 195, 195, 196, 195, 192, 190, 188, 188, 188, 190, 188, 190, 187, 182, 183, 186, 187, 188, 188, 188
2010,14135080,135,CH4 ,10PPBC, 6,26, 191, 194, 194, 188, 187, 191, 189, 185, 183, 178, 176, 177, 176, 176, 176, 176, 176, 175, 176, 177, 176, 177, 176, 175
2010,14135080,135,CH4 ,10PPBC, 6,27, 175, 175, 174, 174, 174, 174, 174, 173, 174, 174, 173, 174, 174, 173, 173, 173, 173, 174, 174, 175, 176, 178, 179, 182
2010,14135080,135,CH4 ,10PPBC, 6,28, 189, 196, 200, 205, 192, 186, 184, 184, 187, 188, 189, 188, 186, 185, 183, 191, 191, 181, 181, 182, 185, 189, 192, 191
2010,14135080,135,CH4 ,10PPBC, 6,29,9999,9999, 189, 191, 190, 191, 194, 204, 254, 225, 203,9999,9999, 198, 192, 187, 178, 180, 186, 181, 187, 184, 185, 184
2010,14135080,135,CH4 ,10PPBC, 6,30, 182, 182, 182, 180, 179, 177, 178, 178, 177, 177, 178, 177, 176, 176, 177, 181, 186, 184, 185, 186, 186, 185, 184, 182
2010,14135080,135,CH4 ,10PPBC, 6,31,9998,9998,9998,9998,9998,9998,9998,9998,9998,9998,9998,9998,9998,9998,9998,9998,9998,9998,9998,9998,9998,9998,9998,9998
2010,14135080,135,CH4 ,10PPBC, 7, 1, 181, 182, 182, 183, 183, 180, 181, 180, 195, 203, 197, 194, 197, 198, 187, 176, 175, 175, 174, 178, 177, 178, 178, 183
2010,14135080,135,CH4 ,10PPBC, 7, 2, 182, 181, 184, 184, 185, 185, 189, 188, 190, 195, 204, 190, 183, 177, 176, 175, 174, 174, 175, 175, 176, 179, 186, 187
2010,14135080,135,CH4 ,10PPBC, 7, 3, 187, 189, 189, 190, 191, 193, 195, 194, 192, 194, 192, 187, 182, 180, 177, 178, 178, 177, 178, 178, 176, 176, 177, 178
2010,14135080,135,CH4 ,10PPBC, 7, 4, 179, 177, 178, 178, 181, 182, 192, 189, 188, 190, 190, 189, 188, 186, 189, 189, 183, 182, 180, 181, 183, 186, 191, 191
2010,14135080,135,CH4 ,10PPBC, 7, 5, 198, 213, 233, 230, 199, 189, 187, 189, 192, 192, 185, 190, 186, 183, 181, 180, 181, 183, 183, 184, 187, 186, 187, 188
2010,14135080,135,CH4 ,10PPBC, 7, 6,9999,9999, 187, 188, 186, 188, 189, 190, 191, 191,9999,9999, 189, 189, 186, 185, 184, 187, 190, 193, 195, 196, 197, 197
2010,14135080,135,CH4 ,10PPBC, 7, 7, 194, 194, 195, 195, 200, 193, 192, 193, 192, 191, 191, 195, 192, 192, 189, 190, 188, 185, 185, 186, 184, 184, 183, 185
2010,14135080,135,CH4 ,10PPBC, 7, 8, 186, 188, 192, 192, 193, 195, 197, 194, 191, 187, 187, 184, 181, 181, 182, 185, 187, 187, 185, 182, 182, 184, 182, 183
2010,14135080,135,CH4 ,10PPBC, 7, 9, 178, 175, 176, 177, 179, 179, 188, 190, 188, 188, 189, 189, 186, 183, 179, 177, 178, 179, 177, 176, 176, 175, 173, 174
2010,14135080,135,CH4 ,10PPBC, 7,10, 175, 177, 177, 178, 180, 181, 180, 179, 180, 180, 180, 180, 179, 179, 180, 181, 181, 182, 183, 184, 184, 186, 189, 193
2010,14135080,135,CH4 ,10PPBC, 7,11, 200, 200, 198, 197, 197, 199, 199, 197, 193, 190, 189, 188, 187, 182, 179, 175, 175, 173, 173, 172, 172, 172, 172, 171
2010,14135080,135,CH4 ,10PPBC, 7,12, 171, 171, 171, 170, 171, 171, 171, 172, 171, 172, 173, 172, 172, 172, 172, 172, 172, 173, 173, 174, 173, 174, 173, 175
2010,14135080,135,CH4 ,10PPBC, 7,13,9999,9999, 172, 175, 194, 198, 197, 197, 188, 186, 187, 188, 187, 187, 186, 185, 186, 186, 186, 186, 188, 188, 190, 190
2010,14135080,135,CH4 ,10PPBC, 7,14, 191, 190, 190, 190, 190, 191, 191, 191, 190,9999,9999,9999, 170, 171, 171, 171, 172, 172, 172, 173, 172, 173, 172, 173
2010,14135080,135,CH4 ,10PPBC, 7,15, 173, 172, 172, 172, 172, 172, 173, 175, 173, 172, 172, 172, 172, 172, 172, 171, 172, 172, 173, 173, 173, 174, 174, 173
2010,14135080,135,CH4 ,10PPBC, 7,16, 173, 173, 173, 173, 176, 178, 191, 189, 185, 180, 174, 172, 171, 173, 172, 172, 172, 171, 172, 172, 174, 174, 174, 174
2010,14135080,135,CH4 ,10PPBC, 7,17, 174, 174, 174, 174, 173, 173, 175, 177, 174, 173, 173, 172, 172, 172, 173, 173, 172, 172, 173, 173, 173, 174, 175, 175
2010,14135080,135,CH4 ,10PPBC, 7,18, 174, 174, 174, 174, 175, 175, 177, 177, 175, 173, 173, 172, 173, 172, 172, 172, 172, 171, 172, 173, 173, 173, 175, 174
2010,14135080,135,CH4 ,10PPBC, 7,19, 174, 174, 175, 174, 175, 176, 177, 176, 177, 175, 174, 174, 173, 173, 173, 174, 173, 174, 175, 175, 176, 175, 176, 177
2010,14135080,135,CH4 ,10PPBC, 7,20, 177, 178, 179, 180, 191, 194, 189, 188, 187, 185, 182, 181, 181, 178, 177, 176, 176, 175, 175, 176, 177, 177, 180, 179
2010,14135080,135,CH4 ,10PPBC, 7,21,9999,9999, 178, 179, 181, 187, 200, 192, 187, 188, 186, 186,9999,9999, 189, 182, 181, 179, 177, 177, 178, 179, 179, 181
2010,14135080,135,CH4 ,10PPBC, 7,22, 180, 179, 180, 180, 191, 201, 201, 200, 195, 191, 185, 182, 181, 177, 175, 176, 175, 176, 174, 173, 173, 174, 175, 174
2010,14135080,135,CH4 ,10PPBC, 7,23, 174, 174, 174, 175, 183, 187, 186, 187, 184, 181, 180, 179, 177, 184, 185, 181, 181, 178, 175, 174, 174, 174, 174, 175
2010,14135080,135,CH4 ,10PPBC, 7,24, 175, 179, 186, 185, 183, 184, 184, 183, 182, 181, 181, 180, 179, 182, 183, 181, 180, 176, 176, 179, 176, 177, 177, 178
2010,14135080,135,CH4 ,10PPBC, 7,25, 178, 177, 178, 177, 176, 177, 176, 180, 183, 185, 183, 181, 180, 175, 173, 174, 174, 176, 177, 177, 176, 179, 179, 179
2010,14135080,135,CH4 ,10PPBC, 7,26, 180, 181, 182, 182, 182, 180, 180, 181, 179, 179, 178, 181, 178, 173, 173, 173, 172, 173, 174, 177, 177, 177, 181, 183
2010,14135080,135,CH4 ,10PPBC, 7,27, 184, 184, 185, 186, 183, 179, 180, 179, 178, 176, 173, 171, 171, 171, 172, 172, 172, 172, 172, 174, 174, 174, 175, 174
2010,14135080,135,CH4 ,10PPBC, 7,28,9999,9999, 184, 184, 185, 184, 181, 177, 174, 172, 172,9999,9999, 173, 172, 173, 173, 173, 173, 174, 175, 175, 175, 174
2010,14135080,135,CH4 ,10PPBC, 7,29, 175, 174, 174, 174, 174, 174, 174, 174, 174, 174, 173, 172, 171, 172, 172, 171, 171, 171, 173, 172, 171, 170, 170, 170
2010,14135080,135,CH4 ,10PPBC, 7,30, 171, 170, 169, 170, 170, 169, 170, 170, 171, 172, 170, 170, 169, 170, 171, 171, 170, 170, 171, 171, 172, 173, 175, 174
2010,14135080,135,CH4 ,10PPBC, 7,31, 176, 179, 178, 180, 181, 183, 189, 187, 180, 176, 175, 183, 182, 176, 173, 174, 174, 175, 176, 176, 178, 179, 180, 180
2010,14135080,135,CH4 ,10PPBC, 8, 1, 180, 181, 181, 182, 185, 189, 192, 193, 191, 188, 187, 183, 178, 176, 176, 177, 178, 179, 178, 178, 180, 177, 175, 174
2010,14135080,135,CH4 ,10PPBC, 8, 2, 173, 173, 172, 173, 171, 171, 171, 172, 171, 171, 172, 171, 170, 171, 170, 169, 169, 169, 171, 172, 171, 172, 171, 172
2010,14135080,135,CH4 ,10PPBC, 8, 3, 171, 171, 171, 170, 170, 171, 170, 170, 171, 171,9999,9999, 171, 170, 170, 170, 170, 171, 171, 172, 172, 172, 172, 172
2010,14135080,135,CH4 ,10PPBC, 8, 4, 171, 171, 171, 171, 172, 171, 171, 171, 171, 171, 171, 171, 171, 172, 170, 171, 171, 171, 171, 170, 171, 171, 171, 172
2010,14135080,135,CH4 ,10PPBC, 8, 5, 172, 172, 171, 171, 171, 171, 172, 172, 172, 171, 171, 171, 170, 171, 171, 172, 171, 171, 171, 171, 171, 172, 172, 172
2010,14135080,135,CH4 ,10PPBC, 8, 6, 171, 171, 172, 172, 171, 173, 172, 173, 172, 172, 171, 171, 172, 171, 172, 173, 173, 174, 175, 175, 175, 175, 176, 175
2010,14135080,135,CH4 ,10PPBC, 8, 7, 176, 176, 176, 175, 177, 177, 178, 177, 176, 176, 177, 177, 177, 176, 176, 176, 175, 175, 175, 174, 172, 174, 175, 176
2010,14135080,135,CH4 ,10PPBC, 8, 8, 176, 176, 177, 179, 179, 181, 182, 182, 179, 176, 175, 174, 173, 172, 173, 173, 172, 173, 172, 173, 173, 173, 173, 172
2010,14135080,135,CH4 ,10PPBC, 8, 9, 171, 171, 171, 172, 172, 173, 174, 177, 178, 175, 176, 176, 174, 173, 173, 172, 172, 172, 172, 173, 173, 174, 174, 173
2010,14135080,135,CH4 ,10PPBC, 8,10,9999,9999, 171, 171, 172, 173, 173, 172, 172, 170, 170, 170, 170, 170, 170, 170, 170, 170, 170, 170, 171, 172, 171, 171
2010,14135080,135,CH4 ,10PPBC, 8,11, 170, 170, 169, 169, 170, 170, 169, 169, 169, 169,9999,9999,9999, 169, 168, 169, 169, 169, 169, 169, 170, 170, 169, 170
2010,14135080,135,CH4 ,10PPBC, 8,12, 169, 168, 169, 169, 169, 169, 169, 169, 169, 169, 169, 171, 171, 173, 174, 175, 174, 172, 174, 175, 176, 178, 179, 177
2010,14135080,135,CH4 ,10PPBC, 8,13, 179, 180, 180, 180, 181, 183, 185, 182, 181, 182, 182, 187, 181, 183, 190, 186, 179, 181, 182, 181, 184, 198, 195, 193
2010,14135080,135,CH4 ,10PPBC, 8,14, 191, 191, 190, 188, 187, 186, 190, 193, 196, 193, 188, 179, 174, 174, 175, 175, 175, 175, 175, 177, 176, 175, 175, 176
2010,14135080,135,CH4 ,10PPBC, 8,15, 176, 177, 176, 175, 175, 175, 175, 176, 178, 178, 177, 174, 173, 173, 175, 175, 175, 173, 173, 173, 174, 175, 175, 175
2010,14135080,135,CH4 ,10PPBC, 8,16, 176, 181, 190, 192, 196, 196, 196, 188, 184, 184, 186, 185, 185, 185, 184, 184, 180, 179, 180, 181, 180, 182, 178, 177
2010,14135080,135,CH4 ,10PPBC, 8,17, 179, 182, 185, 191, 201, 198, 189, 186, 185, 185, 182, 180, 181, 181, 177, 177, 176, 176, 176, 176, 175, 175, 176, 182
2010,14135080,135,CH4 ,10PPBC, 8,18,9999,9999, 181, 182, 183, 184, 186, 183, 181, 179, 179,9999,9999, 181, 180, 176, 174, 175, 175, 175, 177, 177, 184, 179
2010,14135080,135,CH4 ,10PPBC, 8,19, 179, 178, 179, 180, 180, 180, 180, 180, 181, 183, 184, 182, 181, 180, 182, 187, 181, 182, 185, 186, 184, 185, 185, 184
2010,14135080,135,CH4 ,10PPBC, 8,20, 185, 185, 186, 185, 188, 190, 189, 190, 190, 190, 190, 188, 187, 187, 186, 193, 187, 186, 186, 186, 186, 186, 185, 187
2010,14135080,135,CH4 ,10PPBC, 8,21, 187, 188, 189, 191, 193, 191, 193, 192, 191, 189, 190, 190, 190, 187, 186, 183, 182, 181, 181, 180, 180, 181, 181, 180
2010,14135080,135,CH4 ,10PPBC, 8,22, 180, 181, 181, 180, 181, 181, 181, 180, 180, 180, 179, 178, 177, 177, 177, 177, 178, 178, 179, 180, 179, 179, 180, 180
2010,14135080,135,CH4 ,10PPBC, 8,23, 179, 180, 180, 179, 180, 184, 183, 184, 184, 181, 180, 179, 176, 176, 176, 176, 177, 177, 177, 177, 178, 177, 178, 177
2010,14135080,135,CH4 ,10PPBC, 8,24, 178, 177, 177, 178, 177, 177, 177, 177, 179,9999,9999, 176, 176, 176, 175, 176, 176, 175, 176, 176, 176, 177, 178, 178
2010,14135080,135,CH4 ,10PPBC, 8,25, 177, 179, 179, 181, 181, 184, 181, 180, 179, 179, 178, 177, 176, 175, 175, 176, 175, 175, 175, 176, 176, 177, 177, 179
2010,14135080,135,CH4 ,10PPBC, 8,26, 184, 183, 181, 183, 185, 185, 184, 182, 180, 178, 177, 178, 176, 176, 175, 176, 176, 177, 177, 178, 178, 178, 179, 179
2010,14135080,135,CH4 ,10PPBC, 8,27, 179, 178, 179, 185, 191, 194, 195, 190, 186, 185, 183, 182, 182, 180, 178, 176, 173, 172, 171, 171, 171, 172, 173, 172
2010,14135080,135,CH4 ,10PPBC, 8,28, 173, 172, 173, 172, 174, 178, 181, 181, 181, 180, 179, 177, 173, 172, 171, 171, 172, 173, 173, 172, 173, 173, 174, 174
2010,14135080,135,CH4 ,10PPBC, 8,29, 176, 176, 178, 178, 178, 179, 181, 179, 174, 175, 175, 175, 175, 173, 172, 172, 172, 172, 172, 173, 173, 176, 176, 175
2010,14135080,135,CH4 ,10PPBC, 8,30, 176, 177, 178, 189, 192, 192, 190, 189, 186, 184, 184, 196, 197, 187, 183, 182, 180, 176, 174, 173, 174, 176, 176, 176
2010,14135080,135,CH4 ,10PPBC, 8,31,9999,9999, 179, 182, 189, 195, 196, 192, 186, 193, 204,9999,9999,9999, 178, 176, 173, 173, 174, 178, 177, 176, 177, 176
2010,14135080,135,CH4 ,10PPBC, 9, 1, 173, 172, 172, 172, 172, 173, 178, 177, 174, 174, 174, 175, 175, 182, 177, 172, 173, 175, 177, 180, 178, 178, 178, 177
2010,14135080,135,CH4 ,10PPBC, 9, 2, 178, 178, 178, 178, 178, 179, 180, 179, 178, 179, 178, 180, 180, 179, 178, 178, 178, 179, 178, 178, 178, 178, 178, 178
2010,14135080,135,CH4 ,10PPBC, 9, 3, 178, 178, 179, 181, 182, 182, 184, 182, 181, 180, 179, 178, 177, 177, 177, 176, 176, 178, 178, 178, 179, 180, 180, 181
2010,14135080,135,CH4 ,10PPBC, 9, 4, 182, 182, 181, 177, 179, 179, 179, 181, 180, 180, 178, 179, 179, 182, 183, 181, 179, 178, 177, 178, 178, 178, 178, 178
2010,14135080,135,CH4 ,10PPBC, 9, 5, 178, 178, 178, 177, 176, 178, 180, 182, 180, 178, 178, 176, 176, 176, 176, 175, 176, 174, 175, 175, 175, 176, 176, 176
2010,14135080,135,CH4 ,10PPBC, 9, 6, 175, 174, 172, 171, 171, 171, 172, 172, 172, 171, 171, 172,9999,9999, 170, 169, 169, 170, 172, 172, 172, 170, 170, 171
2010,14135080,135,CH4 ,10PPBC, 9, 7, 170, 170, 171, 170, 169, 170, 170, 171, 172, 171, 171, 171, 171, 171, 170, 170, 171, 170, 172, 173, 172, 173, 176, 178
2010,14135080,135,CH4 ,10PPBC, 9, 8, 177, 178, 177, 180, 181, 181, 181, 180, 181, 186, 188, 189, 180, 184, 185, 183, 181, 180, 178, 178, 178, 178, 178, 180
2010,14135080,135,CH4 ,10PPBC, 9, 9, 181, 182, 181, 181, 182, 182, 182, 183, 183, 183, 182, 183, 182, 182, 181, 181, 183, 184, 184, 185, 185, 187, 186, 188
2010,14135080,135,CH4 ,10PPBC, 9,10, 189, 187, 186, 189, 186, 189, 191, 188, 189, 189, 194, 191, 186, 185, 184, 184, 183, 182, 182, 180, 181, 182, 182, 184
2010,14135080,135,CH4 ,10PPBC, 9,11, 185, 187, 187, 188, 189, 191, 194, 193, 190, 187, 186, 185, 186, 184, 181, 180, 180, 179, 181, 180, 182, 183, 183, 183
2010,14135080,135,CH4 ,10PPBC, 9,12, 187, 187, 190, 187, 193, 193, 198, 198, 197, 204, 207, 196, 185, 182, 181, 182, 181, 194, 183, 184, 185, 187, 188, 187
2010,14135080,135,CH4 ,10PPBC, 9,13,9999,9999, 189, 186, 186, 184, 184, 184, 185, 184, 184, 179, 178, 178, 179, 179, 178, 179, 181, 182, 185, 185, 184, 184
2010,14135080,135,CH4 ,10PPBC, 9,14, 180, 180, 180, 181, 181, 182, 182, 182, 182, 182,9999, 184, 185, 184, 182, 181, 182, 183, 183, 183, 185, 182, 183, 183
2010,14135080,135,CH4 ,10PPBC, 9,15, 183, 183, 183, 183, 183, 184, 184, 183, 183, 183, 185, 184, 184, 184, 184, 184, 183, 183, 184, 183, 184, 185, 186, 187
2010,14135080,135,CH4 ,10PPBC, 9,16, 186, 185, 185, 184, 185, 187, 186, 185, 184, 184, 182, 182, 182, 182, 183, 182, 183, 183, 183, 182, 184, 185, 186, 186
2010,14135080,135,CH4 ,10PPBC, 9,17, 189, 188, 187, 188, 189, 189, 189, 188, 183, 183, 182, 182, 183, 185, 186, 192, 193, 189, 186, 185, 187, 188, 192, 191
2010,14135080,135,CH4 ,10PPBC, 9,18, 191, 189, 186, 190, 188, 187, 186, 186, 185, 183, 183, 183, 182, 182, 184, 187, 186, 184, 182, 183, 185, 185, 186, 186
2010,14135080,135,CH4 ,10PPBC, 9,19, 188, 190, 191, 191, 187, 188, 189, 188, 188, 188, 186, 185, 183, 181, 179, 179, 179, 180, 180, 180, 181, 182, 183, 185
2010,14135080,135,CH4 ,10PPBC, 9,20, 184, 188, 187, 191, 192, 200, 203, 200, 196, 191, 189, 188, 188, 190, 191, 191, 192, 188, 187, 188, 188, 188, 188, 188
2010,14135080,135,CH4 ,10PPBC, 9,21,9999,9999, 192, 190, 190, 189, 190, 190, 187, 186, 186, 186, 185, 186, 190, 189, 187, 188, 189, 188, 189, 189, 191, 194
2010,14135080,135,CH4 ,10PPBC, 9,22, 196, 195, 194, 193, 195, 194, 194, 195, 192, 187,9999,9999, 180, 179, 179, 179, 182, 181, 181, 181, 188, 186, 185, 184
2010,14135080,135,CH4 ,10PPBC, 9,23, 185, 185, 185, 184, 185, 184, 185, 185, 185, 185, 184, 185, 185, 185, 185, 185, 184, 185, 185, 186, 186, 187, 186, 186
2010,14135080,135,CH4 ,10PPBC, 9,24, 186, 186, 187, 188, 189, 190, 191, 190, 188, 188, 186, 186, 185, 186, 185, 185, 185, 184, 186, 186, 186, 187, 187, 187
2010,14135080,135,CH4 ,10PPBC, 9,25, 186, 186, 185, 187, 185, 185, 185, 186, 186, 186, 185, 186, 184, 184, 184, 184, 185, 187, 192, 189, 188, 189, 190, 189
2010,14135080,135,CH4 ,10PPBC, 9,26, 191, 190, 190, 190, 189, 192, 194, 194, 190, 188, 189, 188, 189, 192, 190, 189, 189, 187, 188, 191, 189, 190, 191, 191
2010,14135080,135,CH4 ,10PPBC, 9,27, 190, 189, 191, 189, 186, 185, 186, 187, 186, 185, 183, 184,9999,9999, 180, 180, 181, 181, 182, 182, 183, 184, 185, 186
2010,14135080,135,CH4 ,10PPBC, 9,28, 184, 184, 183, 182, 184, 184, 184, 185, 187, 187, 186, 187, 189, 194, 184, 183, 184, 187, 192, 194, 200, 202, 205, 203
2010,14135080,135,CH4 ,10PPBC, 9,29, 192, 184, 182, 183, 184, 184, 183, 184, 184, 184, 184, 184, 184, 185, 189, 189, 188, 188, 188, 186, 189, 197, 205, 201
2010,14135080,135,CH4 ,10PPBC, 9,30, 200, 198, 194, 189, 190, 189, 190, 191, 192, 191, 190, 188, 189, 188, 188, 189, 187, 187, 188, 190, 191, 190, 188, 190
2010,14135080,135,CH4 ,10PPBC, 9,31,9998,9998,9998,9998,9998,9998,9998,9998,9998,9998,9998,9998,9998,9998,9998,9998,9998,9998,9998,9998,9998,9998,9998,9998
2010,14135080,135,CH4 ,10PPBC,10, 1, 188, 188, 187, 186, 185, 185, 187, 187, 188, 187, 185, 185, 183, 183, 183, 183, 183, 187, 193, 197, 188, 187, 193, 195
2010,14135080,135,CH4 ,10PPBC,10, 2, 195, 194, 193, 190, 190, 191, 190, 191, 187, 185, 184, 183, 182, 183, 183, 183, 183, 185, 185, 187, 188, 188, 190, 188
2010,14135080,135,CH4 ,10PPBC,10, 3, 190, 191, 190, 190, 190, 191, 191, 189, 187, 186, 185, 184, 183, 183, 184, 183, 194, 207, 191, 186, 187, 188, 188, 188
2010,14135080,135,CH4 ,10PPBC,10, 4,9999,9999, 191, 190, 191, 190, 189, 188, 189, 188, 190, 190, 191, 190, 188, 188, 189, 189, 189, 189, 190, 193, 193, 195
2010,14135080,135,CH4 ,10PPBC,10, 5, 195, 193, 191, 188, 188, 186, 185, 186, 188,9999,9999, 194, 190, 187, 186, 186, 187, 189, 189, 190, 194, 194, 193, 193
2010,14135080,135,CH4 ,10PPBC,10, 6, 194, 192, 189, 188, 187, 185, 188, 188, 185, 185, 184, 185, 185, 184, 185, 185, 185, 185, 186, 188, 188, 187, 189, 190
2010,14135080,135,CH4 ,10PPBC,10, 7, 190, 192, 191, 189, 188, 190, 191, 191, 189, 189, 187, 185, 185, 184, 185, 185, 186, 185, 186, 185, 187, 187, 187, 186
2010,14135080,135,CH4 ,10PPBC,10, 8, 187, 187, 188, 189, 190, 191, 192, 194, 192, 189, 186, 186, 185, 185, 185, 186, 185, 187, 187, 187, 187, 187, 187, 185
2010,14135080,135,CH4 ,10PPBC,10, 9, 187, 188, 188, 186, 185, 186, 187, 187, 187, 186, 186, 186, 185, 185, 185, 185, 186, 185, 184, 184, 186, 187, 186, 185
2010,14135080,135,CH4 ,10PPBC,10,10, 185, 184, 184, 187, 188, 187, 187, 189, 189, 188, 186, 184, 184, 184, 183, 183, 185, 188, 195, 199, 202, 200, 204, 211
2010,14135080,135,CH4 ,10PPBC,10,11, 202, 200, 191, 188, 187, 187, 188, 185, 182, 181, 180, 181, 181, 181, 180, 183, 185, 186, 189, 190, 193, 192, 194, 197
2010,14135080,135,CH4 ,10PPBC,10,12,9999,9999, 200, 194, 193, 191, 192, 199, 201, 199, 198, 197, 193, 193, 189, 190, 188, 186, 186, 188, 192, 195, 196, 201
2010,14135080,135,CH4 ,10PPBC,10,13, 202, 197, 196, 196, 197, 198, 198, 195, 192, 192, 189, 187, 187,9999,9999,9999, 185, 186, 186, 185, 187, 191, 198, 226
2010,14135080,135,CH4 ,10PPBC,10,14, 225, 193, 189, 186, 186, 186, 187, 188, 188, 187, 187, 187, 186, 185, 186, 186, 186, 186, 186, 188, 189, 189, 187, 187
2010,14135080,135,CH4 ,10PPBC,10,15, 187, 189, 187, 187, 188, 189, 190, 190, 189, 188, 188, 187, 186, 185, 190, 190, 189, 188, 188, 193, 194, 194, 196, 198
2010,14135080,135,CH4 ,10PPBC,10,16, 192, 187, 189, 186, 184, 186, 186, 187, 188, 186, 185, 186, 186, 188, 188, 187, 185, 188, 188, 190, 192, 195, 203, 204
2010,14135080,135,CH4 ,10PPBC,10,17, 201, 197, 197, 190, 191, 190, 191, 190, 189, 188, 188, 187, 188, 187, 186, 187, 186, 187, 189, 192, 193, 196, 197, 190
2010,14135080,135,CH4 ,10PPBC,10,18, 191, 194, 195, 192, 191, 190, 189, 190, 190, 189, 189, 189, 187, 187, 186, 186, 186, 187, 188, 188, 188, 188, 188, 188
2010,14135080,135,CH4 ,10PPBC,10,19, 188, 189, 189, 189, 190, 190, 190, 189, 190, 189, 188, 188, 187, 187, 187, 187, 186, 187, 187, 187, 188, 189, 189, 188
2010,14135080,135,CH4 ,10PPBC,10,20,9999,9999, 188, 189, 189, 189, 189, 191, 192,9999,9999,9999, 189, 188, 188, 188, 187, 188, 189, 189, 191, 193, 193, 194
2010,14135080,135,CH4 ,10PPBC,10,21, 192, 190, 190, 190, 190, 190, 196, 198, 198, 195, 192, 192, 190, 188, 189, 187, 187, 187, 189, 189, 188, 189, 189, 189
2010,14135080,135,CH4 ,10PPBC,10,22, 189, 191, 187, 185, 185, 189, 190, 186, 185, 185, 185, 185, 184,9999, 184, 184, 184, 186, 185, 185, 185, 186, 186, 186
2010,14135080,135,CH4 ,10PPBC,10,23, 186, 188, 188, 188, 188, 189, 189, 189, 189, 187, 185, 184, 185, 185, 184, 185, 185, 186, 188, 189, 193, 194, 195, 194
2010,14135080,135,CH4 ,10PPBC,10,24, 194, 192, 192, 191, 192, 191, 193, 192, 192, 190, 189, 189, 189, 188, 189, 189, 190, 189, 191, 192, 194, 193, 191, 192
2010,14135080,135,CH4 ,10PPBC,10,25, 192, 191, 189, 186, 185, 185, 184, 186, 187, 187, 186, 187, 185, 186, 186, 188, 190, 200, 212, 221, 224, 211, 201, 190
2010,14135080,135,CH4 ,10PPBC,10,26, 186, 185, 186, 187, 186, 188, 189, 190, 191,9999,9999, 185, 184, 185, 187, 185, 185, 187, 187, 188, 187, 188, 187, 187
2010,14135080,135,CH4 ,10PPBC,10,27, 188, 188, 187, 187, 187, 187, 187, 188, 188, 188, 188, 187, 187, 186, 186, 187, 188, 188, 188, 188, 189, 190, 192, 193
2010,14135080,135,CH4 ,10PPBC,10,28, 191, 189, 189, 189, 188, 189, 190, 189, 189, 188, 187, 187, 186, 187, 187, 187,9999,9999, 187, 187, 187, 188, 188, 188
2010,14135080,135,CH4 ,10PPBC,10,29, 188, 190, 190, 189, 188, 187, 187, 186, 188, 190, 187, 187, 186, 187, 187, 187, 187, 187, 187, 188, 189, 190, 193, 192
2010,14135080,135,CH4 ,10PPBC,10,30, 191, 190, 189, 188, 188, 187, 187, 187, 186, 188, 187, 187, 187, 188, 188, 187, 186, 187, 186, 186, 185, 185, 185, 185
2010,14135080,135,CH4 ,10PPBC,10,31, 185, 185, 185, 184, 185, 184, 187, 189, 188, 185, 185, 185, 184, 185, 184, 184, 185, 187, 186, 187, 187, 187, 188, 188
2010,14135080,135,CH4 ,10PPBC,11, 1, 188, 187, 186, 185, 183, 183, 183, 184, 185, 185, 182, 182, 183, 183, 184, 183, 185, 186, 191, 207, 205, 199, 199, 197
2010,14135080,135,CH4 ,10PPBC,11, 2, 198, 196, 190, 187, 187, 186, 187, 187, 186, 185,9999,9999, 182, 183, 182, 182, 183, 184, 186, 188, 190, 194, 196, 192
2010,14135080,135,CH4 ,10PPBC,11, 3, 189, 185, 185, 187, 187, 188, 188, 188, 188, 187, 187, 186, 186, 186, 186, 186, 185, 185, 187, 188, 188, 189, 188, 187
2010,14135080,135,CH4 ,10PPBC,11, 4, 188, 190, 189, 188, 191, 190, 190, 191, 191, 192, 192, 189, 191, 191, 191, 192, 191, 193, 197, 199, 199, 199, 196, 195
2010,14135080,135,CH4 ,10PPBC,11, 5, 195, 194, 194, 194, 196, 195, 195, 194, 192, 192, 189, 186, 186, 186, 190, 190, 189, 190, 198, 202, 200, 202, 198, 195
2010,14135080,135,CH4 ,10PPBC,11, 6, 194, 192, 190, 190, 189, 189, 192, 192, 192, 194, 189, 188, 188, 187, 194, 195, 189, 190, 197, 200, 203, 203, 201, 192
2010,14135080,135,CH4 ,10PPBC,11, 7, 192, 191, 190, 187, 189, 188, 187, 189, 189, 189, 191, 190, 188, 188, 187, 187, 188, 194, 200, 204, 203, 200, 199, 197
2010,14135080,135,CH4 ,10PPBC,11, 8, 194, 194, 194, 194, 192, 191, 193, 195, 197, 192, 190, 190, 191, 192, 187, 187, 191, 194, 200, 198, 197, 197, 198, 199
2010,14135080,135,CH4 ,10PPBC,11, 9,9999,9999, 200, 201, 200, 201, 201, 202, 206, 192, 185,9999,9999, 184, 184, 184, 186, 187, 188, 189, 190, 194, 197, 202
2010,14135080,135,CH4 ,10PPBC,11,10, 201, 201, 200, 200, 197, 198, 199, 199, 198, 193, 191, 195, 192, 189, 188, 187, 188, 189, 187, 188, 189, 190, 191, 194
2010,14135080,135,CH4 ,10PPBC,11,11, 196, 194, 194, 193, 193, 191, 192, 195, 195, 192, 192, 189, 188, 189, 190, 189, 190, 193, 200, 204, 211, 209, 209, 210
2010,14135080,135,CH4 ,10PPBC,11,12, 204, 199, 199, 197, 198, 198, 199, 202, 200, 200, 198, 196, 191, 188, 189, 187, 187, 192, 190, 192, 197, 202, 207, 207
2010,14135080,135,CH4 ,10PPBC,11,13, 207, 205, 199, 197, 196, 195, 195, 196, 197, 197, 197, 194, 192, 191, 192, 191, 192, 195, 200, 199, 203, 202, 201, 199
2010,14135080,135,CH4 ,10PPBC,11,14, 197, 197, 198, 198, 198, 198, 197, 198, 199, 197, 196, 194, 191, 190, 193, 199, 197, 203, 205, 207, 207, 202, 201, 202
2010,14135080,135,CH4 ,10PPBC,11,15, 201, 201, 199, 198, 197, 196, 195, 199, 194, 189, 188, 188, 190, 192, 190, 189, 188, 188, 189, 189, 190, 191, 191, 191
2010,14135080,135,CH4 ,10PPBC,11,16,9999,9999, 193, 192, 191, 192, 193, 195, 192, 190, 189, 187,9999, 185, 185, 193, 194, 194, 192, 191, 193, 195, 201, 201
2010,14135080,135,CH4 ,10PPBC,11,17, 199, 194, 192, 191, 192, 193, 194, 192, 193, 188, 186, 187, 186, 185, 186, 187, 186, 187, 187, 188, 188, 186, 187, 188
2010,14135080,135,CH4 ,10PPBC,11,18, 189, 189, 188, 187, 187, 187, 187, 189, 191, 188, 186, 184, 184, 184, 184, 184, 184, 185, 188, 191, 190, 188, 190, 192
2010,14135080,135,CH4 ,10PPBC,11,19, 188, 188, 186, 187, 188, 191, 191, 193, 192, 187, 186, 185, 185, 185, 186, 186, 190, 202, 212, 212, 208, 196, 193, 191
2010,14135080,135,CH4 ,10PPBC,11,20, 191, 193, 191, 190, 190, 193, 192, 191, 190, 189, 187, 185, 184, 184, 185, 185, 187, 194, 198, 199, 197, 194, 191, 192
2010,14135080,135,CH4 ,10PPBC,11,21, 192, 190, 190, 192, 194, 195, 192, 190, 189, 186, 186, 185, 183, 183, 184, 186, 186, 188, 191, 195, 194, 190, 189, 187
2010,14135080,135,CH4 ,10PPBC,11,22, 186, 187, 186, 185, 185, 186, 187, 188, 189, 191,9999,9999,9999, 185, 186, 187, 187, 189, 189, 190, 190, 192, 189, 187
2010,14135080,135,CH4 ,10PPBC,11,23, 185, 185, 183, 182, 182, 181, 181, 181, 181, 183, 184, 185, 185, 185, 185, 185, 187, 188, 188, 186, 186, 186, 187, 187
2010,14135080,135,CH4 ,10PPBC,11,24, 186, 186, 186, 186, 186, 186, 186, 189, 188, 187, 186, 186, 187, 186, 187, 187, 190, 194, 200, 203, 200, 205, 205, 205
2010,14135080,135,CH4 ,10PPBC,11,25, 208, 203, 199, 197, 196, 196, 196, 197, 196, 193, 192, 190, 192, 192, 192, 193, 193, 193, 193, 193, 193, 192, 193, 191
2010,14135080,135,CH4 ,10PPBC,11,26, 193, 193, 191, 191, 190, 191, 193, 198, 199, 195, 193, 190, 188, 187, 187, 187, 205, 223, 209, 209, 205, 195, 189, 187
2010,14135080,135,CH4 ,10PPBC,11,27, 188, 186, 187, 185, 185, 186, 186, 188, 186, 187, 186, 186, 186, 186, 187, 191, 193, 193, 189, 197, 198, 200, 209, 205
2010,14135080,135,CH4 ,10PPBC,11,28, 205, 207, 205, 204, 202, 199, 195, 195, 194, 191, 189, 189, 186, 185, 184, 187, 191, 193, 189, 186, 186, 186, 186, 186
2010,14135080,135,CH4 ,10PPBC,11,29,9999,9999, 185, 184, 187, 189, 189, 193, 194, 187, 188, 187, 186, 185, 183, 185, 185, 193, 197, 199, 205, 206, 203, 203
2010,14135080,135,CH4 ,10PPBC,11,30, 199, 193, 191, 191, 191, 192, 195, 198, 200, 192, 188, 188, 189, 193, 190, 187, 189, 190, 192, 198, 201, 206, 196, 196
2010,14135080,135,CH4 ,10PPBC,11,31,9998,9998,9998,9998,9998,9998,9998,9998,9998,9998,9998,9998,9998,9998,9998,9998,9998,9998,9998,9998,9998,9998,9998,9998
2010,14135080,135,CH4 ,10PPBC,12, 1, 198, 200, 200, 200, 198, 197, 197, 199, 198,9999,9999, 189, 187, 186, 186, 188, 193, 205, 205, 202, 199, 198, 197, 197
2010,14135080,135,CH4 ,10PPBC,12, 2, 196, 197, 199, 199, 196, 196, 199, 202, 200, 199, 192, 189, 188, 189, 191, 191, 194, 193, 198, 202, 202, 196, 191, 192
2010,14135080,135,CH4 ,10PPBC,12, 3, 192, 189, 188, 188, 188, 188, 189, 191, 190, 190, 182, 183, 181, 181, 181, 181, 179, 179, 180, 182, 183, 185, 187, 187
2010,14135080,135,CH4 ,10PPBC,12, 4, 186, 185, 184, 184, 184, 185, 187, 191, 191, 187, 186, 185, 185, 185, 185, 185, 184, 185, 186, 186, 186, 187, 191, 191
2010,14135080,135,CH4 ,10PPBC,12, 5, 191, 192, 195, 193, 193, 192, 193, 193, 192, 194, 192, 190, 189, 188, 189, 192, 192, 196, 202, 207, 201, 192, 194, 193
2010,14135080,135,CH4 ,10PPBC,12, 6, 192, 192, 190, 190, 190, 190, 192, 191, 193, 193, 189, 190, 188, 189, 192, 187, 186, 187, 198, 203, 201, 199, 196, 196
2010,14135080,135,CH4 ,10PPBC,12, 7, 196, 196, 195, 197, 197, 199, 199, 195, 194, 197,9999,9999, 189, 186, 187, 187, 186, 187, 187, 188, 188, 187, 187, 187
2010,14135080,135,CH4 ,10PPBC,12, 8, 187, 187, 186, 186, 185, 186, 187, 189, 191, 188, 187, 186, 185, 185, 184, 186, 185, 186, 187, 187, 187, 188, 189, 190
2010,14135080,135,CH4 ,10PPBC,12, 9, 191, 192, 190, 190, 189, 189, 191, 191, 191, 190, 189, 188, 188, 188, 188, 188, 189, 192, 195, 201, 202, 204, 201, 196
2010,14135080,135,CH4 ,10PPBC,12,10, 192, 193, 193, 191, 189, 190, 191, 190, 192, 190, 188, 187, 188, 195, 191, 190, 189, 191, 192, 194, 201, 204, 205, 204
2010,14135080,135,CH4 ,10PPBC,12,11, 203, 205, 201, 196, 198, 198, 197, 198, 199, 196, 192, 186, 185, 184, 184, 183, 184, 185, 186, 196, 187, 190, 205, 203
2010,14135080,135,CH4 ,10PPBC,12,12, 200, 196, 194, 189, 187, 187, 188, 188, 188, 187, 186, 186, 186, 186, 187, 187, 189, 190, 194, 191, 190, 189, 188, 188
2010,14135080,135,CH4 ,10PPBC,12,13, 189, 189, 189, 189, 188, 188, 190, 191, 191,9999,9999,9999,9999,9999,9999,9999,9999,9999,9999,9999,9999,9999,9999,9999
2010,14135080,135,CH4 ,10PPBC,12,14,9999,9999,9999,9999,9999,9999,9999,9999,9999,9999,9999,9999,9999,9999, 190, 193, 203, 195, 197, 196, 201, 200, 207, 200
2010,14135080,135,CH4 ,10PPBC,12,15, 201, 201, 200, 199, 195, 197, 199, 194, 192, 188, 187, 187, 188, 189, 189, 188, 185, 187, 189, 189, 190, 190, 190, 189
2010,14135080,135,CH4 ,10PPBC,12,16, 191, 190, 190, 189, 189, 190, 190, 191, 192, 191, 191, 193, 193, 191, 191, 191, 191, 192, 192, 191, 194, 195, 197, 198
2010,14135080,135,CH4 ,10PPBC,12,17, 198, 198, 198, 200, 200, 198, 197, 198, 201, 195, 190, 187, 188, 188, 188, 193, 196, 205, 203, 211, 214, 215, 207, 204
2010,14135080,135,CH4 ,10PPBC,12,18, 196, 195, 195, 197, 197, 197, 195, 198, 201, 205, 196, 194, 192, 190, 188, 187, 188, 188, 189, 190, 189, 189, 190, 190
2010,14135080,135,CH4 ,10PPBC,12,19, 192, 191, 190, 191, 190, 191, 193, 194, 195, 193, 190, 189, 190, 190, 190, 189, 190, 191, 191, 192, 194, 195, 195, 194
2010,14135080,135,CH4 ,10PPBC,12,20, 192, 192, 193, 192, 193, 194, 195, 195, 198, 194, 189, 188, 189, 191, 190, 190, 198, 217, 213, 196, 196, 194, 192, 194
2010,14135080,135,CH4 ,10PPBC,12,21,9999,9999, 196, 197, 196, 193, 191, 193, 196, 198,9999,9999, 189, 188, 199, 197, 189, 190, 191, 191, 189, 188, 187, 186
2010,14135080,135,CH4 ,10PPBC,12,22, 186, 186, 187, 187, 186, 184, 183, 183, 186, 187, 184, 184, 182, 181, 183, 185, 185, 193, 188, 186, 187, 190, 191, 196
2010,14135080,135,CH4 ,10PPBC,12,23, 199, 195, 191, 190, 192, 190, 187, 187, 183, 183, 184, 182, 182, 183, 182, 183, 183, 188, 187, 188, 199, 197, 205, 204
2010,14135080,135,CH4 ,10PPBC,12,24, 206, 200, 202, 201, 201, 199, 199, 199, 200, 196, 191, 189, 187, 185, 185, 185, 185, 187, 188, 189, 189, 189, 188, 188
2010,14135080,135,CH4 ,10PPBC,12,25, 188, 188, 190, 189, 191, 191, 192, 193, 186, 182, 183, 183, 182, 182, 182, 182, 183, 184, 184, 184, 186, 187, 184, 184
2010,14135080,135,CH4 ,10PPBC,12,26, 183, 184, 186, 185, 182, 183, 183, 184, 184, 183, 182, 183, 182, 182, 181, 182, 182, 184, 185, 184, 186, 187, 187, 189
2010,14135080,135,CH4 ,10PPBC,12,27, 185, 183, 185, 187, 185, 186, 190, 195, 200, 199, 186, 183, 184, 183, 183, 183, 184, 187, 195, 202, 194, 194, 194, 196
2010,14135080,135,CH4 ,10PPBC,12,28,9999,9999, 202, 202, 198, 199, 198, 199, 201, 198, 195, 190, 188, 185, 184, 184, 186, 185, 185, 187, 185, 186, 192, 193
2010,14135080,135,CH4 ,10PPBC,12,29, 198, 199, 200, 199, 196, 196, 199, 200, 198, 194, 189, 187, 186, 187, 185, 185, 185, 186, 187, 187, 187, 188, 189, 192
2010,14135080,135,CH4 ,10PPBC,12,30, 192, 193, 193, 195, 196, 196, 196, 195, 196, 196, 201, 203, 203, 196, 193, 190, 189, 191, 187, 195, 191, 190, 190, 195
2010,14135080,135,CH4 ,10PPBC,12,31, 194, 194, 192, 192, 192, 193, 195, 196, 197, 192, 189, 186, 185, 185, 185, 186, 185, 188, 189, 190, 198, 198, 201, 200
2010,14135080,135,CH4 ,10PPBC, 1, 1, 203, 206, 201, 198, 197, 197, 196, 196, 192, 190, 188, 186, 186, 186, 185, 186, 186, 188, 188, 190, 194, 199, 207, 204
2010,14135080,135,CH4 ,10PPBC, 1, 2, 201, 200, 201, 200, 196, 195, 195, 194, 194, 197, 192, 187, 185, 185, 183, 183, 184, 185, 185, 186, 186, 187, 188, 191
2010,14135080,135,CH4 ,10PPBC, 1, 3, 192, 194, 193, 192, 192, 191, 190, 197, 191, 189, 188, 187, 185, 185, 187, 187, 188, 191, 194, 202, 203, 199, 196, 193
2010,14135080,135,CH4 ,10PPBC, 1, 4,9999,9999, 186, 187, 187, 188, 190, 196, 196, 189, 187, 186, 186, 184, 185, 185, 184, 186, 186, 192, 188, 189, 193, 193
2010,14135080,135,CH4 ,10PPBC, 1, 5, 192, 192, 191, 189, 188, 188, 189, 192, 191, 188, 190,9999, 183, 184, 184, 184, 184, 185, 185, 185, 186, 186, 187, 189
2010,14135080,135,CH4 ,10PPBC, 1, 6, 193, 193, 186, 184, 187, 185, 185, 186, 186, 185, 184, 184, 183, 183, 185, 184, 184, 185, 185, 185, 186, 187, 186, 187
2010,14135080,135,CH4 ,10PPBC, 1, 7, 186, 186, 185, 185, 185, 186, 186, 186, 186, 186, 186, 185, 185, 185, 184, 184, 184, 184, 184, 185, 187, 186, 185, 187
2010,14135080,135,CH4 ,10PPBC, 1, 8, 187, 187, 188, 188, 189, 188, 188, 190, 189, 190, 189, 186, 186, 185, 186, 184, 184, 186, 192, 200, 203, 204, 199, 196
2010,14135080,135,CH4 ,10PPBC, 1, 9, 197, 198, 199, 199, 197, 197, 195, 197, 195, 189, 186, 183, 182, 183, 185, 188, 190, 195, 189, 186, 187, 188, 187, 186
2010,14135080,135,CH4 ,10PPBC, 1,10, 186, 187, 187, 187, 187, 187, 187, 186, 187, 186, 186, 186, 186, 186, 187, 186, 186, 187, 188, 189, 190, 190, 190, 189
2010,14135080,135,CH4 ,10PPBC, 1,11, 189, 191, 189, 189, 188, 190, 190, 193, 193, 190, 188, 186, 186, 186, 186, 186, 186, 188, 196, 193, 194, 194, 197, 196
2010,14135080,135,CH4 ,10PPBC, 1,12,9999,9999, 193, 193, 194, 191, 193, 196, 198, 194,9999,9999, 190, 190, 190, 191, 193, 192, 186, 186, 187, 187, 187, 188
2010,14135080,135,CH4 ,10PPBC, 1,13, 189, 187, 187, 187, 187, 187, 187, 188, 190, 187, 186, 187, 186, 186, 185, 187, 186, 187, 189, 189, 189, 188, 189, 189
2010,14135080,135,CH4 ,10PPBC, 1,14, 189, 189, 189, 190, 191, 191, 193, 194, 196, 194, 193, 192, 191, 191, 194, 197, 194, 195, 200, 204, 203, 201, 202, 201
2010,14135080,135,CH4 ,10PPBC, 1,15, 197, 196, 195, 196, 196, 197, 197, 199, 201, 200, 198, 197, 194, 194, 193, 193, 197, 197, 198, 198, 198, 197, 196, 193
2010,14135080,135,CH4 ,10PPBC, 1,16, 190, 191, 191, 189, 187, 187, 187, 187, 188, 187, 187, 187, 186, 187, 186, 186, 186, 187, 191, 198, 200, 206, 209, 207
2010,14135080,135,CH4 ,10PPBC, 1,17, 200, 190, 195, 197, 193, 194, 197, 203, 206, 199, 189, 187, 185, 184, 184, 184, 184, 185, 186, 186, 187, 189, 195, 194
2010,14135080,135,CH4 ,10PPBC, 1,18, 193, 193, 194, 193, 195, 196, 196, 194, 194, 193,9999,9999, 184, 184, 187, 186, 187, 190, 197, 205, 207, 199, 188, 188
2010,14135080,135,CH4 ,10PPBC, 1,19, 193, 193, 192, 192, 192, 193, 194, 197, 196, 191, 191, 187, 185, 185, 186, 198, 190, 189, 194, 189, 188, 189, 191, 192
2010,14135080,135,CH4 ,10PPBC, 1,20, 190, 191, 198, 196, 195, 193, 192, 196, 197, 192, 187, 186, 185, 185, 187, 187, 185, 185, 186, 187, 186, 187, 187, 188
2010,14135080,135,CH4 ,10PPBC, 1,21, 187, 187, 187, 186, 186, 186, 186, 187, 187, 186, 184, 183, 187, 185, 185, 184, 185, 191, 195, 196, 187, 187, 187, 187
2010,14135080,135,CH4 ,10PPBC, 1,22, 187, 189, 188, 188, 188, 188, 189, 189, 191, 190, 187, 186, 184, 184, 186, 186, 184, 187, 194, 198, 191, 189, 192, 193
2010,14135080,135,CH4 ,10PPBC, 1,23, 196, 197, 197, 195, 195, 194, 194, 194, 194, 194, 194, 187, 186, 185, 185, 186, 188, 193, 194, 191, 191, 190, 188, 188
2010,14135080,135,CH4 ,10PPBC, 1,24, 188, 188, 188, 189, 188, 188, 189, 190, 190, 188, 188, 188, 187, 188, 189, 188, 188, 190, 190, 190, 189, 190, 190, 192
2010,14135080,135,CH4 ,10PPBC, 1,25,9999,9999, 192, 191, 190, 191, 194, 198, 197, 194, 189, 187, 187, 186, 187, 186, 186, 186, 187, 188, 190, 192, 189, 191
2010,14135080,135,CH4 ,10PPBC, 1,26, 194, 195, 194, 195, 195, 194, 197, 198, 198, 195, 191,9999,9999, 190, 190, 187, 187, 187, 191, 190, 188, 188, 188, 188
2010,14135080,135,CH4 ,10PPBC, 1,27, 189, 189, 190, 191, 192, 192, 195, 197, 196, 196, 191, 189, 187, 187, 187, 187, 187, 186, 187, 187, 187, 188, 188, 189
2010,14135080,135,CH4 ,10PPBC, 1,28, 187, 188, 188, 189, 191, 192, 193, 196, 194, 189, 187, 186, 186, 185, 185, 185, 185, 185, 186, 185, 187, 187, 186, 186
2010,14135080,135,CH4 ,10PPBC, 1,29, 187, 188, 186, 186, 186, 186, 185, 188, 187, 188, 187, 188, 188, 189, 189, 188, 188, 189, 192, 198, 196, 196, 197, 196
2010,14135080,135,CH4 ,10PPBC, 1,30, 197, 197, 196, 195, 196, 196, 197, 195, 186, 186, 185, 185, 185, 186, 188, 187, 188, 191, 187, 187, 188, 189, 190, 191
2010,14135080,135,CH4 ,10PPBC, 1,31, 190, 191, 191, 191, 191, 192, 197, 198, 193, 190, 187, 185, 185, 185, 185, 187, 187, 186, 189, 200, 202, 197, 205, 204
2010,14135080,135,CH4 ,10PPBC, 2, 1, 205, 204, 200, 200, 199, 195, 197, 199, 199, 197, 192,9999,9999, 185, 185, 186, 186, 184, 185, 186, 186, 187, 188, 186
2010,14135080,135,CH4 ,10PPBC, 2, 2, 186, 186, 187, 187, 188, 191, 190, 192, 192, 190, 190, 190, 192, 193, 197, 201, 191, 191, 194, 199, 206, 212, 209, 206
2010,14135080,135,CH4 ,10PPBC, 2, 3, 200, 197, 196, 196, 194, 195, 196, 200, 201, 198, 192, 189, 189, 190, 194, 191, 187, 189, 190, 192, 196, 194, 194, 200
2010,14135080,135,CH4 ,10PPBC, 2, 4, 205, 203, 200, 198, 196, 196, 195, 197, 196, 195, 193, 190, 187, 185, 184, 185, 184, 186, 202, 208, 208, 203, 205, 207
2010,14135080,135,CH4 ,10PPBC, 2, 5, 205, 199, 194, 194, 195, 193, 193, 193, 192, 193, 191, 190, 189, 188, 189, 191, 194, 197, 202, 210, 210, 212, 212, 209
2010,14135080,135,CH4 ,10PPBC, 2, 6, 203, 201, 201, 200, 199, 197, 197, 196, 200, 196, 195, 197, 193, 196, 200, 202, 202, 203, 197, 197, 198, 197, 196, 195
2010,14135080,135,CH4 ,10PPBC, 2, 7, 197, 198, 199, 201, 201, 201, 201, 202, 194, 187, 187, 187, 188, 188, 188, 188, 187, 187, 186, 187, 187, 187, 187, 187
2010,14135080,135,CH4 ,10PPBC, 2, 8,9999,9999, 185, 186, 186, 186, 187, 188, 188, 187,9999,9999, 190, 188, 188, 188, 188, 187, 188, 188, 190, 188, 187, 185
2010,14135080,135,CH4 ,10PPBC, 2, 9, 185, 187, 187, 187, 185, 186, 186, 188, 188, 190, 188, 188, 187, 185, 185, 186, 191, 195, 196, 198, 206, 199, 187, 188
2010,14135080,135,CH4 ,10PPBC, 2,10, 188, 187, 187, 186, 186, 186, 187, 188, 188, 188, 187, 186, 186, 187, 186, 186, 187, 187, 187, 187, 188, 187, 187, 187
2010,14135080,135,CH4 ,10PPBC, 2,11, 187, 187, 186, 186, 186, 186, 186, 187, 188, 188, 187, 188, 186, 188, 187, 188, 189, 188, 188, 190, 190, 187, 186, 187
2010,14135080,135,CH4 ,10PPBC, 2,12, 186, 185, 186, 186, 185, 185, 186, 186, 187, 187, 187, 187, 187, 187, 186, 186, 186, 187, 187, 186, 191, 193, 196, 196
2010,14135080,135,CH4 ,10PPBC, 2,13, 195, 194, 194, 192, 192, 190, 192, 190, 189, 189, 188, 186, 186, 186, 187, 186, 187, 187, 189, 191, 189, 191, 192, 192
2010,14135080,135,CH4 ,10PPBC, 2,14, 192, 192, 191, 191, 191, 192, 190, 192, 192, 191, 190, 189, 190, 190, 189, 190, 190, 190, 190, 192, 192, 191, 190, 191
2010,14135080,135,CH4 ,10PPBC, 2,15,9999,9999, 186, 187, 188, 189, 189, 190, 192, 193, 193,9999,9999, 186, 185, 185, 186, 187, 187, 188, 188, 188, 189, 193
2010,14135080,135,CH4 ,10PPBC, 2,16, 194, 195, 195, 194, 196, 195, 197, 198, 198, 193, 189, 189, 189, 194, 193, 189, 186, 187, 189, 192, 198, 198, 197, 198
2010,14135080,135,CH4 ,10PPBC, 2,17, 198, 198, 198, 198, 201, 198, 197, 200, 205, 204, 202, 204, 205, 198, 185, 183, 183, 183, 184, 186, 186, 187, 188, 186
2010,14135080,135,CH4 ,10PPBC, 2,18, 189, 194, 191, 190, 189, 188, 188, 188, 185, 185, 182, 182, 183, 183, 183, 183, 184, 185, 185, 186, 186, 186, 186, 186
2010,14135080,135,CH4 ,10PPBC, 2,19, 186, 186, 186, 186, 186, 186, 186, 185, 186, 186, 186, 187, 188, 189, 190, 189, 188, 188, 188, 190, 189, 189, 191, 193
2010,14135080,135,CH4 ,10PPBC, 2,20, 193, 194, 190, 189, 187, 187, 188, 190, 191, 191, 190, 190, 189, 188, 189, 188, 189, 191, 190, 191, 187, 187, 187, 187
2010,14135080,135,CH4 ,10PPBC, 2,21, 187, 186, 185, 186, 186, 187, 188, 187, 187, 186, 186, 184, 185, 185, 186, 186, 185, 186, 186, 187, 189, 188, 189, 189
2010,14135080,135,CH4 ,10PPBC, 2,22,9999,9999, 191, 194, 193, 195, 195, 197, 192, 189, 188, 187, 187, 186, 186, 185, 186, 187, 188, 188, 189, 189, 191, 193
2010,14135080,135,CH4 ,10PPBC, 2,23, 191, 189, 189, 190, 191, 190, 192, 192, 190, 188, 186,9999,9999, 188, 192, 187, 185, 186, 190, 196, 201, 203, 197, 203
2010,14135080,135,CH4 ,10PPBC, 2,24, 201, 193, 190, 189, 189, 189, 188, 191, 193, 199, 201, 197, 195, 189, 185, 185, 184, 184, 186, 186, 188, 191, 188, 186
2010,14135080,135,CH4 ,10PPBC, 2,25, 183, 182, 193, 197, 197, 193, 190, 192, 189, 182, 181, 181, 181, 181, 180, 181, 181, 182, 184, 185, 186, 186, 186, 186
2010,14135080,135,CH4 ,10PPBC, 2,26, 186, 186, 186, 186, 186, 187, 187, 188, 188, 187, 187, 188, 191, 190, 191, 193, 191, 189, 189, 191, 191, 196, 198, 200
2010,14135080,135,CH4 ,10PPBC, 2,27, 200, 197, 195, 194, 193, 192, 192, 193, 194, 193, 194, 192, 193, 192, 189, 185, 183, 185, 195, 193, 191, 191, 191, 190
2010,14135080,135,CH4 ,10PPBC, 2,28, 189, 188, 188, 188, 188, 187, 187, 188, 187, 187, 187, 188, 187, 188, 188, 188, 188, 188, 188, 190, 189, 189, 188, 188
2010,14135080,135,CH4 ,10PPBC, 2,29,9998,9998,9998,9998,9998,9998,9998,9998,9998,9998,9998,9998,9998,9998,9998,9998,9998,9998,9998,9998,9998,9998,9998,9998
2010,14135080,135,CH4 ,10PPBC, 2,30,9998,9998,9998,9998,9998,9998,9998,9998,9998,9998,9998,9998,9998,9998,9998,9998,9998,9998,9998,9998,9998,9998,9998,9998
2010,14135080,135,CH4 ,10PPBC, 2,31,9998,9998,9998,9998,9998,9998,9998,9998,9998,9998,9998,9998,9998,9998,9998,9998,9998,9998,9998,9998,9998,9998,9998,9998
2010,14135080,135,CH4 ,10PPBC, 3, 1, 188, 188, 188, 187, 189, 191, 191, 191, 192, 190,9999,9999, 189, 189, 190, 190, 190, 191, 190, 190, 190, 191, 191, 193
2010,14135080,135,CH4 ,10PPBC, 3, 2, 194, 195, 194, 193, 194, 194, 196, 197, 199, 193, 191, 191, 190, 191, 188, 185, 185, 185, 186, 186, 186, 188, 187, 188
2010,14135080,135,CH4 ,10PPBC, 3, 3, 187, 188, 188, 187, 187, 187, 187, 187, 187, 186, 186, 185, 185, 185, 186, 186, 186, 186, 186, 187, 188, 187, 188, 188
2010,14135080,135,CH4 ,10PPBC, 3, 4, 188, 189, 189, 188, 189, 189, 189, 189, 187, 186, 186, 186, 186, 187, 187, 187, 187, 187, 187, 189, 189, 190, 191, 192
2010,14135080,135,CH4 ,10PPBC, 3, 5, 193, 197, 199, 198, 195, 194, 192, 191, 190, 188, 186, 186, 187, 187, 187, 187, 186, 187, 187, 190, 193, 195, 192, 195
2010,14135080,135,CH4 ,10PPBC, 3, 6, 198, 191, 191, 191, 191, 194, 194, 194, 193, 195, 191, 189, 189, 188, 189, 195, 195, 194, 197, 199, 199, 195, 197, 193
2010,14135080,135,CH4 ,10PPBC, 3, 7, 194, 194, 194, 192, 191, 190, 188, 187, 187, 189, 192, 190, 187, 187, 187, 187, 188, 187, 189, 190, 191, 191, 190, 190
2010,14135080,135,CH4 ,10PPBC, 3, 8,9999,9999, 192, 193, 193, 194, 194, 196, 196, 194,9999,9999, 188, 188, 188, 190, 193, 194, 194, 193, 194, 195, 195, 195
2010,14135080,135,CH4 ,10PPBC, 3, 9, 192, 193, 192, 192, 193, 190, 192, 197, 189, 189, 189, 191, 188, 187, 185, 185, 184, 184, 185, 185, 185, 185, 186, 186
2010,14135080,135,CH4 ,10PPBC, 3,10, 187, 186, 187, 187, 187, 188, 189, 190, 188, 187, 187, 187, 186, 186, 187, 187, 188, 189, 190, 190, 189, 191, 193, 193
2010,14135080,135,CH4 ,10PPBC, 3,11, 191, 191, 191, 191, 191, 190, 191, 192, 189, 188, 186, 186, 185, 186, 185, 185, 185, 186, 186, 187, 187, 187, 188, 189
2010,14135080,135,CH4 ,10PPBC, 3,12, 189, 192, 192, 193, 192, 192, 194, 192, 191, 189, 187, 186, 187, 188, 188, 189, 189, 190, 191, 193, 193, 194, 195, 195
2010,14135080,135,CH4 ,10PPBC, 3,13, 197, 194, 194, 195, 195, 196, 197, 195, 193, 191, 189, 189, 188, 189, 191, 191, 189, 187, 187, 190, 193, 194, 194, 197
2010,14135080,135,CH4 ,10PPBC, 3,14, 197, 199, 198, 198, 198, 199, 200, 199, 194, 189, 185, 183, 183, 182, 183, 182, 183, 183, 184, 185, 185, 185, 186, 192
2010,14135080,135,CH4 ,10PPBC, 3,15,9999,9999, 191, 193, 190, 189, 188, 187, 189, 188, 189, 188, 188, 189, 188, 189, 193, 191, 191, 193, 195, 198, 197, 213
2010,14135080,135,CH4 ,10PPBC, 3,16, 196, 188, 187, 186, 187, 188, 188, 188, 188, 185, 185, 185, 184, 186, 186, 187, 187, 187, 187, 188, 188, 189, 189, 190
2010,14135080,135,CH4 ,10PPBC, 3,17, 189, 189, 189, 189, 189, 189, 190, 190, 188, 188, 187, 187, 186, 187, 186, 187, 187, 187, 188, 188, 188, 189, 188, 188
2010,14135080,135,CH4 ,10PPBC, 3,18, 188, 187, 187, 187, 188, 187, 190, 189, 188, 187, 186, 186, 186, 188, 189, 188, 187, 186, 186, 187, 188, 189, 188, 187
2010,14135080,135,CH4 ,10PPBC, 3,19, 187, 186, 189, 191, 191, 192, 193, 193, 194, 193, 189, 185, 184, 184, 185, 184, 184, 185, 186, 192, 191, 189, 192, 195
2010,14135080,135,CH4 ,10PPBC, 3,20, 191, 189, 188, 189, 189, 190, 192, 192, 191, 189, 187, 188, 187, 192, 187, 187, 185, 184, 185, 184, 183, 183, 186, 189
2010,14135080,135,CH4 ,10PPBC, 3,21, 190, 190, 190, 192, 190, 192, 191, 190, 190, 190, 189, 188, 192, 188, 188, 187, 187, 186, 187, 188, 189, 189, 188, 190
2010,14135080,135,CH4 ,10PPBC, 3,22,9999,9999, 186, 186, 186, 186, 186, 186, 186, 186, 186, 187, 187, 186, 186, 187, 187, 187, 187, 189, 191, 191, 191, 192
2010,14135080,135,CH4 ,10PPBC, 3,23, 190, 189, 187, 187, 187, 186, 188, 188, 188, 187, 187,9999,9999, 186, 185, 185, 188, 189, 188, 190, 190, 186, 186, 188
2010,14135080,135,CH4 ,10PPBC, 3,24, 189, 188, 187, 188, 189, 190, 188, 188, 188, 187, 187, 186, 189, 189, 189, 187, 185, 186, 188, 188, 187, 188, 188, 190
2010,14135080,135,CH4 ,10PPBC, 3,25, 192, 193, 196, 192, 193, 193, 193, 193, 191, 195, 194, 189, 187, 186, 185, 185, 185, 185, 186, 186, 186, 188, 189, 189
2010,14135080,135,CH4 ,10PPBC, 3,26, 189, 188, 187, 188, 187, 188, 188, 188, 186, 185, 185, 184, 186, 186, 186, 185, 185, 185, 185, 186, 186, 186, 186, 187
2010,14135080,135,CH4 ,10PPBC, 3,27, 187, 187, 187, 188, 187, 188, 188, 187, 187, 186, 185, 185, 184, 184, 186, 187, 187, 187, 186, 190, 189, 187, 187, 187
2010,14135080,135,CH4 ,10PPBC, 3,28, 187, 187, 187, 186, 186, 186, 188, 188, 186, 186, 186, 185, 185, 185, 188, 189, 189, 186, 186, 187, 189, 192, 193, 192
2010,14135080,135,CH4 ,10PPBC, 3,29, 194, 195, 190, 189, 190, 190, 192, 192, 190, 189,9999,9999, 186, 186, 185, 184, 184, 184, 185, 187, 192, 195, 186, 187
2010,14135080,135,CH4 ,10PPBC, 3,30, 189, 189, 189, 190, 191, 191, 191, 190, 188, 187, 187, 187, 186, 187, 185, 185, 185, 186, 185, 188, 189, 188, 185, 185
2010,14135080,135,CH4 ,10PPBC, 3,31, 185, 186, 185, 186, 186, 186, 187, 186, 186, 186, 187, 186, 185, 185, 184, 184, 184, 184, 185, 186, 186, 186, 187, 188
2010,14201020,201,CH4 ,10PPBC, 4, 1, 189, 189, 189, 189, 189, 189, 189, 189, 189, 188, 188, 188, 187, 188, 188, 187, 187, 187, 187, 187, 187, 187, 187, 187
2010,14201020,201,CH4 ,10PPBC, 4, 2, 187, 187, 186, 186, 186, 186, 186, 186, 186,9999,9999, 185, 187, 192, 205, 195, 192, 192, 195, 195, 196, 193, 194, 193
2010,14201020,201,CH4 ,10PPBC, 4, 3, 191, 192, 192, 192, 193, 192, 193, 193, 192, 192, 193, 193, 192, 191, 190, 190, 190, 190, 191, 193, 191, 191, 192, 192
2010,14201020,201,CH4 ,10PPBC, 4, 4, 192, 197, 193, 193, 194, 194, 193, 193, 193, 192, 193, 193, 193, 192, 192, 192, 193, 193, 196, 201, 197, 198, 197, 197
2010,14201020,201,CH4 ,10PPBC, 4, 5, 196, 196, 196, 196, 196, 195, 196, 197, 198, 198, 201, 200, 199, 200, 201, 201, 200, 201, 200, 199, 202, 201, 203, 203
2010,14201020,201,CH4 ,10PPBC, 4, 6, 204, 203, 203, 221, 199, 198, 192, 196, 191, 193, 192, 192, 191, 188, 188, 188, 189, 189, 189, 189, 189, 190, 189, 189
2010,14201020,201,CH4 ,10PPBC, 4, 7, 189, 189, 188, 188, 187, 188, 187, 194, 198, 196, 201, 201, 192, 194, 199, 199, 195, 198, 196, 195, 192, 192, 192, 193
2010,14201020,201,CH4 ,10PPBC, 4, 8, 195, 194, 194, 193, 196, 195, 196, 193, 194, 193,9999,9999, 192, 193, 192, 194, 194, 193, 193, 193, 198, 200, 198, 193
2010,14201020,201,CH4 ,10PPBC, 4, 9, 193, 193, 194, 194, 194, 198, 199, 198, 198, 195, 195, 195, 193, 192, 191, 189, 189, 189, 189, 190, 192, 192, 202, 198
2010,14201020,201,CH4 ,10PPBC, 4,10, 196, 196, 197, 195, 194, 191, 193, 194, 194, 206, 218, 206, 199, 198, 199, 191, 188, 187, 189, 188, 188, 189, 189, 187
2010,14201020,201,CH4 ,10PPBC, 4,11, 187, 188, 191, 194, 192, 192, 189, 189, 191, 191, 193, 193, 204, 200, 192, 189, 188, 187, 191, 191, 190, 190, 190, 190
2010,14201020,201,CH4 ,10PPBC, 4,12, 192, 195, 193, 192, 193, 191, 192, 191, 192, 192, 193, 193, 195, 193, 193, 192, 193, 192, 192, 193, 193, 192, 192, 191
2010,14201020,201,CH4 ,10PPBC, 4,13, 191, 190, 190, 189, 189, 189, 190, 191, 193, 191, 188, 188, 188, 187, 187, 187, 186, 186, 187, 187, 187, 187, 188, 188
2010,14201020,201,CH4 ,10PPBC, 4,14, 188, 190, 194, 191, 190, 190, 191, 191, 192, 193, 193, 191, 192, 191, 193, 191, 190, 190, 191, 190, 190, 192, 193, 194
2010,14201020,201,CH4 ,10PPBC, 4,15, 192, 192, 192, 191, 191, 191, 192, 191, 194, 194, 193, 193, 192, 195, 194, 193, 192, 193, 194, 199, 194, 192, 194, 200
2010,14201020,201,CH4 ,10PPBC, 4,16, 197, 191, 190, 191, 191, 194, 193, 190, 191, 191, 191,9999,9999, 191, 190, 192, 193, 191, 190, 191, 192, 191, 191, 191
2010,14201020,201,CH4 ,10PPBC, 4,17, 191, 191, 190, 189, 190, 190, 190, 189, 191, 191, 192, 190, 190, 189, 191, 191, 190, 190, 189, 189, 190, 194, 194, 196
2010,14201020,201,CH4 ,10PPBC, 4,18, 201, 200, 198, 192, 191, 193, 195, 207, 198, 195, 195, 197, 193, 194, 190, 190, 190, 191, 191, 192, 192, 193, 199, 201
2010,14201020,201,CH4 ,10PPBC, 4,19, 203, 203, 201, 197, 194, 195, 195, 196, 199, 196, 195, 196, 191, 189, 190, 190, 189, 188, 188, 188, 188, 188, 188, 188
2010,14201020,201,CH4 ,10PPBC, 4,20, 188, 188, 187, 188, 187, 187, 186, 186, 185, 186, 185, 186, 185, 185, 185, 185, 185, 186, 187, 188, 187, 187, 188, 187
2010,14201020,201,CH4 ,10PPBC, 4,21, 194, 197, 193, 195, 194, 200, 202, 211, 206, 201, 200, 200,9999,9999, 193, 187, 185, 185, 186, 187, 188, 187, 189, 189
2010,14201020,201,CH4 ,10PPBC, 4,22, 191, 191, 191, 191, 191, 192, 193, 193, 192, 199, 198, 199, 196, 194, 193, 192, 193, 193, 198, 199, 198, 193, 192, 191
2010,14201020,201,CH4 ,10PPBC, 4,23, 192, 192, 192, 191, 191, 191, 191, 193, 194, 194, 198, 197, 196, 198, 200, 196, 192, 193, 193, 195, 195, 190, 190, 191
2010,14201020,201,CH4 ,10PPBC, 4,24, 192, 190, 190, 189, 189, 189, 189, 189, 191, 194, 190, 190, 190, 190, 190, 191, 191, 191, 192, 194, 192, 192, 190, 193
2010,14201020,201,CH4 ,10PPBC, 4,25, 192, 193, 191, 190, 192, 196, 195, 198, 196, 196, 194, 191, 190, 189, 190, 189, 190, 189, 189, 190, 190, 190, 190, 189
2010,14201020,201,CH4 ,10PPBC, 4,26, 191, 191, 194, 196, 196, 196, 197, 194, 193, 199, 201, 192, 192, 192, 191, 190, 189, 189, 189, 189, 193, 197, 196, 196
2010,14201020,201,CH4 ,10PPBC, 4,27, 198, 196, 194, 198, 194, 195, 194, 195, 198, 204, 218, 200, 199, 193, 190, 188, 188, 188, 189, 191, 189, 188, 188, 187
2010,14201020,201,CH4 ,10PPBC, 4,28, 187, 187, 187, 187, 188, 188, 187, 186, 186, 191, 192,9999, 190, 190, 190, 190, 190, 190, 191, 191, 190, 192, 200, 196
2010,14201020,201,CH4 ,10PPBC, 4,29, 192, 193, 194, 193, 189, 186, 187, 187, 187, 186, 186, 186, 186, 186, 186, 187, 187, 188, 188, 189, 189, 189, 189, 190
2010,14201020,201,CH4 ,10PPBC, 4,30, 192, 192, 192, 192, 192, 192, 192, 194, 191, 190, 191, 191, 189, 189, 188, 189, 189, 189, 189, 189, 190, 192, 193, 190
2010,14201020,201,CH4 ,10PPBC, 4,31,9998,9998,9998,9998,9998,9998,9998,9998,9998,9998,9998,9998,9998,9998,9998,9998,9998,9998,9998,9998,9998,9998,9998,9998
2010,14201020,201,CH4 ,10PPBC, 5, 1, 190, 190, 191, 192, 193, 195, 196, 194, 193, 192, 191, 190, 190, 190, 189, 189, 189, 189, 190, 190, 191, 191, 192, 197
2010,14201020,201,CH4 ,10PPBC, 5, 2, 196, 196, 195, 194, 197, 197, 196, 194, 199, 201, 196, 195, 192, 190, 190, 189, 189, 188, 188, 188, 188, 188, 189, 188
2010,14201020,201,CH4 ,10PPBC, 5, 3, 189, 190, 192, 196, 194, 196, 198, 198, 198, 197, 200, 192, 189, 187, 187, 187, 187, 187, 187, 187, 187, 187, 187, 187
2010,14201020,201,CH4 ,10PPBC, 5, 4, 186, 187, 187, 186, 187, 187, 187, 187, 187, 188, 187, 187, 187, 187, 188, 188, 188, 187, 187, 187, 187, 187, 188, 187
2010,14201020,201,CH4 ,10PPBC, 5, 5, 186, 186, 187, 187, 188, 188, 190, 191, 192, 193, 191, 195, 198, 189, 186, 186, 185, 186, 186, 186, 186, 186, 186, 186
2010,14201020,201,CH4 ,10PPBC, 5, 6, 185, 186, 185, 185, 184, 183, 183, 183, 183, 182, 182, 181, 181, 181, 181, 181, 181, 181, 181, 181, 181, 181, 182, 182
2010,14201020,201,CH4 ,10PPBC, 5, 7, 182, 182, 182, 182, 182, 181, 181, 181, 181, 181, 181, 181, 181, 180, 180, 180,9999,9999, 181, 181, 181, 181, 181, 181
2010,14201020,201,CH4 ,10PPBC, 5, 8, 186, 190, 189, 189, 189, 192, 191, 191, 190, 190, 191, 190, 190, 190, 189, 188, 188, 189, 189, 188, 189, 187, 188, 188
2010,14201020,201,CH4 ,10PPBC, 5, 9, 187, 187, 188, 189, 193, 196, 194, 195, 203, 196, 194, 193, 195, 193, 192, 192, 191, 191, 190, 192, 192, 196, 193, 190
2010,14201020,201,CH4 ,10PPBC, 5,10, 191, 190, 190, 190, 191, 195, 194, 198, 197, 194, 194, 197, 196, 191, 189, 190, 191, 191, 191, 190, 189, 189, 189, 189
2010,14201020,201,CH4 ,10PPBC, 5,11, 188, 188, 188, 189, 191, 193, 192, 190, 189, 191,9999,9999, 196, 188, 188, 190, 199, 194, 189, 189, 190, 192, 193, 192
2010,14201020,201,CH4 ,10PPBC, 5,12, 192, 192, 192, 191, 191, 190, 192, 191, 192, 203, 190, 196, 190, 189, 189, 189, 190, 190, 191, 191, 191, 192, 197, 203
2010,14201020,201,CH4 ,10PPBC, 5,13, 202, 196, 192, 192, 191, 191, 191, 192, 191, 195, 193, 190, 190, 190, 190, 190, 190, 191, 190, 191, 191, 191, 191, 191
2010,14201020,201,CH4 ,10PPBC, 5,14, 191, 190, 191, 191, 191, 190, 190, 191, 191, 195, 194, 191, 191, 191, 191, 191, 190, 191, 189, 190, 191, 191, 190, 190
2010,14201020,201,CH4 ,10PPBC, 5,15, 190, 189, 189, 189, 189, 188, 189, 188, 188, 188, 189, 188, 189, 188, 188, 189, 189, 189, 190, 190, 190, 190, 189, 190
2010,14201020,201,CH4 ,10PPBC, 5,16, 190, 190, 191, 192, 193, 194, 192, 188, 188, 187, 187, 187, 186, 187, 186, 187, 186, 186, 186, 187, 187, 188, 188, 188
2010,14201020,201,CH4 ,10PPBC, 5,17, 190, 192, 193, 196, 194, 194, 194, 192, 193, 196, 194, 191, 191,9999,9999, 186, 186, 186, 186, 186, 187, 186, 187, 186
2010,14201020,201,CH4 ,10PPBC, 5,18, 186, 187, 187, 187, 187, 187, 186, 185, 186, 186, 186, 185, 185, 185, 186, 185, 185, 185, 185, 186, 185, 185, 185, 185
2010,14201020,201,CH4 ,10PPBC, 5,19, 185, 185, 185, 185, 185, 185, 185, 185, 185, 185, 185, 185, 185, 185, 184, 184, 184, 184, 184, 184, 184, 184, 184, 184
2010,14201020,201,CH4 ,10PPBC, 5,20, 184, 183, 184, 184, 184, 184, 184, 184, 183, 184, 184, 183, 183, 183, 183, 189, 192, 193, 202, 195, 192, 193, 192, 191
2010,14201020,201,CH4 ,10PPBC, 5,21, 191, 192, 192, 191, 193, 198, 197, 194, 193, 196, 196, 193, 192, 190, 189, 189, 190, 189, 189, 189, 189, 190, 190, 190
2010,14201020,201,CH4 ,10PPBC, 5,22, 191, 193, 195, 199, 200, 213, 215, 203, 199, 197, 198, 198, 199, 197, 195, 192, 191, 190, 190, 190, 191, 191, 191, 190
2010,14201020,201,CH4 ,10PPBC, 5,23, 190, 190, 190, 190, 191, 190, 193, 208, 211, 202, 195, 190, 189, 192, 190, 188, 187, 187, 189, 191, 188, 189, 190, 189
2010,14201020,201,CH4 ,10PPBC, 5,24, 188, 188, 188, 187, 188, 189, 191, 191, 191, 190, 189, 189, 190, 190, 192, 194, 194, 191, 184, 179, 177, 182, 186, 186
2010,14201020,201,CH4 ,10PPBC, 5,25, 186, 187, 187, 187, 188, 187, 188, 188, 188, 187, 187, 188, 188, 188, 188, 189, 190, 191, 192, 192, 191, 189, 189, 189
2010,14201020,201,CH4 ,10PPBC, 5,26, 189, 188, 188, 188, 188, 189, 189, 189, 193, 200,9999,9999,9999, 192, 188, 188, 188, 188, 189, 187, 188, 188, 188, 188
2010,14201020,201,CH4 ,10PPBC, 5,27, 188, 189, 189, 188, 191, 191, 191, 191, 189, 188, 188, 189, 189, 189, 188, 188, 188, 188, 188, 189, 190, 190, 189, 190
2010,14201020,201,CH4 ,10PPBC, 5,28, 189, 189, 189, 189, 190, 188, 189, 190, 191, 194, 191, 193, 191, 190, 190, 189, 188, 187, 188, 187, 188, 188, 187, 187
2010,14201020,201,CH4 ,10PPBC, 5,29, 187, 187, 187, 189, 194, 191, 189, 188, 188, 189, 189, 190, 190, 189, 190, 189, 189, 189, 191, 189, 188, 188, 188, 188
2010,14201020,201,CH4 ,10PPBC, 5,30, 188, 187, 193, 192, 193, 193, 194, 189, 189, 189, 190, 192, 188, 188, 188, 188, 188, 188, 189, 189, 188, 188, 189, 189
2010,14201020,201,CH4 ,10PPBC, 5,31, 189, 192, 191, 192, 193, 193, 190, 193, 191, 192, 191, 189, 189, 191, 190, 188, 187, 187, 187, 187, 188, 187, 188, 188
2010,14201020,201,CH4 ,10PPBC, 6, 1, 190, 191, 188, 191, 196, 190, 189, 189, 189, 189, 190, 190, 190, 190, 189, 193, 191, 188, 188, 189, 192, 193, 191, 190
2010,14201020,201,CH4 ,10PPBC, 6, 2, 193, 192, 190, 189, 190, 191, 194, 188, 189, 191, 191, 191, 190, 191, 193, 191, 190, 189, 188, 188, 189, 189, 191, 195
2010,14201020,201,CH4 ,10PPBC, 6, 3, 197, 196, 196, 195, 196, 195, 198, 199, 194, 190, 191, 191, 187, 187, 187, 187, 188, 186, 185, 185, 187, 187, 186, 187
2010,14201020,201,CH4 ,10PPBC, 6, 4, 186, 187, 188, 189, 192, 192, 190, 187, 186, 186, 186, 186, 187, 186,9999,9999,9999, 185, 185, 185, 185, 185, 185, 187
2010,14201020,201,CH4 ,10PPBC, 6, 5, 189, 190, 191, 191, 191, 192, 192, 193, 196, 198, 192, 192, 190, 189, 190, 191, 192, 191, 189, 188, 189, 188, 189, 190
2010,14201020,201,CH4 ,10PPBC, 6, 6, 190, 189, 190, 196, 191, 191, 194, 192, 192, 191, 191, 190, 189, 189, 188, 188, 187, 187, 187, 187, 187, 188, 188, 187
2010,14201020,201,CH4 ,10PPBC, 6, 7, 188, 190, 192, 193, 194, 193, 197, 195, 195, 194, 193, 188, 187, 186, 186, 187, 188, 187, 187, 186, 186, 187, 189, 187
2010,14201020,201,CH4 ,10PPBC, 6, 8, 188, 189, 192, 191, 190, 190, 190, 194, 205, 194, 198, 195, 190,9999,9999, 190, 190, 190, 190, 189, 189, 188, 189, 188
2010,14201020,201,CH4 ,10PPBC, 6, 9, 193, 197, 194, 193, 194, 193, 194, 201, 201, 200, 196, 193, 196, 194, 191, 189, 193, 194, 190, 189, 189, 188, 203, 198
2010,14201020,201,CH4 ,10PPBC, 6,10, 194, 196, 195, 195, 195, 205, 195, 201, 195, 194, 193, 193, 190, 191, 196, 191, 188, 191, 188, 188, 188, 187, 188, 189
2010,14201020,201,CH4 ,10PPBC, 6,11, 192, 192, 192, 191, 191, 191, 190, 189, 190, 188, 190, 189, 189, 187, 186, 187, 186, 186, 185, 185, 185, 185, 186, 185
2010,14201020,201,CH4 ,10PPBC, 6,12, 185, 185, 185, 185, 186, 187, 186, 186, 185, 186, 186, 186, 184, 184, 184, 184, 184, 184, 184, 184, 184, 184, 184, 184
2010,14201020,201,CH4 ,10PPBC, 6,13, 184, 184, 184, 184, 184, 184, 184, 184, 184, 185, 184, 185, 185, 185, 185, 185, 185, 186, 186, 186, 186, 186, 186, 186
2010,14201020,201,CH4 ,10PPBC, 6,14, 186, 187, 187, 187, 186, 186, 187, 188, 188, 188, 189, 193, 199, 201, 195, 191, 189, 188, 188, 188, 188, 188, 188, 188
2010,14201020,201,CH4 ,10PPBC, 6,15, 189, 192, 192, 192, 192, 191, 191, 188, 188, 187, 187, 187, 188, 189, 189, 190, 190, 190, 187, 186, 185, 186, 189, 190
2010,14201020,201,CH4 ,10PPBC, 6,16, 190, 190, 185, 176, 175, 175, 175, 175, 176, 177, 178, 180, 183,9999,9999, 186, 186, 187, 187, 188, 188, 187, 188, 189
2010,14201020,201,CH4 ,10PPBC, 6,17, 189, 190, 190, 188, 190, 191, 195, 195, 193, 196, 191, 193, 192, 193, 189, 189, 187, 186, 186, 185, 184, 185, 183, 183
2010,14201020,201,CH4 ,10PPBC, 6,18, 183, 182, 183, 183, 183, 183, 184, 189, 190, 188, 187, 188, 186, 179, 178, 179, 180, 176, 179, 184, 186, 186, 175, 175
2010,14201020,201,CH4 ,10PPBC, 6,19, 174, 175, 175, 174, 174, 174, 174, 180, 192, 192, 191, 177, 178, 181, 184, 183, 181, 182, 181, 180, 179, 175, 175, 176
2010,14201020,201,CH4 ,10PPBC, 6,20, 175, 175, 175, 175, 175, 175, 176, 176, 176, 177, 177, 176, 177, 176, 177, 178, 178, 177, 178, 178, 178, 177, 176, 177
2010,14201020,201,CH4 ,10PPBC, 6,21, 178, 178, 177, 176, 176, 176, 177, 177, 177, 177, 177, 177, 176, 176, 177, 177, 177, 180, 181, 182, 182, 182, 182, 181
2010,14201020,201,CH4 ,10PPBC, 6,22, 179, 179, 180, 179, 178, 178, 179, 181, 179, 178, 178, 179, 179, 180, 179, 178, 178, 178, 178, 180, 179, 180, 180, 178
2010,14201020,201,CH4 ,10PPBC, 6,23, 179, 179, 180, 180, 180, 179, 177, 178, 177, 175, 176, 175, 175, 175, 176, 178, 178, 178, 179, 178, 181, 186, 190, 189
2010,14201020,201,CH4 ,10PPBC, 6,24, 189, 190, 190, 191, 192, 195, 192, 193, 200, 197, 212,9999,9999, 197, 201, 203, 197, 196, 196, 193, 192, 191, 191, 192
2010,14201020,201,CH4 ,10PPBC, 6,25, 193, 193, 196, 194, 191, 190, 190, 194, 202, 206, 206, 205, 198, 197, 195, 187, 183, 182, 184, 183, 184, 184, 183, 183
2010,14201020,201,CH4 ,10PPBC, 6,26, 183, 182, 182, 181, 180, 181, 181, 178, 177, 178, 177, 178, 178, 178, 177, 178, 178, 178, 178, 178, 178, 178, 178, 178
2010,14201020,201,CH4 ,10PPBC, 6,27, 177, 177, 177, 177, 177, 177, 177, 177, 177, 177, 177, 177, 177, 176, 176, 177, 176, 176, 176, 177, 176, 176, 176, 176
2010,14201020,201,CH4 ,10PPBC, 6,28, 176, 177, 177, 178, 178, 178, 178, 183, 187, 191, 196, 192, 196, 193, 189, 188, 185, 183, 185, 185, 186, 186, 187, 191
2010,14201020,201,CH4 ,10PPBC, 6,29, 191, 188, 190, 191, 192, 190, 188, 187, 193, 195, 195, 196, 193, 192, 198, 190, 186, 186, 187, 182, 179, 178, 179, 187
2010,14201020,201,CH4 ,10PPBC, 6,30, 190, 192, 192, 204, 188, 186, 183, 183, 185, 184,9999,9999, 193, 185, 184, 187, 185, 183, 184, 184, 183, 184, 183, 183
2010,14201020,201,CH4 ,10PPBC, 6,31,9998,9998,9998,9998,9998,9998,9998,9998,9998,9998,9998,9998,9998,9998,9998,9998,9998,9998,9998,9998,9998,9998,9998,9998
2010,14201020,201,CH4 ,10PPBC, 7, 1, 183, 182, 182, 182, 181, 182, 183, 183, 182, 181, 180, 179, 179, 179, 178, 178, 178, 178, 178, 180, 181, 180, 180, 181
2010,14201020,201,CH4 ,10PPBC, 7, 2, 182, 184, 189, 188, 189, 190, 191, 189, 187, 189, 185, 182, 180, 179, 178, 178, 178, 178, 178, 178, 179, 179, 178, 179
2010,14201020,201,CH4 ,10PPBC, 7, 3, 179, 180, 181, 181, 181, 182, 182, 182, 182, 182, 182, 182, 183, 181, 181, 182, 182, 181, 180, 178, 176, 176, 176, 176
2010,14201020,201,CH4 ,10PPBC, 7, 4, 176, 176, 178, 177, 178, 182, 186, 190, 191, 189, 192, 197, 193, 191, 191, 187, 188, 187, 185, 186, 187, 186, 187, 189
2010,14201020,201,CH4 ,10PPBC, 7, 5, 197, 205, 201, 199, 192, 188, 192, 193, 196, 200, 201, 197, 194,9999,9999, 189, 187, 188, 189, 189, 189, 190, 188, 188
2010,14201020,201,CH4 ,10PPBC, 7, 6, 187, 186, 188, 188, 193, 189, 191, 192, 187, 187, 187, 188, 188, 188, 187, 190, 193, 196, 197, 196, 196, 196, 195, 193
2010,14201020,201,CH4 ,10PPBC, 7, 7, 192, 192, 192, 193, 193, 196, 195, 204, 205, 193, 195, 197, 192, 192, 191, 190, 187, 188, 186, 186, 186, 185, 186, 186
2010,14201020,201,CH4 ,10PPBC, 7, 8, 186, 184, 184, 184, 188, 188, 188, 191, 187, 186, 184, 187, 190, 191, 190, 190, 189, 186, 183, 182, 183, 182, 180, 179
2010,14201020,201,CH4 ,10PPBC, 7, 9, 179, 180, 180, 180, 180, 181, 182, 183, 188, 187, 184, 184, 182, 180, 179, 181, 181, 180, 179, 178, 178, 177, 176, 178
2010,14201020,201,CH4 ,10PPBC, 7,10, 180, 181, 182, 182, 183, 182, 182, 183, 182, 183, 183, 183, 184, 183, 184, 184, 183, 183, 184, 185, 185, 187, 187, 188
2010,14201020,201,CH4 ,10PPBC, 7,11, 189, 190, 195, 194, 194, 197, 200, 198, 196, 199, 191, 189, 187, 181, 179, 178, 177, 176, 175, 175, 176, 175, 175, 175
2010,14201020,201,CH4 ,10PPBC, 7,12, 175, 175, 175, 176, 175, 175, 176, 176, 175, 176, 175, 175, 175, 175, 175, 175, 175, 175, 175, 176, 175, 176, 175, 176
2010,14201020,201,CH4 ,10PPBC, 7,13, 176, 177, 177, 178, 179, 179, 178, 177, 177, 177,9999,9999, 175, 175, 175, 175, 176, 177, 192, 194, 197, 195, 194, 199
2010,14201020,201,CH4 ,10PPBC, 7,14, 196, 192, 192, 189, 181, 178, 176, 177, 176, 177, 177, 177, 177, 177, 177, 177, 177, 177, 177, 177, 177, 177, 177, 177
2010,14201020,201,CH4 ,10PPBC, 7,15, 177, 177, 177, 177, 177, 177, 177, 177, 177, 177, 177, 176, 177, 177, 176, 176, 177, 177, 177, 177, 177, 177, 177, 177
2010,14201020,201,CH4 ,10PPBC, 7,16, 177, 177, 177, 177, 177, 177, 177, 177, 177, 176, 176, 176, 177, 176, 176, 177, 177, 176, 176, 176, 177, 177, 177, 177
2010,14201020,201,CH4 ,10PPBC, 7,17, 177, 177, 177, 177, 177, 177, 178, 177, 178, 178, 178, 178, 178, 178, 178, 178, 178, 178, 178, 178, 178, 178, 178, 178
2010,14201020,201,CH4 ,10PPBC, 7,18, 178, 178, 178, 178, 178, 179, 179, 178, 178, 177, 177, 178, 178, 177, 177, 177, 177, 177, 177, 177, 177, 178, 178, 178
2010,14201020,201,CH4 ,10PPBC, 7,19, 178, 178, 178, 178, 178, 178, 179, 178, 179, 178, 178, 178, 178, 178, 178, 178, 178, 178, 178, 178, 178, 179, 178, 179
2010,14201020,201,CH4 ,10PPBC, 7,20, 179, 179, 180, 179, 183, 180, 181, 181, 183, 182, 182, 183, 180, 179, 178, 178, 177, 178, 178, 178, 179, 179, 179, 179
2010,14201020,201,CH4 ,10PPBC, 7,21, 179, 180, 180, 183, 183, 186, 199, 194, 194, 193, 194, 192,9999,9999, 181, 179, 178, 179, 179, 179, 179, 180, 179, 179
2010,14201020,201,CH4 ,10PPBC, 7,22, 179, 180, 181, 182, 182, 180, 180, 182, 180, 181, 181, 181, 181, 180, 180, 180, 179, 178, 178, 177, 177, 177, 178, 177
2010,14201020,201,CH4 ,10PPBC, 7,23, 181, 181, 180, 182, 183, 182, 184, 188, 196, 193, 197, 196, 194, 187, 185, 181, 178, 176, 176, 176, 176, 177, 177, 178
2010,14201020,201,CH4 ,10PPBC, 7,24, 181, 180, 182, 183, 183, 184, 191, 194, 198, 197, 195, 190, 189, 185, 185, 180, 178, 179, 178, 178, 178, 178, 178, 184
2010,14201020,201,CH4 ,10PPBC, 7,25, 184, 185, 185, 184, 184, 186, 183, 179, 178, 179, 178, 178, 177, 178, 179, 180, 182, 182, 180, 179, 181, 182, 181, 184
2010,14201020,201,CH4 ,10PPBC, 7,26, 187, 191, 194, 191, 189, 187, 190, 194, 194, 186, 178, 178, 178, 178, 177, 177, 177, 177, 178, 178, 180, 183, 185, 182
2010,14201020,201,CH4 ,10PPBC, 7,27, 178, 178, 177, 177, 177, 177, 177, 177, 177, 177, 177, 176, 176, 176, 176, 176, 176, 176, 176, 176, 177, 177, 177, 177
2010,14201020,201,CH4 ,10PPBC, 7,28, 177, 177, 177, 177, 177, 177, 177, 177, 177, 177, 177, 178, 178, 178, 179, 179, 179, 179, 179, 179, 179, 179, 179, 180
2010,14201020,201,CH4 ,10PPBC, 7,29, 180, 179, 180, 180, 180, 180, 180, 179, 180, 179,9999,9999,9999, 176, 176, 176, 175, 175, 176, 176, 175, 175, 174, 175
2010,14201020,201,CH4 ,10PPBC, 7,30, 175, 175, 174, 175, 175, 175, 175, 175, 175, 174, 174, 175, 174, 175, 175, 176, 176, 176, 175, 176, 176, 178, 178, 179
2010,14201020,201,CH4 ,10PPBC, 7,31, 179, 179, 179, 180, 179, 180, 180, 181, 180, 180, 179, 178, 177, 177, 177, 177, 177, 178, 179, 179, 178, 179, 179, 180
2010,14201020,201,CH4 ,10PPBC, 8, 1, 180, 180, 181, 181, 181, 182, 181, 180, 180, 179, 180, 179, 180, 179, 182, 184, 183, 184, 180, 178, 176, 177, 177, 177
2010,14201020,201,CH4 ,10PPBC, 8, 2, 176, 176, 176, 176, 177, 176, 176, 175, 175, 174, 174, 174, 175, 174, 174, 174, 175, 176, 176, 176, 176, 176, 176, 175
2010,14201020,201,CH4 ,10PPBC, 8, 3, 175, 174, 175, 175, 176, 175, 175, 175, 175, 176, 176, 176, 175, 176, 175, 175, 175, 175, 175, 175, 175, 175, 175, 175
2010,14201020,201,CH4 ,10PPBC, 8, 4, 175, 175, 175, 175, 175, 175, 176, 175, 175, 175, 175, 175, 175, 175, 175, 175, 175, 175, 175, 175, 175, 174, 175, 175
2010,14201020,201,CH4 ,10PPBC, 8, 5, 174, 175, 174, 175, 174, 175, 175, 175, 175, 175, 175, 175, 175, 175, 175, 175, 175, 175, 175, 175, 175, 175, 175, 175
2010,14201020,201,CH4 ,10PPBC, 8, 6, 175, 175, 175, 176, 175, 176, 176, 176, 176,9999,9999,9999, 176, 176, 177, 178, 178, 179, 179, 179, 179, 180, 180, 181
2010,14201020,201,CH4 ,10PPBC, 8, 7, 182, 180, 180, 181, 181, 181, 182, 182, 182, 181, 182, 181, 180, 181, 179, 178, 177, 176, 176, 176, 176, 176, 176, 177
2010,14201020,201,CH4 ,10PPBC, 8, 8, 177, 177, 177, 177, 177, 176, 176, 176, 177, 177, 176, 176, 176, 176, 176, 176, 176, 177, 176, 176, 177, 176, 175, 176
2010,14201020,201,CH4 ,10PPBC, 8, 9, 176, 176, 176, 176, 176, 177, 178, 178, 179, 179, 186, 177, 176, 176, 176, 176, 175, 175, 176, 176, 176, 176, 176, 176
2010,14201020,201,CH4 ,10PPBC, 8,10, 176, 176, 177, 178, 178, 178, 177, 176, 176, 177, 175, 176, 175, 175, 175, 175, 175, 175, 176, 176, 176, 175, 176, 176
2010,14201020,201,CH4 ,10PPBC, 8,11, 175, 175, 176, 175, 175, 175, 174, 174, 174, 174, 174, 175, 174, 174, 174, 174, 174, 174, 174, 174, 174, 174, 174, 173
2010,14201020,201,CH4 ,10PPBC, 8,12, 173, 173, 174, 174, 174, 174, 174, 173, 174,9999,9999, 174, 174, 175, 176, 176, 176, 176, 176, 177, 177, 177, 178, 178
2010,14201020,201,CH4 ,10PPBC, 8,13, 177, 177, 179, 179, 179, 180, 178, 181, 182, 183, 182, 185, 187, 187, 186, 181, 180, 182, 186, 187, 185, 181, 179, 181
2010,14201020,201,CH4 ,10PPBC, 8,14, 181, 181, 180, 176, 175, 175, 175, 175, 175, 176, 176, 175, 174, 175, 175, 176, 176, 177, 176, 176, 176, 177, 177, 176
2010,14201020,201,CH4 ,10PPBC, 8,15, 176, 176, 176, 176, 176, 176, 176, 177, 176, 176, 175, 175, 175, 176, 176, 177, 177, 176, 176, 176, 176, 175, 175, 176
2010,14201020,201,CH4 ,10PPBC, 8,16, 176, 177, 177, 177, 177, 178, 179, 179, 178, 179, 179, 179, 183, 188, 187, 178, 179, 182, 182, 180, 177, 177, 177, 178
2010,14201020,201,CH4 ,10PPBC, 8,17, 180, 182, 185, 184, 189, 184, 183, 200, 211,9999,9999, 192, 190, 187, 184, 185, 182, 178, 178, 177, 178, 178, 179, 181
2010,14201020,201,CH4 ,10PPBC, 8,18, 183, 180, 182, 186, 198, 194, 193, 197, 196, 188, 190, 190, 187, 185, 187, 182, 180, 179, 180, 181, 184, 186, 182, 184
2010,14201020,201,CH4 ,10PPBC, 8,19, 184, 185, 184, 185, 185, 184, 184, 186, 187, 187, 186, 186, 186, 188, 188, 192, 185, 185, 185, 185, 185, 197, 191, 189
2010,14201020,201,CH4 ,10PPBC, 8,20, 191, 191, 191, 190, 191, 191, 192, 192, 191, 194, 195, 193, 192, 194, 190, 191, 196, 190, 191, 192, 189, 188, 188, 190
2010,14201020,201,CH4 ,10PPBC, 8,21, 190, 192, 193, 195, 195, 199, 197, 196, 193, 194, 194, 188, 188, 187, 186, 185, 185, 185, 185, 185, 185, 185, 185, 184
2010,14201020,201,CH4 ,10PPBC, 8,22, 184, 184, 184, 184, 184, 184, 184, 184, 184, 185, 184, 184, 184, 183, 183, 183, 183, 183, 183, 183, 183, 183, 183, 183
2010,14201020,201,CH4 ,10PPBC, 8,23, 183, 183, 183, 182, 183, 183, 183, 183, 183, 183, 183, 182, 182, 182, 182, 182, 182, 182, 183, 182, 182, 182, 182, 182
2010,14201020,201,CH4 ,10PPBC, 8,24, 182, 182, 182, 182, 183, 182, 182, 182, 183, 182, 183, 182, 182, 182, 182, 181, 182, 182, 182, 182, 183, 183, 183, 183
2010,14201020,201,CH4 ,10PPBC, 8,25, 183, 183, 183, 183, 183, 183, 183, 182, 182,9999,9999,9999,9999, 180, 180, 180, 180, 180, 180, 180, 180, 180, 180, 180
2010,14201020,201,CH4 ,10PPBC, 8,26, 180, 179, 181, 182, 182, 181, 181, 180, 180, 180, 180, 180, 181, 181, 181, 182, 182, 182, 182, 182, 182, 183, 182, 182
2010,14201020,201,CH4 ,10PPBC, 8,27, 182, 181, 182, 182, 184, 187, 192, 192, 190, 190, 185, 183, 182, 180, 178, 176, 176, 175, 175, 176, 175, 175, 175, 175
2010,14201020,201,CH4 ,10PPBC, 8,28, 175, 175, 175, 175, 175, 176, 175, 176, 176, 176, 177, 177, 176, 176, 176, 176, 176, 177, 177, 176, 176, 176, 177, 177
2010,14201020,201,CH4 ,10PPBC, 8,29, 177, 177, 177, 177, 177, 178, 178, 178, 178, 178, 177, 177, 177, 177, 176, 176, 175, 176, 176, 176, 176, 176, 177, 178
2010,14201020,201,CH4 ,10PPBC, 8,30, 177, 182, 183, 180, 180, 188, 195, 199, 210, 211, 196, 188, 190, 189, 184, 179, 176, 176, 175, 175, 175, 176, 176, 177
2010,14201020,201,CH4 ,10PPBC, 8,31, 176, 178, 179, 180, 180, 181, 184, 190, 184, 183, 185, 182, 182, 180, 177, 176, 177, 179, 179, 178, 177, 177, 177, 178
2010,14201020,201,CH4 ,10PPBC, 9, 1, 177, 178, 179, 180, 178, 177, 176, 176, 176, 176, 176, 176, 176, 177, 178, 178, 181, 182, 182, 182, 182, 182, 182, 183
2010,14201020,201,CH4 ,10PPBC, 9, 2, 183, 184, 183, 183, 184, 186, 186, 184, 184, 184, 183, 183, 183, 183, 183, 183, 182, 183, 183, 182, 182, 182, 181, 181
2010,14201020,201,CH4 ,10PPBC, 9, 3, 182, 181, 181, 182, 183, 208, 185, 182, 181, 182, 182, 181, 181, 181, 180,9999,9999,9999, 179, 179, 179, 180, 180, 180
2010,14201020,201,CH4 ,10PPBC, 9, 4, 180, 180, 181, 183, 189, 191, 197, 193, 198, 198, 191, 189, 189, 186, 185, 181, 181, 180, 181, 181, 181, 181, 181, 181
2010,14201020,201,CH4 ,10PPBC, 9, 5, 181, 180, 180, 184, 183, 184, 186, 184, 181, 182, 180, 180, 180, 180, 180, 180, 179, 179, 179, 179, 179, 180, 179, 178
2010,14201020,201,CH4 ,10PPBC, 9, 6, 179, 177, 177, 176, 175, 176, 175, 175, 175, 175, 175, 174, 175, 174, 174, 175, 176, 178, 179, 179, 179, 178, 178, 176
2010,14201020,201,CH4 ,10PPBC, 9, 7, 176, 176, 174, 174, 174, 174, 175, 174, 174, 174, 174, 174, 174, 174, 175, 174, 174, 175, 175, 174, 175, 175, 175, 175
2010,14201020,201,CH4 ,10PPBC, 9, 8, 174, 174, 174, 174, 174, 176, 184, 187, 191, 200, 188, 176, 174, 174, 174, 173, 173, 187, 184, 184, 183, 183, 183, 183
2010,14201020,201,CH4 ,10PPBC, 9, 9, 184, 186, 186, 186, 186, 187, 188, 188, 188, 188, 192, 192,9999,9999, 190, 197, 195, 189, 197, 190, 190, 188, 188, 188
2010,14201020,201,CH4 ,10PPBC, 9,10, 189, 191, 200, 188, 191, 190, 189, 190, 190, 192, 190, 190, 188, 187, 186, 185, 184, 184, 184, 184, 184, 184, 185, 185
2010,14201020,201,CH4 ,10PPBC, 9,11, 185, 185, 184, 183, 183, 183, 184, 183, 184, 185, 186, 184, 184, 183, 182, 182, 182, 183, 183, 183, 184, 184, 184, 184
2010,14201020,201,CH4 ,10PPBC, 9,12, 185, 185, 187, 187, 188, 186, 186, 188, 193, 190, 189, 196, 188, 187, 186, 185, 185, 186, 185, 185, 186, 185, 183, 181
2010,14201020,201,CH4 ,10PPBC, 9,13, 179, 177, 175, 174, 174, 175, 180, 190, 189, 193, 196, 186, 182, 182, 182, 182, 181, 182, 184, 185, 185, 185, 186, 188
2010,14201020,201,CH4 ,10PPBC, 9,14, 188, 185, 187, 188, 187, 185, 185, 189, 193, 188, 188, 189, 186, 188, 187, 187, 186, 185, 185, 186, 188, 189, 189, 189
2010,14201020,201,CH4 ,10PPBC, 9,15, 186, 187, 188, 188, 190, 191, 194, 193, 192, 192, 192, 193, 192,9999,9999, 189, 189, 190, 192, 188, 189, 195, 191, 192
2010,14201020,201,CH4 ,10PPBC, 9,16, 192, 194, 194, 194, 195, 192, 191, 191, 190, 190, 188, 188, 188, 188, 188, 190, 190, 190, 190, 190, 190, 190, 191, 192
2010,14201020,201,CH4 ,10PPBC, 9,17, 194, 195, 195, 197, 198, 198, 198, 197, 198, 200, 196, 195, 192, 190, 186, 187, 186, 186, 186, 188, 190, 192, 194, 196
2010,14201020,201,CH4 ,10PPBC, 9,18, 199, 206, 201, 197, 194, 194, 195, 196, 194, 190, 190, 188, 188, 187, 186, 188, 189, 186, 187, 188, 187, 186, 187, 186
2010,14201020,201,CH4 ,10PPBC, 9,19, 189, 190, 191, 192, 193, 194, 194, 193, 203, 188, 186, 185, 185, 184, 185, 187, 186, 184, 184, 185, 184, 184, 185, 185
2010,14201020,201,CH4 ,10PPBC, 9,20, 186, 188, 190, 190, 191, 192, 194, 196, 189, 189, 185, 185, 185, 185, 185, 185, 185, 185, 186, 186, 185, 187, 190, 189
2010,14201020,201,CH4 ,10PPBC, 9,21, 189, 188, 189, 194, 199, 200, 199, 203, 199, 201, 197, 197, 193, 191, 189, 188, 187, 187, 186, 187, 189, 189, 191, 189
2010,14201020,201,CH4 ,10PPBC, 9,22, 191, 188, 189, 190, 188, 189, 189, 188, 187, 186, 185, 183, 183, 183, 183, 182, 181, 180, 179, 178, 179, 180, 189, 193
2010,14201020,201,CH4 ,10PPBC, 9,23, 193, 195, 194, 200, 218, 207, 206, 193, 189, 191, 210, 195, 194, 193, 192, 191, 190, 190, 192, 191, 189, 194, 194, 195
2010,14201020,201,CH4 ,10PPBC, 9,24, 192, 192, 191, 192, 192, 191, 190, 191, 193, 192,9999,9999, 190, 192, 191, 191, 192, 193, 191, 190, 191, 193, 195, 200
2010,14201020,201,CH4 ,10PPBC, 9,25, 191, 189, 190, 190, 189, 190, 189, 189, 189, 189, 189, 189, 189, 188, 191, 191, 190, 189, 190, 191, 195, 200, 199, 205
2010,14201020,201,CH4 ,10PPBC, 9,26, 202, 200, 200, 199, 199, 200, 201, 199, 194, 212, 199, 193, 192, 191, 191, 192, 190, 190, 191, 191, 189, 191, 194, 211
2010,14201020,201,CH4 ,10PPBC, 9,27, 190, 190, 191, 190, 194, 189, 193, 195, 192, 191, 189, 188, 187, 187, 187, 187, 187, 187, 188, 188, 189, 192, 196, 199
2010,14201020,201,CH4 ,10PPBC, 9,28, 221, 211, 192, 190, 189, 189, 189, 191, 192, 195, 208, 221, 207, 196, 193, 192, 192, 195, 198, 204, 208, 206, 213, 215
2010,14201020,201,CH4 ,10PPBC, 9,29, 202, 208, 205, 203, 203, 192, 191, 191, 190, 190,9999,9999,9999, 194, 193, 191, 190, 192, 192, 191, 191, 193, 196, 200
2010,14201020,201,CH4 ,10PPBC, 9,30, 209, 212, 209, 204, 198, 195, 196, 196, 196, 196, 197, 197, 198, 198, 203, 215, 202, 194, 191, 191, 188, 196, 198, 192
2010,14201020,201,CH4 ,10PPBC, 9,31,9998,9998,9998,9998,9998,9998,9998,9998,9998,9998,9998,9998,9998,9998,9998,9998,9998,9998,9998,9998,9998,9998,9998,9998
2010,14201020,201,CH4 ,10PPBC,10, 1, 192, 190, 198, 197, 200, 194, 195, 193, 194, 193, 193, 197, 201, 190, 189, 189, 189, 190, 188, 190, 194, 191, 188, 191
2010,14201020,201,CH4 ,10PPBC,10, 2, 192, 190, 199, 204, 198, 198, 190, 193, 196, 190, 191, 191, 190, 189, 188, 189, 188, 189, 189, 188, 187, 188, 188, 189
2010,14201020,201,CH4 ,10PPBC,10, 3, 190, 199, 200, 204, 209, 239, 214, 203, 198, 198, 205, 202, 191, 189, 189, 188, 188, 188, 188, 190, 189, 188, 189, 190
2010,14201020,201,CH4 ,10PPBC,10, 4, 189, 191, 192, 190, 194, 201, 221, 219, 207, 208, 207, 204, 206, 209, 207, 200, 201, 206, 207, 209, 201, 196, 193, 194
2010,14201020,201,CH4 ,10PPBC,10, 5, 195, 196, 196, 198, 196, 199, 191, 191, 197, 194, 192, 193, 192, 191, 191, 191, 187, 188, 189, 191, 193, 198, 199, 201
2010,14201020,201,CH4 ,10PPBC,10, 6, 201, 199, 199, 195, 194, 192, 194, 196, 198, 194, 194, 195, 193, 191, 191, 193, 193, 194, 194, 189, 189, 190, 195, 196
2010,14201020,201,CH4 ,10PPBC,10, 7, 193, 192, 192, 193, 193, 194, 195, 196, 195, 194,9999,9999, 193, 192, 192, 192, 192, 193, 193, 190, 192, 194, 194, 196
2010,14201020,201,CH4 ,10PPBC,10, 8, 196, 195, 193, 194, 194, 192, 192, 195, 193, 190, 191, 191, 191, 191, 191, 192, 196, 196, 193, 194, 188, 188, 190, 190
2010,14201020,201,CH4 ,10PPBC,10, 9, 192, 201, 196, 195, 193, 192, 192, 191, 192, 191, 191, 191, 191, 189, 190, 190, 190, 190, 189, 189, 190, 195, 203, 200
2010,14201020,201,CH4 ,10PPBC,10,10, 205, 192, 191, 192, 193, 191, 192, 190, 191, 193, 192, 190, 191, 192, 195, 194, 191, 187, 190, 197, 198, 217, 240, 251
2010,14201020,201,CH4 ,10PPBC,10,11, 242, 228, 211, 201, 198, 198, 199, 195, 193, 193, 191, 196, 198, 189, 187, 188, 188, 190, 191, 195, 196, 200, 198, 197
2010,14201020,201,CH4 ,10PPBC,10,12, 202, 196, 196, 197, 199, 200, 203, 186, 187, 187, 190, 194, 196, 194, 191, 186, 185, 186, 188, 189, 194, 204, 203, 212
2010,14201020,201,CH4 ,10PPBC,10,13, 210, 214, 205, 204, 204, 201, 202, 203, 204, 198,9999,9999, 192, 192, 188, 187, 189, 189, 192, 191, 191, 194, 201, 202
2010,14201020,201,CH4 ,10PPBC,10,14, 206, 203, 205, 203, 193, 196, 195, 197, 197, 194, 192, 191, 192, 192, 193, 192, 199, 192, 191, 191, 191, 190, 193, 202
2010,14201020,201,CH4 ,10PPBC,10,15, 193, 207, 198, 202, 193, 194, 195, 196, 195, 190, 191, 190, 190, 190, 188, 188, 188, 188, 191, 195, 202, 201, 202, 203
2010,14201020,201,CH4 ,10PPBC,10,16, 202, 204, 201, 196, 198, 198, 195, 194, 189, 190, 191, 190, 190, 190, 191, 192, 191, 192, 193, 193, 191, 199, 197, 202
2010,14201020,201,CH4 ,10PPBC,10,17, 201, 200, 203, 200, 201, 200, 199, 195, 194, 192, 193, 193, 194, 194, 195, 192, 191, 192, 197, 202, 203, 205, 205, 207
2010,14201020,201,CH4 ,10PPBC,10,18, 195, 194, 195, 194, 195, 198, 203, 210, 200, 196, 193, 193, 191, 190,9999,9999, 191, 190, 189, 188, 188, 188, 188, 190
2010,14201020,201,CH4 ,10PPBC,10,19, 194, 193, 191, 191, 191, 192, 193, 198, 199, 193, 192, 192, 192, 194, 194, 193, 188, 192, 195, 196, 197, 200, 195, 195
2010,14201020,201,CH4 ,10PPBC,10,20, 194, 193, 192, 192, 192, 193, 193, 195, 197, 198, 195, 195, 196, 196, 194, 196, 196, 196, 196, 199, 211, 229, 208, 199
2010,14201020,201,CH4 ,10PPBC,10,21, 199, 197, 195, 196, 195, 194, 197, 199, 200, 201, 200, 198, 198, 196, 194, 193, 195, 196, 194, 195, 198, 215, 208, 197
2010,14201020,201,CH4 ,10PPBC,10,22, 195, 195, 191, 191, 190, 190, 191, 191, 191, 191, 191, 189, 188, 188, 189, 189, 188, 189, 188, 188, 188, 189, 189, 190
2010,14201020,201,CH4 ,10PPBC,10,23, 196, 193, 192, 192, 192, 192, 192, 193, 195, 191, 189, 190, 190, 190, 189, 188, 188, 187, 188, 189, 189, 189, 188, 194
2010,14201020,201,CH4 ,10PPBC,10,24, 207, 206, 197, 195, 193, 193, 195, 197, 200, 199, 204, 215, 209, 231, 234, 231, 207, 208, 201, 196, 192, 196, 198, 210
2010,14201020,201,CH4 ,10PPBC,10,25, 233, 203, 198, 196, 193, 194, 196, 197, 195, 194, 196, 207, 217, 223,9999,9999, 213, 208, 196, 207, 215, 222, 215, 220
2010,14201020,201,CH4 ,10PPBC,10,26, 248, 206, 197, 197, 207, 196, 196, 199, 198, 194, 194, 193, 190, 192, 192, 190, 190, 190, 191, 192, 193, 193, 192, 192
2010,14201020,201,CH4 ,10PPBC,10,27, 192, 192, 192, 191, 192, 191, 191, 191, 192, 193, 193, 193, 193, 195, 195, 195, 194, 193, 194, 192, 191, 191, 191, 192
2010,14201020,201,CH4 ,10PPBC,10,28, 196, 199, 195, 194, 193, 193, 194, 193, 193, 192, 192, 192, 191, 191, 191, 192, 192, 192, 191, 192, 192, 192, 192, 192
2010,14201020,201,CH4 ,10PPBC,10,29, 192, 193, 197, 195, 195, 198, 192, 193, 197, 192, 191, 191, 191, 192, 194, 196, 196, 190, 190, 190, 191, 190, 190, 193
2010,14201020,201,CH4 ,10PPBC,10,30, 194, 194, 194, 193, 192, 191, 192, 191, 191, 192, 193, 192, 192, 192, 192, 191, 191, 190, 190, 191, 190, 190, 189, 189
2010,14201020,201,CH4 ,10PPBC,10,31, 189, 189, 189, 189, 190, 189, 188, 189, 189, 189, 189, 190, 191, 191, 192, 190, 190, 190, 191, 192, 193, 196, 191, 188
2010,14201020,201,CH4 ,10PPBC,11, 1, 189, 189, 200, 190, 188, 189, 191, 188, 189, 188, 188, 188, 188, 189, 189, 188, 186, 186, 186, 187, 187, 187, 191, 198
2010,14201020,201,CH4 ,10PPBC,11, 2, 197, 197, 194, 193, 192, 197, 200, 200, 195, 193,9999,9999, 187, 187, 187, 187, 188, 188, 188, 189, 189, 190, 192, 198
2010,14201020,201,CH4 ,10PPBC,11, 3, 194, 191, 191, 191, 192, 194, 194, 194, 195, 194, 194, 197, 198, 194, 196, 195, 198, 192, 196, 201, 219, 212, 195, 194
2010,14201020,201,CH4 ,10PPBC,11, 4, 195, 194, 192, 194, 193, 199, 194, 193, 193, 197, 202, 205, 201, 193, 189, 191, 193, 193, 196, 209, 215, 220, 215, 214
2010,14201020,201,CH4 ,10PPBC,11, 5, 210, 204, 202, 202, 201, 201, 204, 206, 201, 200, 200, 197, 194, 191, 192, 190, 190, 196, 200, 205, 207, 226, 369, 214
2010,14201020,201,CH4 ,10PPBC,11, 6, 210, 202, 200, 198, 197, 201, 201, 203, 210, 215, 202, 211, 197, 195, 195, 193, 196, 198, 204, 207, 212, 212, 216, 213
2010,14201020,201,CH4 ,10PPBC,11, 7, 209, 198, 196, 195, 195, 193, 193, 193, 192, 193, 194, 194, 196, 198, 196, 196, 201, 202, 207, 209, 210, 215, 227, 219
2010,14201020,201,CH4 ,10PPBC,11, 8, 218, 213, 199, 201, 199, 199, 203, 204, 200, 199, 200, 199, 204, 194, 196, 196, 196, 194, 191, 188, 188, 187, 187, 188
2010,14201020,201,CH4 ,10PPBC,11, 9, 190, 201, 197, 193, 187, 187, 188, 188, 189, 189, 189, 188, 188, 188, 189, 189, 190, 191, 192, 193, 195, 193, 193, 193
2010,14201020,201,CH4 ,10PPBC,11,10, 193, 192, 193, 193, 196, 197, 200, 204, 198, 196,9999,9999,9999, 189, 188, 188, 189, 189, 192, 191, 192, 194, 196, 201
2010,14201020,201,CH4 ,10PPBC,11,11, 201, 203, 201, 199, 198, 197, 201, 203, 200, 199, 199, 200, 197, 194, 193, 194, 194, 194, 197, 203, 211, 213, 213, 212
2010,14201020,201,CH4 ,10PPBC,11,12, 214, 210, 208, 207, 205, 205, 204, 206, 210, 207, 203, 194, 189, 189, 190, 190, 189, 190, 191, 190, 191, 193, 197, 200
2010,14201020,201,CH4 ,10PPBC,11,13, 204, 206, 200, 196, 199, 202, 202, 198, 199, 198, 197, 197, 195, 195, 192, 192, 193, 193, 191, 191, 192, 202, 211, 204
2010,14201020,201,CH4 ,10PPBC,11,14, 199, 197, 197, 198, 200, 201, 202, 201, 201, 199, 224, 207, 215, 201, 195, 195, 197, 203, 211, 215, 220, 219, 216, 213
2010,14201020,201,CH4 ,10PPBC,11,15, 216, 215, 216, 223, 219, 218, 210, 202, 197, 195, 195, 200, 204, 199, 192, 194, 192, 192, 191, 194, 194, 193, 192, 191
2010,14201020,201,CH4 ,10PPBC,11,16, 193, 194, 191, 201, 196, 194, 194, 194, 195, 194, 195, 193, 192, 193, 192, 192, 192, 193, 193, 193, 191, 191, 191, 191
2010,14201020,201,CH4 ,10PPBC,11,17, 197, 203, 197, 197, 197, 197, 196, 194, 198, 196, 195, 193, 194, 191, 191, 192, 191, 192, 194, 199, 200, 193, 193, 192
2010,14201020,201,CH4 ,10PPBC,11,18, 192, 193, 194, 194, 192, 192, 193, 195, 194, 194,9999,9999, 197, 197, 192, 190, 190, 192, 194, 197, 202, 200, 194, 195
2010,14201020,201,CH4 ,10PPBC,11,19, 195, 193, 192, 192, 191, 192, 192, 193, 193, 193, 193, 194, 196, 199, 192, 192, 196, 190, 190, 192, 196, 206, 210, 209
2010,14201020,201,CH4 ,10PPBC,11,20, 203, 198, 196, 195, 194, 194, 194, 194, 194, 195, 194, 194, 194, 194, 199, 192, 192, 191, 191, 198, 217, 215, 223, 201
2010,14201020,201,CH4 ,10PPBC,11,21, 196, 196, 193, 193, 193, 192, 193, 192, 192, 191, 193, 193, 193, 195, 194, 197, 208, 205, 210, 210, 216, 221, 244, 220
2010,14201020,201,CH4 ,10PPBC,11,22, 215, 214, 207, 202, 202, 198, 200, 201, 201, 205, 203, 199, 199, 198, 197, 200, 199, 195, 194, 194, 195, 197, 201, 204
2010,14201020,201,CH4 ,10PPBC,11,23, 200, 193, 190, 191, 188, 187, 187, 187, 186, 187, 187, 189, 190, 190, 191, 192, 192, 191, 191, 192, 193, 193, 194, 195
2010,14201020,201,CH4 ,10PPBC,11,24, 195, 198, 193, 191, 192, 192, 195, 198, 197, 195, 191, 193, 193, 192, 193, 191, 192, 192, 193, 192, 191, 191, 191, 197
2010,14201020,201,CH4 ,10PPBC,11,25, 216, 206, 211, 206, 201, 201, 202, 200, 199, 203, 205, 203, 209, 199, 199, 203, 199, 201, 208, 204, 201, 201, 200, 198
2010,14201020,201,CH4 ,10PPBC,11,26, 233, 206, 207, 199, 195, 195, 197, 201, 203, 197,9999,9999, 198, 198, 199, 204, 192, 192, 193, 193, 190, 191, 191, 195
2010,14201020,201,CH4 ,10PPBC,11,27, 193, 192, 194, 193, 192, 192, 192, 193, 194, 194, 195, 193, 191, 190, 190, 190, 190, 191, 191, 192, 198, 205, 204, 204
2010,14201020,201,CH4 ,10PPBC,11,28, 207, 207, 202, 190, 189, 190, 189, 189, 190, 191, 191, 191, 190, 189, 189, 190, 190, 190, 193, 195, 192, 192, 193, 192
2010,14201020,201,CH4 ,10PPBC,11,29, 193, 192, 192, 193, 194, 194, 197, 199, 202, 199, 200, 196, 191, 190, 190, 191, 192, 192, 193, 194, 197, 201, 199, 196
2010,14201020,201,CH4 ,10PPBC,11,30, 197, 200, 198, 198, 195, 197, 195, 195, 195, 194, 198, 194, 192, 193, 194, 193, 193, 195, 194, 192, 192, 191, 190, 192
2010,14201020,201,CH4 ,10PPBC,11,31,9998,9998,9998,9998,9998,9998,9998,9998,9998,9998,9998,9998,9998,9998,9998,9998,9998,9998,9998,9998,9998,9998,9998,9998
2010,14201020,201,CH4 ,10PPBC,12, 1, 195, 198, 200, 203, 204, 205, 208, 213, 213, 201, 205, 210, 205, 200, 196, 197, 196, 204, 194, 193, 210, 209, 212, 216
2010,14201020,201,CH4 ,10PPBC,12, 2, 211, 203, 199, 198, 197, 197, 200, 203, 200, 201,9999,9999, 198, 201, 206, 200, 199, 201, 203, 212, 222, 211, 208, 206
2010,14201020,201,CH4 ,10PPBC,12, 3, 204, 205, 204, 209, 193, 183, 183, 183, 183, 182, 182, 184, 185, 186, 186, 185, 185, 184, 187, 189, 190, 190, 190, 190
2010,14201020,201,CH4 ,10PPBC,12, 4, 189, 189, 189, 189, 190, 190, 191, 194, 192, 190, 189, 189, 190, 191, 190, 190, 190, 195, 197, 199, 213, 218, 199, 198
2010,14201020,201,CH4 ,10PPBC,12, 5, 199, 199, 198, 197, 197, 197, 198, 200, 197, 199, 202, 200, 202, 201, 197, 195, 194, 201, 207, 213, 218, 215, 222, 214
2010,14201020,201,CH4 ,10PPBC,12, 6, 206, 201, 197, 195, 195, 195, 202, 203, 197, 200, 203, 200, 204, 196, 192, 194, 195, 193, 189, 191, 190, 202, 203, 217
2010,14201020,201,CH4 ,10PPBC,12, 7, 211, 207, 204, 205, 205, 207, 209, 208, 215, 208, 203, 200, 197, 192, 192, 195, 195, 192, 191, 191, 191, 195, 191, 193
2010,14201020,201,CH4 ,10PPBC,12, 8, 193, 191, 190, 190, 189, 190, 190, 192, 196, 193, 191, 189, 190, 189, 190, 190, 190, 190, 192, 194, 193, 191, 206, 203
2010,14201020,201,CH4 ,10PPBC,12, 9, 199, 196, 195, 193, 193, 193, 195, 195, 195, 195,9999,9999,9999, 188, 191, 191, 191, 192, 192, 192, 194, 194, 196, 202
2010,14201020,201,CH4 ,10PPBC,12,10, 207, 201, 203, 202, 200, 201, 201, 201, 196, 195, 195, 195, 194, 193, 192, 192, 192, 195, 202, 207, 209, 211, 204, 204
2010,14201020,201,CH4 ,10PPBC,12,11, 203, 201, 200, 200, 200, 205, 194, 190, 189, 189, 189, 188, 188, 187, 187, 187, 187, 187, 187, 187, 187, 188, 188, 188
2010,14201020,201,CH4 ,10PPBC,12,12, 189, 194, 196, 196, 195, 195, 193, 193, 192, 192, 192, 192, 195, 195, 194, 192, 192, 192, 191, 189, 190, 191, 190, 194
2010,14201020,201,CH4 ,10PPBC,12,13, 194, 193, 192, 194, 193, 193, 193, 192, 193, 193, 192, 192, 193, 193, 193, 193, 193, 193, 193, 193, 196, 197, 195, 197
2010,14201020,201,CH4 ,10PPBC,12,14, 199, 200, 202, 199, 197, 195, 195, 194, 198, 199, 200, 209, 203, 201, 192, 193, 195, 192, 194, 195, 202, 202, 202, 201
2010,14201020,201,CH4 ,10PPBC,12,15, 191, 191, 189, 188, 188, 189, 190, 191, 195, 195, 196, 196, 193, 192, 193, 193, 194, 192, 191, 192, 193, 193, 193, 194
2010,14201020,201,CH4 ,10PPBC,12,16, 194, 194, 194, 193, 194, 197, 195, 195, 194, 195,9999,9999, 193, 195, 195, 194, 193, 196, 197, 203, 202, 200, 199, 200
2010,14201020,201,CH4 ,10PPBC,12,17, 200, 200, 201, 202, 201, 194, 196, 204, 197, 196, 193, 194, 197, 200, 195, 194, 195, 198, 203, 208, 208, 218, 214, 213
2010,14201020,201,CH4 ,10PPBC,12,18, 214, 211, 209, 203, 201, 201, 200, 203, 198, 192, 191, 194, 197, 198, 201, 198, 196, 192, 192, 195, 197, 195, 194, 193
2010,14201020,201,CH4 ,10PPBC,12,19, 192, 192, 192, 193, 191, 193, 195, 196, 197, 195, 196, 196, 194, 198, 193, 192, 193, 192, 192, 204, 207, 210, 204, 202
2010,14201020,201,CH4 ,10PPBC,12,20, 199, 199, 197, 199, 199, 198, 199, 202, 196, 194, 191, 187, 187, 187, 187, 188, 202, 212, 227, 234, 208, 203, 208, 215
2010,14201020,201,CH4 ,10PPBC,12,21, 212, 213, 212, 218, 221, 214, 204, 200, 197, 198, 200, 201, 200, 199, 199, 198, 197, 197, 197, 196, 195, 194, 198, 198
2010,14201020,201,CH4 ,10PPBC,12,22, 195, 195, 199, 195, 195, 192, 191, 192, 193,9999,9999,9999, 187, 188, 188, 188, 190, 196, 202, 208, 211, 217, 213, 212
2010,14201020,201,CH4 ,10PPBC,12,23, 220, 207, 203, 200, 199, 200, 201, 200, 199, 191, 190, 190, 190, 189, 191, 191, 195, 192, 201, 207, 212, 213, 213, 213
2010,14201020,201,CH4 ,10PPBC,12,24, 217, 210, 203, 199, 191, 191, 191, 192, 192, 192, 191, 192, 192, 191, 190, 190, 189, 191, 195, 197, 199, 201, 200, 198
2010,14201020,201,CH4 ,10PPBC,12,25, 199, 200, 199, 194, 190, 190, 190, 190, 190, 190, 190, 190, 190, 190, 189, 190, 190, 190, 190, 190, 190, 190, 189, 190
2010,14201020,201,CH4 ,10PPBC,12,26, 189, 189, 190, 190, 189, 189, 189, 189, 189, 189, 189, 189, 189, 189, 189, 189, 189, 189, 190, 190, 190, 191, 190, 191
2010,14201020,201,CH4 ,10PPBC,12,27, 190, 191, 191, 191, 191, 191, 191, 191, 191, 191, 191, 192, 191, 191, 191, 191, 191, 192, 197, 207, 203, 205, 206, 207
2010,14201020,201,CH4 ,10PPBC,12,28, 209, 209, 206, 206, 205, 203, 204, 210, 211, 206, 204, 191, 190, 190,9999,9999, 190, 190, 189, 190, 189, 188, 189, 192
2010,14201020,201,CH4 ,10PPBC,12,29, 200, 201, 193, 197, 201, 204, 203, 205, 200, 197, 195, 193, 193, 193, 193, 192, 193, 194, 195, 194, 193, 193, 193, 195
2010,14201020,201,CH4 ,10PPBC,12,30, 202, 204, 203, 203, 204, 205, 201, 204, 199, 195, 193, 194, 195, 194, 189, 190, 205, 202, 199, 197, 196, 197, 201, 202
2010,14201020,201,CH4 ,10PPBC,12,31, 203, 204, 203, 204, 203, 202, 200, 200, 201, 194, 194, 193, 192, 191, 191, 191, 192, 197, 209, 221, 289, 203, 203, 198
2010,14201020,201,CH4 ,10PPBC, 1, 1, 200, 198, 201, 202, 201, 202, 203, 203, 204, 197, 194, 194, 195, 197, 196, 195, 196, 203, 199, 194, 203, 214, 210, 211
2010,14201020,201,CH4 ,10PPBC, 1, 2, 208, 191, 191, 191, 191, 191, 199, 203, 201, 199, 193, 195, 196, 195, 194, 193, 193, 195, 204, 197, 195, 194, 194, 193
2010,14201020,201,CH4 ,10PPBC, 1, 3, 192, 194, 193, 193, 195, 195, 195, 195, 195, 195, 194, 195, 194, 197, 199, 192, 193, 194, 193, 194, 212, 214, 210, 212
2010,14201020,201,CH4 ,10PPBC, 1, 4, 200, 196, 193, 193, 193, 193, 192, 193, 195, 195, 194, 192, 192, 191, 191, 192, 192, 196, 201, 200, 200, 199, 201, 207
2010,14201020,201,CH4 ,10PPBC, 1, 5, 206, 201, 201, 202, 201, 209, 203, 205, 205, 198, 194, 193, 191, 191, 190, 189, 190, 189, 190, 191, 191, 191, 190, 191
2010,14201020,201,CH4 ,10PPBC, 1, 6, 191, 190, 190, 190, 190, 190, 193, 194, 193, 192,9999,9999, 191, 192, 191, 193, 195, 192, 192, 193, 194, 194, 193, 194
2010,14201020,201,CH4 ,10PPBC, 1, 7, 196, 193, 191, 191, 191, 192, 192, 192, 193, 192, 192, 191, 192, 191, 191, 191, 191, 192, 193, 196, 196, 194, 193, 192
2010,14201020,201,CH4 ,10PPBC, 1, 8, 193, 192, 195, 195, 197, 198, 196, 201, 197, 197, 199, 193, 192, 193, 190, 190, 190, 192, 194, 192, 203, 205, 214, 209
2010,14201020,201,CH4 ,10PPBC, 1, 9, 196, 202, 203, 206, 196, 194, 192, 194, 191, 190, 189, 189, 188, 188, 189, 189, 193, 198, 198, 189, 189, 190, 191, 193
2010,14201020,201,CH4 ,10PPBC, 1,10, 192, 192, 193, 193, 194, 194, 194, 194, 194, 193, 193, 192, 192, 193, 193, 193, 193, 193, 193, 194, 195, 196, 195, 195
2010,14201020,201,CH4 ,10PPBC, 1,11, 194, 194, 194, 193, 194, 194, 196, 197, 198, 199, 199, 201, 204,9999,9999, 195, 196, 200, 205, 209, 211, 196, 194, 194
2010,14201020,201,CH4 ,10PPBC, 1,12, 198, 194, 201, 206, 203, 200, 199, 201, 202, 200, 205, 202, 206, 207, 201, 200, 199, 199, 201, 192, 193, 193, 193, 193
2010,14201020,201,CH4 ,10PPBC, 1,13, 193, 194, 193, 193, 192, 193, 193, 193, 193, 194, 193, 193, 194, 194, 196, 199, 200, 195, 194, 194, 195, 195, 195, 195
2010,14201020,201,CH4 ,10PPBC, 1,14, 195, 194, 194, 195, 195, 204, 206, 211, 208, 200, 197, 194, 195, 197, 195, 194, 193, 195, 203, 214, 219, 219, 217, 212
2010,14201020,201,CH4 ,10PPBC, 1,15, 207, 203, 201, 204, 206, 206, 211, 220, 222, 206, 200, 192, 192, 191, 191, 191, 190, 190, 194, 193, 192, 192, 203, 201
2010,14201020,201,CH4 ,10PPBC, 1,16, 202, 201, 201, 200, 201, 200, 195, 195, 194, 193, 194, 193, 193, 192, 193, 193, 194, 194, 195, 195, 195, 195, 194, 193
2010,14201020,201,CH4 ,10PPBC, 1,17, 193, 192, 193, 194, 199, 199, 203, 208, 208, 197, 192, 191, 191, 191, 192, 192, 194, 194, 193, 194, 195, 210, 199, 207
2010,14201020,201,CH4 ,10PPBC, 1,18, 209, 208, 206, 205, 205, 205, 205, 213, 220, 214,9999,9999, 194, 191, 192, 191, 191, 196, 204, 213, 218, 228, 225, 199
2010,14201020,201,CH4 ,10PPBC, 1,19, 194, 197, 200, 196, 200, 202, 205, 209, 215, 201, 199, 200, 198, 204, 196, 193, 194, 195, 205, 213, 207, 191, 193, 195
2010,14201020,201,CH4 ,10PPBC, 1,20, 199, 208, 208, 208, 208, 201, 203, 204, 203, 195, 195, 193, 192, 194, 192, 192, 191, 192, 192, 192, 192, 192, 194, 197
2010,14201020,201,CH4 ,10PPBC, 1,21, 194, 193, 193, 192, 192, 191, 191, 193, 193, 193, 193, 192, 192, 193, 191, 192, 192, 193, 203, 211, 216, 217, 208, 202
2010,14201020,201,CH4 ,10PPBC, 1,22, 200, 194, 194, 192, 191, 191, 191, 193, 195, 195, 195, 196, 193, 193, 191, 190, 189, 192, 198, 207, 210, 200, 196, 201
2010,14201020,201,CH4 ,10PPBC, 1,23, 206, 211, 209, 209, 204, 206, 210, 208, 207, 197, 198, 200, 205, 203, 197, 195, 194, 192, 193, 195, 195, 194, 196, 197
2010,14201020,201,CH4 ,10PPBC, 1,24, 200, 199, 198, 194, 194, 195, 199, 199, 202, 200,9999,9999, 197, 197, 197, 201, 205, 201, 202, 198, 196, 195, 195, 195
2010,14201020,201,CH4 ,10PPBC, 1,25, 196, 197, 197, 196, 196, 196, 196, 198, 199, 197, 194, 193, 193, 194, 193, 193, 194, 195, 204, 194, 194, 192, 193, 193
2010,14201020,201,CH4 ,10PPBC, 1,26, 195, 195, 196, 196, 200, 204, 208, 214, 204, 197, 198, 197, 195, 192, 191, 191, 190, 193, 192, 192, 193, 193, 194, 194
2010,14201020,201,CH4 ,10PPBC, 1,27, 195, 196, 198, 199, 200, 201, 205, 210, 208, 195, 195, 196, 195, 193, 192, 192, 191, 196, 195, 193, 193, 193, 192, 193
2010,14201020,201,CH4 ,10PPBC, 1,28, 193, 193, 193, 194, 198, 198, 200, 205, 198, 195, 194, 193, 193, 193, 193, 194, 194, 195, 194, 191, 193, 193, 193, 193
2010,14201020,201,CH4 ,10PPBC, 1,29, 194, 193, 194, 192, 193, 199, 201, 195, 199, 198, 194, 193, 192, 192, 191, 192, 191, 192, 197, 210, 213, 217, 209, 207
2010,14201020,201,CH4 ,10PPBC, 1,30, 205, 198, 200, 200, 200, 193, 192, 193, 192, 192, 191, 192, 192, 191, 190, 190, 190, 190, 191, 192, 200, 196, 195, 195
2010,14201020,201,CH4 ,10PPBC, 1,31, 198, 202, 201, 200, 200, 199, 203, 204, 198, 195, 193, 194, 193, 192, 192, 191, 190, 191, 196, 202, 208, 212, 208, 207
2010,14201020,201,CH4 ,10PPBC, 2, 1, 209, 209, 209, 209, 210, 209, 208, 212, 209, 196,9999,9999, 192, 191, 190, 190, 190, 191, 205, 201, 192, 196, 203, 194
2010,14201020,201,CH4 ,10PPBC, 2, 2, 194, 193, 193, 195, 195, 193, 192, 193, 196, 197, 197, 201, 196, 193, 195, 194, 193, 193, 193, 196, 195, 196, 195, 195
2010,14201020,201,CH4 ,10PPBC, 2, 3, 203, 209, 204, 199, 199, 203, 209, 214, 207, 201, 203, 195, 197, 200, 194, 193, 191, 192, 194, 193, 195, 202, 211, 214
2010,14201020,201,CH4 ,10PPBC, 2, 4, 203, 205, 205, 205, 200, 201, 204, 208, 208, 209, 215, 201, 212, 214, 208, 197, 191, 195, 204, 213, 216, 217, 218, 220
2010,14201020,201,CH4 ,10PPBC, 2, 5, 224, 223, 214, 217, 211, 203, 200, 198, 197, 197, 197, 198, 199, 198, 194, 195, 197, 200, 211, 221, 226, 225, 231, 204
2010,14201020,201,CH4 ,10PPBC, 2, 6, 197, 196, 196, 195, 195, 197, 204, 203, 202, 201, 201, 198, 198, 199, 199, 200, 200, 200, 202, 206, 211, 209, 208, 203
2010,14201020,201,CH4 ,10PPBC, 2, 7, 204, 210, 210, 210, 208, 208, 211, 211, 200, 195, 193, 194, 193, 193, 195, 198, 198, 194, 193, 194, 194, 196, 197, 196
2010,14201020,201,CH4 ,10PPBC, 2, 8, 194, 194, 197, 193, 195, 196, 197, 194, 200, 199, 200, 200, 196,9999,9999, 193, 192, 194, 206, 195, 193, 192, 199, 194
2010,14201020,201,CH4 ,10PPBC, 2, 9, 193, 192, 194, 195, 193, 196, 196, 193, 193, 193, 194, 193, 195, 197, 196, 197, 193, 199, 206, 212, 218, 222, 209, 193
2010,14201020,201,CH4 ,10PPBC, 2,10, 195, 196, 195, 192, 192, 192, 193, 194, 196, 199, 194, 195, 195, 197, 194, 193, 193, 193, 195, 198, 201, 196, 195, 194
2010,14201020,201,CH4 ,10PPBC, 2,11, 194, 193, 193, 193, 194, 193, 195, 195, 193, 193, 195, 195, 195, 196, 195, 194, 194, 193, 195, 195, 195, 194, 193, 193
2010,14201020,201,CH4 ,10PPBC, 2,12, 192, 191, 191, 191, 191, 191, 191, 192, 193, 192, 193, 193, 194, 194, 193, 194, 193, 194, 194, 194, 193, 196, 200, 206
2010,14201020,201,CH4 ,10PPBC, 2,13, 207, 205, 201, 199, 198, 198, 200, 201, 200, 195, 193, 193, 193, 193, 193, 195, 194, 194, 197, 215, 204, 199, 199, 200
2010,14201020,201,CH4 ,10PPBC, 2,14, 198, 200, 199, 197, 196, 195, 195, 199, 198, 198,9999,9999,9999,9999,9999, 199, 201, 197, 197, 203, 202, 198, 195, 196
2010,14201020,201,CH4 ,10PPBC, 2,15, 194, 192, 192, 191, 191, 192, 192, 193, 194, 198, 195, 195, 194, 192, 192, 192, 192, 192, 193, 193, 195, 198, 194, 194
2010,14201020,201,CH4 ,10PPBC, 2,16, 194, 194, 199, 200, 202, 203, 205, 205, 199, 200, 200, 202, 198, 196, 195, 193, 192, 193, 195, 201, 213, 202, 195, 202
2010,14201020,201,CH4 ,10PPBC, 2,17, 206, 204, 202, 203, 205, 206, 209, 214, 222, 233, 200, 199, 200, 192, 188, 187, 188, 188, 188, 187, 188, 190, 188, 188
2010,14201020,201,CH4 ,10PPBC, 2,18, 186, 186, 185, 186, 185, 185, 185, 185, 188, 190, 193, 191, 189, 189, 189, 190, 192, 191, 191, 191, 192, 192, 192, 193
2010,14201020,201,CH4 ,10PPBC, 2,19, 192, 192, 192, 192, 193, 193, 193, 192, 192, 192, 194, 195, 194, 193, 193, 194, 193, 192, 190, 191, 192, 192, 193, 197
2010,14201020,201,CH4 ,10PPBC, 2,20, 207, 201, 202, 199, 196, 194, 194, 195, 195, 195, 196, 195, 195, 197, 197, 195, 197, 193, 190, 190, 190, 190, 191, 194
2010,14201020,201,CH4 ,10PPBC, 2,21, 189, 190, 190, 193, 194, 192, 191, 191, 197, 196, 197, 195, 198, 196, 194, 194, 194, 194, 194, 193, 192, 192, 192, 192
2010,14201020,201,CH4 ,10PPBC, 2,22, 192, 197, 194, 194, 192, 196, 195, 200, 195, 192, 196, 196, 196, 193, 193, 193, 194, 195, 194, 192, 191, 191, 191, 191
2010,14201020,201,CH4 ,10PPBC, 2,23, 194, 193, 195, 195, 195, 194, 194, 194, 194, 195, 197, 196,9999,9999,9999, 199, 194, 193, 195, 201, 204, 208, 212, 211
2010,14201020,201,CH4 ,10PPBC, 2,24, 198, 196, 194, 200, 204, 199, 207, 207, 204, 196, 196, 200, 201, 198, 190, 191, 189, 188, 189, 189, 192, 194, 192, 186
2010,14201020,201,CH4 ,10PPBC, 2,25, 187, 186, 186, 186, 186, 186, 186, 185, 186, 186, 186, 185, 185, 185, 186, 185, 185, 186, 187, 187, 190, 192, 192, 191
2010,14201020,201,CH4 ,10PPBC, 2,26, 192, 192, 192, 191, 191, 191, 193, 193, 192, 193, 195, 193, 194, 193, 194, 194, 193, 192, 193, 194, 196, 193, 197, 207
2010,14201020,201,CH4 ,10PPBC, 2,27, 207, 204, 202, 206, 207, 205, 203, 201, 203, 194, 189, 189, 189, 189, 188, 188, 188, 188, 188, 188, 189, 195, 197, 199
2010,14201020,201,CH4 ,10PPBC, 2,28, 194, 193, 193, 192, 192, 192, 191, 195, 197, 194, 194,9999,9999, 193, 193, 194, 194, 194, 194, 197, 197, 198, 195, 194
2010,14201020,201,CH4 ,10PPBC, 2,29,9998,9998,9998,9998,9998,9998,9998,9998,9998,9998,9998,9998,9998,9998,9998,9998,9998,9998,9998,9998,9998,9998,9998,9998
2010,14201020,201,CH4 ,10PPBC, 2,30,9998,9998,9998,9998,9998,9998,9998,9998,9998,9998,9998,9998,9998,9998,9998,9998,9998,9998,9998,9998,9998,9998,9998,9998
2010,14201020,201,CH4 ,10PPBC, 2,31,9998,9998,9998,9998,9998,9998,9998,9998,9998,9998,9998,9998,9998,9998,9998,9998,9998,9998,9998,9998,9998,9998,9998,9998
2010,14201020,201,CH4 ,10PPBC, 3, 1, 193, 193, 196, 194, 194, 195, 196, 198, 198, 196, 197, 201, 193, 195, 192, 192, 198, 212, 203, 198, 197, 197, 198, 198
2010,14201020,201,CH4 ,10PPBC, 3, 2, 197, 196, 197, 209, 190, 191, 195, 194, 194, 194, 192, 191, 192, 192, 192, 193, 194, 191, 194, 191, 191, 193, 195, 194
2010,14201020,201,CH4 ,10PPBC, 3, 3, 194, 194, 192, 191, 191, 192, 192, 192, 192, 191, 192, 191, 192, 192, 192, 195, 195, 191, 191, 192, 191, 192, 194, 193
2010,14201020,201,CH4 ,10PPBC, 3, 4, 193, 193, 194, 194, 195, 195, 195, 194, 192, 192, 191, 190, 190, 191, 191, 191, 192, 192, 192, 193, 195, 199, 202, 207
2010,14201020,201,CH4 ,10PPBC, 3, 5, 199, 205, 202, 203, 203, 201, 204, 200, 192, 192, 191, 192, 192, 191, 190, 190, 190, 190, 191, 192, 191, 191, 190, 190
2010,14201020,201,CH4 ,10PPBC, 3, 6, 190, 190, 189, 191, 196, 196, 197, 199, 199, 190, 189, 189, 189, 187, 187, 187, 187, 188, 188, 194, 190, 191, 194, 197
2010,14201020,201,CH4 ,10PPBC, 3, 7, 200, 200, 200, 200, 200, 195, 194, 195, 192, 194, 196,9999,9999, 193, 193, 197, 197, 195, 196, 194, 194, 196, 194, 192
2010,14201020,201,CH4 ,10PPBC, 3, 8, 193, 193, 195, 192, 194, 197, 199, 202, 202, 206, 201, 195, 196, 199, 196, 194, 194, 193, 194, 201, 209, 215, 209, 206
2010,14201020,201,CH4 ,10PPBC, 3, 9, 209, 201, 197, 197, 198, 202, 204, 201, 199, 196, 193, 192, 192, 190, 191, 189, 189, 189, 189, 189, 189, 190, 190, 191
2010,14201020,201,CH4 ,10PPBC, 3,10, 191, 192, 192, 192, 191, 192, 192, 193, 193, 193, 194, 194, 192, 193, 192, 192, 192, 192, 193, 192, 192, 192, 192, 196
2010,14201020,201,CH4 ,10PPBC, 3,11, 199, 198, 199, 201, 197, 194, 197, 197, 194, 194, 193, 191, 190, 190, 189, 190, 190, 190, 192, 192, 192, 193, 193, 193
2010,14201020,201,CH4 ,10PPBC, 3,12, 193, 196, 203, 203, 205, 205, 207, 202, 198, 198, 194, 193, 194, 193, 194, 193, 194, 196, 198, 198, 200, 203, 208, 210
2010,14201020,201,CH4 ,10PPBC, 3,13, 210, 206, 201, 198, 199, 203, 204, 203, 199, 200, 204, 202, 196, 197, 194, 191, 190, 190, 190, 190, 191, 191, 191, 190
2010,14201020,201,CH4 ,10PPBC, 3,14, 195, 196, 197, 199, 200, 194, 194, 189, 188, 188, 187, 187, 187, 187, 187, 186, 186, 186, 186, 186, 187, 187, 187, 186
2010,14201020,201,CH4 ,10PPBC, 3,15, 187, 187, 188, 193, 194, 197, 201, 195, 194, 193, 194, 193, 194, 192, 192, 193, 192, 194, 194, 196, 200, 200, 192, 191
2010,14201020,201,CH4 ,10PPBC, 3,16, 190, 191, 202, 192, 194, 193, 198, 195, 194, 195, 193, 192, 192, 192, 191, 191, 191, 192, 192, 192, 193, 193, 193, 193
2010,14201020,201,CH4 ,10PPBC, 3,17, 194, 193, 193, 194, 193, 193, 194, 193, 193, 192, 191, 191, 192, 191, 191,9999,9999, 192, 191, 192, 192, 193, 193, 192
2010,14201020,201,CH4 ,10PPBC, 3,18, 192, 192, 191, 191, 191, 191, 191, 191, 192, 196, 192, 192, 192, 192, 192, 190, 190, 189, 189, 189, 189, 189, 189, 189
2010,14201020,201,CH4 ,10PPBC, 3,19, 188, 188, 189, 188, 189, 189, 189, 188, 188, 188, 188, 188, 188, 188, 187, 187, 188, 188, 188, 190, 192, 193, 197, 202
2010,14201020,201,CH4 ,10PPBC, 3,20, 201, 197, 196, 197, 198, 199, 200, 199, 198, 199, 199, 212, 193, 191, 191, 190, 187, 187, 187, 187, 186, 186, 186, 185
2010,14201020,201,CH4 ,10PPBC, 3,21, 185, 185, 185, 185, 185, 185, 184, 185, 190, 194, 194, 196, 194, 193, 190, 189, 190, 190, 189, 190, 189, 189, 190, 189
2010,14201020,201,CH4 ,10PPBC, 3,22, 190, 189, 189, 195, 193, 192, 192, 192, 192, 192, 195, 198, 196, 194, 195, 193, 193, 194, 195, 196, 199, 192, 191, 192
2010,14201020,201,CH4 ,10PPBC, 3,23, 200, 200, 196, 194, 193, 192, 192, 192, 192, 194, 194, 192, 191, 191, 191, 192, 195, 193, 192, 190, 193, 192, 193, 191
2010,14201020,201,CH4 ,10PPBC, 3,24, 193, 195, 195, 195, 194, 197, 195, 197, 196, 194, 191,9999,9999, 190, 191, 190, 190, 190, 190, 198, 194, 194, 197, 197
2010,14201020,201,CH4 ,10PPBC, 3,25, 198, 199, 199, 199, 200, 199, 202, 203, 195, 194, 193, 192, 191, 189, 189, 189, 189, 189, 189, 189, 189, 190, 191, 194
2010,14201020,201,CH4 ,10PPBC, 3,26, 196, 194, 193, 194, 193, 193, 194, 194, 191, 190, 190, 190, 190, 190, 190, 190, 190, 190, 190, 190, 190, 190, 191, 191
2010,14201020,201,CH4 ,10PPBC, 3,27, 191, 190, 191, 190, 191, 191, 192, 192, 192,9999,9999,9999, 191, 191, 190, 190, 191, 191, 192, 193, 191, 190, 190, 190
2010,14201020,201,CH4 ,10PPBC, 3,28, 191, 191, 190, 189, 191, 190, 190, 190, 190, 192, 192, 190, 191, 190, 190, 188, 188, 188, 189, 191, 192, 192, 191, 192
2010,14201020,201,CH4 ,10PPBC, 3,29, 191, 195, 194, 195, 194, 198, 199, 197, 198, 196, 195, 194, 193, 189, 189, 189, 189, 189, 190, 192, 202, 200, 201, 199
2010,14201020,201,CH4 ,10PPBC, 3,30, 198, 194, 194, 194, 195, 197, 195, 195, 196, 197,9999,9999, 193, 190, 190, 190, 190, 190, 190, 191, 197, 209, 196, 192
2010,14201020,201,CH4 ,10PPBC, 3,31, 192, 193, 193, 193, 192, 192, 193, 195, 194, 195, 194, 193, 192, 190, 189, 189, 190, 189, 190, 191, 193, 192, 191, 192
2010,14201040,201,CH4 ,10PPBC, 4, 1, 187, 187, 187, 187, 187, 187, 187, 187, 186, 187, 186,9999,9999, 185, 185, 185, 185, 185, 185, 185, 184, 184, 185, 184
2010,14201040,201,CH4 ,10PPBC, 4, 2, 184, 184, 184, 183, 183, 183, 182, 182, 183, 182, 182, 182, 183, 184, 186, 187, 188, 189, 190, 190, 190, 190, 190, 190
2010,14201040,201,CH4 ,10PPBC, 4, 3, 189, 190, 190, 190, 190, 190, 190, 192, 191, 191, 191, 190, 190, 189, 188, 188, 188, 188, 189, 190, 190, 190, 191, 190
2010,14201040,201,CH4 ,10PPBC, 4, 4, 190, 191, 192, 191, 194, 191, 191, 191, 191, 191, 192, 192, 192, 191, 191, 191, 192, 192, 192, 192, 199, 200, 198, 197
2010,14201040,201,CH4 ,10PPBC, 4, 5, 196, 195, 195, 201, 193, 202, 196, 195, 197, 197, 199, 201, 203, 202, 201, 200, 200, 204, 201, 200, 199, 202, 199, 204
2010,14201040,201,CH4 ,10PPBC, 4, 6, 205, 205, 218, 200, 196, 194, 191, 191, 190, 191,9999,9999, 189, 189, 187, 186, 187, 187, 187, 186, 186, 187, 186, 186
2010,14201040,201,CH4 ,10PPBC, 4, 7, 185, 185, 184, 185, 184, 184, 184, 185, 186, 194, 196, 202, 190, 189, 190, 189, 190, 190, 190, 190, 190, 190, 190, 190
2010,14201040,201,CH4 ,10PPBC, 4, 8, 190, 191, 192, 192, 190, 191, 191, 191, 190, 191, 190, 190, 191, 190, 190, 190, 190, 190, 191, 191, 191, 192, 191, 193
2010,14201040,201,CH4 ,10PPBC, 4, 9, 194, 190, 194, 195, 198, 196, 194, 192, 192, 192, 191, 189, 189, 188, 188, 187, 187, 187, 187, 187, 196, 198, 203, 206
2010,14201040,201,CH4 ,10PPBC, 4,10, 193, 189, 192, 196, 192, 191, 191, 192, 192, 196, 200, 195, 192, 188, 190, 188, 185, 184, 184, 186, 186, 187, 185, 184
2010,14201040,201,CH4 ,10PPBC, 4,11, 184, 185, 185, 186, 185, 185, 184, 186, 186, 186, 186, 186, 188, 188, 186, 184, 184, 184, 185, 188, 187, 188, 188, 188
2010,14201040,201,CH4 ,10PPBC, 4,12, 188, 189, 191, 190, 193, 194, 189, 188, 189, 188,9999,9999, 191, 190, 189, 191, 190, 189, 189, 190, 190, 189, 188, 188
2010,14201040,201,CH4 ,10PPBC, 4,13, 186, 185, 184, 184, 184, 184, 184, 184, 184, 184, 183, 183, 181, 181, 181, 180, 180, 180, 179, 180, 180, 180, 180, 181
2010,14201040,201,CH4 ,10PPBC, 4,14, 181, 181, 184, 185, 184, 184, 185, 185, 185, 186, 185, 186, 185, 185, 185, 185, 185, 184, 184, 185, 185, 185, 187, 188
2010,14201040,201,CH4 ,10PPBC, 4,15, 187, 186, 187, 185, 185, 186, 186, 186, 187, 185, 186, 186, 186, 186, 186, 186, 187, 186, 186, 187, 187, 185, 186, 187
2010,14201040,201,CH4 ,10PPBC, 4,16, 187, 185, 185, 186, 186, 186, 190, 186, 187, 185, 185, 186, 185, 186, 185, 185, 188, 187, 187, 187, 187, 188, 187, 187
2010,14201040,201,CH4 ,10PPBC, 4,17, 187, 186, 186, 186, 185, 185, 185, 184, 185, 188, 188, 187, 185, 185, 185, 187, 187, 185, 185, 187, 187, 187, 190, 189
2010,14201040,201,CH4 ,10PPBC, 4,18, 192, 197, 195, 193, 191, 188, 188, 190, 189, 190, 190, 188, 186, 184, 185, 186, 186, 186, 185, 186, 188, 191, 198, 209
2010,14201040,201,CH4 ,10PPBC, 4,19, 203, 207, 216, 198, 189, 190, 191, 193, 192, 190, 190, 191, 191, 186, 186, 184, 184, 183, 183, 183, 182, 182, 182, 182
2010,14201040,201,CH4 ,10PPBC, 4,20, 182, 182, 182, 182, 181, 181, 180, 180, 180, 180, 181,9999,9999,9999, 184, 183, 184, 184, 184, 185, 193, 196, 189, 190
2010,14201040,201,CH4 ,10PPBC, 4,21, 194, 190, 191, 193, 212, 247, 210, 207, 203, 201, 194, 190, 197, 196, 190, 183, 183, 183, 184, 185, 184, 184, 186, 186
2010,14201040,201,CH4 ,10PPBC, 4,22, 186, 188, 190, 191, 191, 190, 191, 191, 191, 191, 193, 193, 198, 196, 192, 192, 192, 191, 192, 192, 193, 192, 192, 192
2010,14201040,201,CH4 ,10PPBC, 4,23, 191, 191, 191, 190, 191, 190, 191, 192, 190, 193, 191, 191, 192, 192, 191, 191, 190, 188, 190, 190, 189, 189, 190, 189
2010,14201040,201,CH4 ,10PPBC, 4,24, 189, 189, 191, 191, 191, 191, 189, 189, 189, 190, 189, 190, 190, 191, 189, 191, 191, 190, 190, 191, 192, 193, 193, 193
2010,14201040,201,CH4 ,10PPBC, 4,25, 193, 195, 196, 192, 192, 195, 198, 202, 201, 195, 192, 190, 189, 189, 189, 189, 190, 189, 188, 188, 189, 189, 188, 189
2010,14201040,201,CH4 ,10PPBC, 4,26, 189, 190, 195, 198, 204, 206, 199, 194, 191, 194,9999,9999, 189, 188, 188, 188, 187, 186, 186, 187, 187, 189, 190, 195
2010,14201040,201,CH4 ,10PPBC, 4,27, 196, 199, 200, 194, 200, 194, 199, 209, 203, 207, 200, 193, 187, 186, 185, 185, 185, 185, 185, 185, 186, 186, 185, 185
2010,14201040,201,CH4 ,10PPBC, 4,28, 185, 184, 184, 184, 183, 183, 182, 182, 182, 182, 182, 181, 184, 186, 188, 186, 186, 186, 189, 189, 188, 190, 191, 192
2010,14201040,201,CH4 ,10PPBC, 4,29, 190, 191, 193, 187, 182, 183, 183, 183, 183, 181, 181, 181, 182, 182, 182, 182, 182, 183, 183, 184, 184, 184, 184, 184
2010,14201040,201,CH4 ,10PPBC, 4,30, 185, 187, 190, 188, 188, 188, 189, 190, 187, 187, 187, 186, 186, 184, 184, 184, 184, 184, 184, 184, 184, 186, 188, 186
2010,14201040,201,CH4 ,10PPBC, 4,31,9998,9998,9998,9998,9998,9998,9998,9998,9998,9998,9998,9998,9998,9998,9998,9998,9998,9998,9998,9998,9998,9998,9998,9998
2010,14201040,201,CH4 ,10PPBC, 5, 1, 186, 186, 187, 190, 193, 199, 200, 188, 187, 187, 186, 186, 186, 185, 185, 185, 185, 185, 185, 185, 186, 186, 187, 187
2010,14201040,201,CH4 ,10PPBC, 5, 2, 187, 189, 197, 197, 189, 191, 190, 192, 193, 192, 191, 189, 188, 187, 185, 185, 185, 184, 184, 184, 184, 185, 185, 185
2010,14201040,201,CH4 ,10PPBC, 5, 3, 185, 184, 186, 194, 197, 198, 196, 195, 194, 193, 193, 188, 185, 184, 183, 183, 183, 183, 183, 182, 182, 182, 183, 183
2010,14201040,201,CH4 ,10PPBC, 5, 4, 183, 183, 183, 183, 183, 183, 182, 183, 183, 182, 182, 182, 182, 183, 183, 183, 183, 182, 182, 181, 182, 181, 182, 182
2010,14201040,201,CH4 ,10PPBC, 5, 5, 182, 181, 181, 181, 181, 182, 183, 185, 193, 192, 189, 189, 183, 182, 181, 181, 181, 180, 181, 181, 181, 181, 181, 181
2010,14201040,201,CH4 ,10PPBC, 5, 6, 181, 181, 181, 181, 180, 179, 179, 179, 178, 177, 177,9999,9999, 179, 179, 179, 179, 179, 179, 179, 180, 179, 180, 181
2010,14201040,201,CH4 ,10PPBC, 5, 7, 181, 181, 181, 180, 181, 180, 180, 180, 180, 179, 179, 179, 179, 179, 179, 178, 178, 177, 178, 177, 177, 178, 178, 178
2010,14201040,201,CH4 ,10PPBC, 5, 8, 179, 186, 188, 186, 186, 189, 187, 187, 187, 187, 188, 188, 186, 186, 185, 185, 185, 185, 185, 185, 185, 185, 184, 184
2010,14201040,201,CH4 ,10PPBC, 5, 9, 184, 184, 185, 187, 188, 192, 193, 193, 195, 193, 192, 192, 191, 190, 190, 189, 191, 187, 188, 189, 192, 193, 192, 193
2010,14201040,201,CH4 ,10PPBC, 5,10, 190, 190, 189, 190, 190, 193, 194, 192, 193, 191, 191, 192, 190, 188,9999,9999, 188, 187, 187, 186, 187, 187, 188, 188
2010,14201040,201,CH4 ,10PPBC, 5,11, 190, 191, 204, 208, 197, 196, 199, 189, 185, 185, 185, 185, 186, 185, 186, 184, 186, 187, 186, 186, 189, 188, 188, 188
2010,14201040,201,CH4 ,10PPBC, 5,12, 188, 188, 189, 189, 188, 186, 187, 188, 189, 188, 185, 187, 189, 187, 186, 188, 186, 186, 186, 188, 189, 191, 190, 197
2010,14201040,201,CH4 ,10PPBC, 5,13, 199, 199, 193, 191, 190, 188, 188, 189, 189, 188, 189, 188, 188, 187, 187, 187, 187, 186, 187, 187, 187, 188, 189, 189
2010,14201040,201,CH4 ,10PPBC, 5,14, 189, 189, 188, 188, 188, 188, 188, 190, 189, 189, 188, 189, 189, 189, 190, 189, 188, 187, 186, 187, 188, 189, 188, 190
2010,14201040,201,CH4 ,10PPBC, 5,15, 191, 191, 189, 187, 188, 188, 189, 189, 188, 188, 188, 188, 188, 188, 188, 187, 186, 187, 187, 188, 187, 188, 188, 190
2010,14201040,201,CH4 ,10PPBC, 5,16, 191, 200, 197, 203, 204, 203, 195, 186, 186, 186, 186, 185, 185, 185, 185, 184, 184, 184, 184, 184, 184, 185, 185, 185
2010,14201040,201,CH4 ,10PPBC, 5,17, 185, 188, 195, 201, 203, 204, 199, 191, 194, 192, 191, 192, 189, 187, 185, 185, 184, 185, 185, 185, 184, 185, 185, 184
2010,14201040,201,CH4 ,10PPBC, 5,18, 184, 184, 184, 184, 184, 184, 184, 184, 184, 184,9999,9999, 180, 183, 183, 183, 183, 183, 183, 183, 183, 183, 183, 183
2010,14201040,201,CH4 ,10PPBC, 5,19, 183, 183, 183, 183, 183, 183, 183, 183, 183, 183, 183, 183, 182, 182, 182, 182, 182, 182, 182, 181, 181, 182, 181, 181
2010,14201040,201,CH4 ,10PPBC, 5,20, 181, 181, 181, 181, 181, 181, 182, 181, 181, 181, 181, 180, 180, 180, 180, 182, 187, 191, 194, 195, 195, 192, 186, 186
2010,14201040,201,CH4 ,10PPBC, 5,21, 188, 190, 188, 187, 189, 194, 205, 199, 193, 191, 189, 188, 189, 188, 187, 187, 186, 186, 186, 186, 187, 186, 186, 187
2010,14201040,201,CH4 ,10PPBC, 5,22, 190, 193, 199, 193, 195, 196, 205, 200, 198, 196, 198, 193, 195, 194, 190, 188, 187, 187, 187, 187, 187, 188, 188, 187
2010,14201040,201,CH4 ,10PPBC, 5,23, 187, 191, 189, 188, 190, 192, 192, 192, 200, 193, 192, 191, 188, 191, 189, 185, 185, 186, 186, 187, 188, 185, 186, 185
2010,14201040,201,CH4 ,10PPBC, 5,24, 185, 184, 184, 187, 187, 187, 187, 188, 187, 187, 186, 187, 190, 191, 188, 195,9999,9999,9999, 174, 174, 178, 182, 183
2010,14201040,201,CH4 ,10PPBC, 5,25, 183, 184, 184, 184, 184, 184, 185, 185, 185, 184, 185, 184, 185, 185, 185, 185, 186, 188, 188, 189, 188, 186, 186, 187
2010,14201040,201,CH4 ,10PPBC, 5,26, 186, 185, 185, 186, 185, 185, 186, 188, 187, 187, 186, 190, 188, 188, 184, 184, 183, 184, 184, 184, 184, 184, 185, 188
2010,14201040,201,CH4 ,10PPBC, 5,27, 189, 188, 185, 184, 186, 188, 186, 187, 186, 187, 186, 185, 185, 185, 184, 184, 184, 184, 184, 185, 186, 186, 186, 186
2010,14201040,201,CH4 ,10PPBC, 5,28, 186, 187, 187, 187, 186, 186, 187, 185, 185, 186, 186, 187, 187, 187, 186, 182, 182, 182, 182, 183, 183, 184, 185, 184
2010,14201040,201,CH4 ,10PPBC, 5,29, 184, 184, 184, 183, 187, 191, 189, 188, 186, 186, 187, 187, 188, 186, 185, 185, 186, 185, 185, 187, 187, 185, 186, 185
2010,14201040,201,CH4 ,10PPBC, 5,30, 185, 184, 185, 191, 188, 185, 185, 185, 185, 185, 185, 186, 185, 185, 184, 184, 185, 185, 185, 186, 185, 186, 186, 189
2010,14201040,201,CH4 ,10PPBC, 5,31, 188, 186, 203, 189, 189, 197, 187, 186, 186, 186, 187, 186, 186, 186, 184, 183, 183, 182, 182, 183, 183, 183, 185, 185
2010,14201040,201,CH4 ,10PPBC, 6, 1, 185, 186, 185, 187, 190, 191, 190, 189, 187, 186, 187,9999,9999, 186, 186, 185, 185, 184, 184, 184, 189, 188, 187, 187
2010,14201040,201,CH4 ,10PPBC, 6, 2, 187, 187, 188, 188, 187, 187, 187, 186, 189, 190, 189, 188, 187, 186, 186, 185, 185, 184, 183, 183, 184, 188, 190, 193
2010,14201040,201,CH4 ,10PPBC, 6, 3, 203, 204, 203, 204, 205, 200, 188, 186, 188, 186, 185, 186, 186, 185, 184, 183, 183, 181, 181, 182, 183, 183, 182, 182
2010,14201040,201,CH4 ,10PPBC, 6, 4, 182, 183, 183, 186, 197, 200, 187, 184, 184, 183, 183, 182, 183, 182, 182, 181, 181, 181, 181, 181, 181, 181, 181, 181
2010,14201040,201,CH4 ,10PPBC, 6, 5, 184, 184, 187, 188, 189, 190, 192, 191, 193, 199, 195, 193, 192, 187, 187, 188, 187, 185, 185, 187, 185, 186, 187, 189
2010,14201040,201,CH4 ,10PPBC, 6, 6, 191, 187, 188, 188, 189, 190, 195, 194, 194, 191, 190, 189, 188, 185, 185, 185, 184, 183, 184, 183, 184, 184, 184, 185
2010,14201040,201,CH4 ,10PPBC, 6, 7, 188, 192, 193, 195, 195, 200, 196, 187, 184, 185, 186, 185, 183, 183, 183,9999,9999,9999, 182, 182, 182, 183, 185, 189
2010,14201040,201,CH4 ,10PPBC, 6, 8, 198, 200, 194, 192, 192, 190, 193, 189, 189, 190, 188, 187, 184, 188, 187, 186, 187, 186, 187, 187, 187, 186, 186, 188
2010,14201040,201,CH4 ,10PPBC, 6, 9, 188, 189, 195, 199, 191, 190, 190, 191, 192, 193, 193, 192, 194, 191, 187, 185, 184, 185, 185, 186, 187, 186, 187, 189
2010,14201040,201,CH4 ,10PPBC, 6,10, 204, 199, 196, 193, 185, 185, 187, 191, 183, 190, 191, 188, 186, 183, 183, 183, 182, 182, 182, 184, 186, 186, 186, 187
2010,14201040,201,CH4 ,10PPBC, 6,11, 188, 186, 185, 186, 186, 185, 185, 186, 189, 187, 189, 187, 185, 183, 183, 184, 182, 181, 182, 181, 181, 182, 182, 181
2010,14201040,201,CH4 ,10PPBC, 6,12, 181, 181, 180, 181, 181, 184, 183, 181, 181, 182, 181, 180, 180, 180, 180, 180, 180, 180, 180, 179, 179, 179, 180, 180
2010,14201040,201,CH4 ,10PPBC, 6,13, 180, 180, 180, 180, 180, 180, 181, 180, 180, 180, 180, 181, 181, 181, 181, 181, 181, 181, 181, 182, 181, 181, 181, 181
2010,14201040,201,CH4 ,10PPBC, 6,14, 183, 182, 183, 183, 182, 182, 183, 183, 183, 184, 184,9999,9999, 190, 196, 190, 187, 185, 184, 184, 184, 184, 184, 184
2010,14201040,201,CH4 ,10PPBC, 6,15, 186, 188, 187, 190, 196, 194, 192, 188, 188, 183, 184, 184, 185, 184, 185, 185, 186, 186, 184, 183, 182, 183, 185, 186
2010,14201040,201,CH4 ,10PPBC, 6,16, 186, 185, 179, 172, 171, 171, 170, 171, 172, 173, 174, 176, 179, 181, 182, 182, 182, 182, 183, 183, 182, 183, 183, 183
2010,14201040,201,CH4 ,10PPBC, 6,17, 184, 187, 189, 196, 191, 197, 194, 192, 191, 190, 190, 192, 190, 184, 185, 186, 184, 182, 181, 180, 180, 180, 179, 179
2010,14201040,201,CH4 ,10PPBC, 6,18, 178, 177, 177, 177, 177, 178, 178, 177, 177, 178, 179, 179, 176, 174, 175, 176, 173, 172, 178, 173, 171, 171, 171, 171
2010,14201040,201,CH4 ,10PPBC, 6,19, 172, 171, 171, 171, 170, 171, 171, 171, 172, 172, 172, 173, 175, 178, 179, 175, 173, 175, 174, 173, 172, 171, 171, 171
2010,14201040,201,CH4 ,10PPBC, 6,20, 171, 171, 171, 171, 171, 172, 172, 173, 172, 173, 172, 172, 172, 171, 172, 172, 172, 173, 174, 173, 173, 172, 172, 173
2010,14201040,201,CH4 ,10PPBC, 6,21, 174, 173, 173, 172, 172, 172, 173, 172, 173, 172, 172, 172, 172, 173, 172, 173, 174, 175, 176, 178, 178, 176, 177, 174
2010,14201040,201,CH4 ,10PPBC, 6,22, 173, 174, 177, 175, 174, 174, 174, 176, 173, 174, 175, 175, 175, 175, 175, 174, 174, 174, 174, 175, 175, 175, 174, 173
2010,14201040,201,CH4 ,10PPBC, 6,23, 174, 175, 176, 175, 173, 172, 173, 173, 173, 172, 170,9999,9999,9999,9999,9999,9999,9999, 176, 179, 184, 188, 189, 190
2010,14201040,201,CH4 ,10PPBC, 6,24, 189, 189, 189, 191, 192, 193, 191, 189, 192, 198, 203, 202, 198, 196, 194, 189, 193, 194, 189, 189, 189, 188, 189, 191
2010,14201040,201,CH4 ,10PPBC, 6,25, 196, 198, 193, 188, 188, 192, 192, 189, 195, 202, 197, 193, 196, 192, 187, 184, 181, 180, 181, 180, 181, 181, 180, 181
2010,14201040,201,CH4 ,10PPBC, 6,26, 181, 180, 180, 179, 179, 179, 178, 177, 177, 176, 177, 177, 177, 177, 177, 177, 177, 177, 177, 177, 176, 177, 177, 176
2010,14201040,201,CH4 ,10PPBC, 6,27, 176, 177, 176, 176, 176, 176, 176, 176, 176, 176, 177, 176, 176, 176, 176, 176, 176, 176, 175, 175, 174, 175, 174, 174
2010,14201040,201,CH4 ,10PPBC, 6,28, 174, 175, 176, 175, 175, 174, 175, 177, 177, 178, 181, 180,9999,9999, 182, 179, 179, 176, 178, 177, 177, 179, 184, 190
2010,14201040,201,CH4 ,10PPBC, 6,29, 198, 194, 207, 189, 183, 192, 196, 196, 193, 190, 183, 182, 181, 182, 184, 181, 182, 182, 178, 176, 175, 175, 177, 176
2010,14201040,201,CH4 ,10PPBC, 6,30, 176, 176, 175, 179, 195, 190, 182, 180, 181, 184, 181, 183, 185, 183, 181, 182, 182, 181, 181, 180, 180, 179, 179, 180
2010,14201040,201,CH4 ,10PPBC, 6,31,9998,9998,9998,9998,9998,9998,9998,9998,9998,9998,9998,9998,9998,9998,9998,9998,9998,9998,9998,9998,9998,9998,9998,9998
2010,14201040,201,CH4 ,10PPBC, 7, 1, 180, 180, 180, 179, 179, 180, 179, 181, 180, 180, 179, 177, 175, 175, 174, 174, 174, 174, 175, 176, 177, 176, 178, 177
2010,14201040,201,CH4 ,10PPBC, 7, 2, 178, 180, 180, 185, 193, 186, 186, 176, 179, 179, 178, 178, 176, 175, 175, 175, 174, 175, 174, 175, 175, 175, 175, 175
2010,14201040,201,CH4 ,10PPBC, 7, 3, 176, 177, 178, 178, 179, 180, 179, 180, 179, 178, 179, 179, 178, 177, 178, 177, 177, 176, 175, 173, 172, 172, 172, 172
2010,14201040,201,CH4 ,10PPBC, 7, 4, 172, 172, 172, 175, 173, 177, 181, 183, 184, 186, 186, 186, 186, 186, 186, 184, 182, 182, 181, 183, 183, 183, 188, 187
2010,14201040,201,CH4 ,10PPBC, 7, 5, 188, 190, 199, 202, 202, 195, 192, 187, 192, 196,9999,9999,9999, 196, 195, 189, 186, 188, 186, 186, 187, 187, 186, 184
2010,14201040,201,CH4 ,10PPBC, 7, 6, 183, 183, 185, 187, 189, 188, 185, 185, 185, 186, 186, 187, 186, 186, 187, 190, 194, 195, 195, 194, 193, 193, 192, 191
2010,14201040,201,CH4 ,10PPBC, 7, 7, 190, 190, 191, 192, 191, 192, 193, 191, 193, 196, 192, 191, 190, 190, 190, 187, 186, 187, 187, 185, 185, 184, 187, 184
2010,14201040,201,CH4 ,10PPBC, 7, 8, 185, 182, 182, 184, 184, 192, 186, 185, 187, 184, 187, 191, 190, 189, 189, 188, 186, 182, 182, 181, 183, 179, 178, 177
2010,14201040,201,CH4 ,10PPBC, 7, 9, 178, 178, 178, 179, 178, 178, 179, 180, 181, 181, 179, 178, 180, 177, 178, 180, 179, 177, 176, 175, 175, 174, 174, 176
2010,14201040,201,CH4 ,10PPBC, 7,10, 179, 178, 180, 180, 181, 180, 180, 180, 180, 180, 180, 181, 181, 181, 181, 181, 181, 180, 181, 181, 182, 182, 181, 182
2010,14201040,201,CH4 ,10PPBC, 7,11, 183, 182, 185, 187, 188, 192, 195, 195, 189, 189, 189, 189, 180, 179, 177, 175, 174, 173, 173, 172, 173, 172, 173, 172
2010,14201040,201,CH4 ,10PPBC, 7,12, 173, 173, 173, 173, 173, 173, 173, 173, 173, 173, 172, 172, 173, 172, 173, 173, 172, 172, 172, 173, 173, 173, 173, 173
2010,14201040,201,CH4 ,10PPBC, 7,13, 173, 174, 174, 175, 174, 174, 174, 173, 174, 174, 174, 173, 173,9999,9999, 172, 173, 173, 175, 179, 191, 192, 190, 190
2010,14201040,201,CH4 ,10PPBC, 7,14, 189, 189, 186, 179, 176, 173, 174, 174, 174, 174, 174, 173, 174, 174, 173, 173, 174, 174, 174, 174, 174, 173, 174, 174
2010,14201040,201,CH4 ,10PPBC, 7,15, 174, 174, 174, 174, 174, 174, 174, 174, 174, 173, 173, 173, 173, 173, 173, 173, 173, 173, 173, 173, 173, 173, 174, 173
2010,14201040,201,CH4 ,10PPBC, 7,16, 174, 173, 173, 174, 174, 174, 174, 174, 174, 174, 174, 174, 173, 173, 174, 174, 174, 174, 174, 174, 174, 174, 174, 174
2010,14201040,201,CH4 ,10PPBC, 7,17, 174, 174, 174, 175, 175, 175, 175, 175, 176, 176, 176, 176, 176, 176, 175, 175, 175, 175, 175, 175, 175, 175, 175, 176
2010,14201040,201,CH4 ,10PPBC, 7,18, 176, 176, 176, 175, 175, 176, 176, 176, 175, 175, 174, 175, 174, 174, 174, 174, 174, 174, 174, 174, 174, 175, 175, 175
2010,14201040,201,CH4 ,10PPBC, 7,19, 175, 175, 175, 175, 175, 175, 175, 175, 175, 175, 175, 175, 175, 175, 174, 174, 174, 174, 174, 174, 174, 175, 174, 174
2010,14201040,201,CH4 ,10PPBC, 7,20, 175, 175, 176, 175, 177, 175, 177, 179, 176, 177, 176, 176, 175, 174, 174, 174, 174, 174, 174, 174, 174, 174, 174, 175
2010,14201040,201,CH4 ,10PPBC, 7,21, 175, 175, 175, 176, 178, 181, 179, 179, 180, 178, 177, 176, 176, 175, 175, 175, 175, 175, 175, 175, 176, 176, 175, 175
2010,14201040,201,CH4 ,10PPBC, 7,22, 175, 176, 176, 184, 183, 179, 177, 180, 180, 180, 179, 179, 180,9999,9999,9999,9999, 174, 174, 174, 174, 175, 175, 174
2010,14201040,201,CH4 ,10PPBC, 7,23, 177, 177, 177, 178, 185, 189, 187, 183, 185, 183, 183, 182, 182, 182, 179, 176, 173, 172, 173, 173, 174, 175, 176, 177
2010,14201040,201,CH4 ,10PPBC, 7,24, 179, 182, 181, 179, 183, 189, 184, 185, 186, 182, 184, 185, 182, 182, 182, 178, 176, 179, 179, 176, 175, 174, 174, 175
2010,14201040,201,CH4 ,10PPBC, 7,25, 181, 185, 186, 188, 193, 196, 176, 174, 174, 174, 174, 174, 174, 175, 175, 176, 179, 177, 176, 176, 176, 176, 175, 174
2010,14201040,201,CH4 ,10PPBC, 7,26, 178, 184, 190, 194, 202, 203, 197, 193, 185, 175, 174, 175, 174,9999,9999,9999,9999, 172, 173, 173, 176, 176, 174, 175
2010,14201040,201,CH4 ,10PPBC, 7,27, 173, 173, 173, 173, 173, 173, 173, 173, 173, 173, 172, 172, 172, 172, 172, 172, 172, 172, 172, 172, 172, 172, 173, 173
2010,14201040,201,CH4 ,10PPBC, 7,28, 173, 173, 173, 173, 173, 173, 174, 173, 174, 174, 174, 174, 175, 176, 175, 175, 175, 176, 175, 175, 175, 175, 175, 176
2010,14201040,201,CH4 ,10PPBC, 7,29, 176, 175, 176, 176, 176, 176, 176, 176, 175, 174, 174, 174, 173, 173, 173, 173, 173, 172, 173, 173, 172, 172, 171, 171
2010,14201040,201,CH4 ,10PPBC, 7,30, 172, 172, 172, 171, 172, 172, 172, 172, 172, 172, 171, 171, 171, 171, 173, 172, 172, 172, 173, 172, 173, 172, 172, 174
2010,14201040,201,CH4 ,10PPBC, 7,31, 175, 174, 173, 174, 174, 175, 175, 173, 172, 173, 173, 172, 172, 172, 173, 173, 173, 174, 173, 173, 174, 175, 175, 176
2010,14201040,201,CH4 ,10PPBC, 8, 1, 176, 177, 177, 179, 178, 177, 177, 175, 175, 175, 177, 175, 174, 176, 180, 180, 180, 178, 174, 173, 172, 172, 171, 171
2010,14201040,201,CH4 ,10PPBC, 8, 2, 171, 171, 172, 173, 173, 172, 172, 171, 171, 170, 170, 171, 171, 171, 171, 171, 172, 172, 172, 172, 172, 173, 173, 172
2010,14201040,201,CH4 ,10PPBC, 8, 3, 172, 172, 172, 172, 172, 172, 172, 172, 173, 173, 173, 172, 173, 172, 172, 172, 172, 172, 172, 173, 172, 172, 172, 173
2010,14201040,201,CH4 ,10PPBC, 8, 4, 173, 173, 173, 174, 174, 174, 173, 173, 173, 175,9999,9999,9999, 173, 172, 172, 171, 171, 171, 172, 171, 171, 171, 171
2010,14201040,201,CH4 ,10PPBC, 8, 5, 171, 171, 172, 171, 172, 172, 172, 172, 171, 172, 172, 172, 172, 172, 172, 172, 172, 172, 172, 172, 172, 172, 173, 172
2010,14201040,201,CH4 ,10PPBC, 8, 6, 172, 172, 173, 173, 173, 173, 173, 173, 173, 173, 173, 174, 174, 174, 174, 175, 176, 176, 176, 176, 177, 177, 177, 178
2010,14201040,201,CH4 ,10PPBC, 8, 7, 179, 179, 177, 177, 179, 180, 179, 179, 179, 179, 179, 178, 177, 177, 176, 175, 174, 173, 173, 173, 173, 173, 173, 173
2010,14201040,201,CH4 ,10PPBC, 8, 8, 174, 174, 173, 173, 173, 174, 173, 173, 173, 173, 174, 175, 173, 173, 173, 173, 173, 172, 173, 173, 174, 173, 172, 172
2010,14201040,201,CH4 ,10PPBC, 8, 9, 174, 173, 174, 174, 173, 175, 177, 176, 175, 175, 174, 173, 173, 172, 175, 174, 173, 173, 173, 173, 172, 173, 173, 172
2010,14201040,201,CH4 ,10PPBC, 8,10, 173, 174, 176, 178, 175, 174, 174, 173, 174, 173,9999,9999,9999, 170, 171, 172, 171, 171, 172, 172, 171, 172, 173, 172
2010,14201040,201,CH4 ,10PPBC, 8,11, 172, 173, 173, 172, 171, 171, 171, 171, 170, 171, 170, 171, 171, 170, 170, 170, 170, 170, 170, 170, 170, 170, 170, 170
2010,14201040,201,CH4 ,10PPBC, 8,12, 170, 170, 170, 170, 170, 170, 170, 170, 170, 170, 169, 169, 169, 171, 170, 171, 171, 172, 172, 172, 172, 172, 173, 172
2010,14201040,201,CH4 ,10PPBC, 8,13, 172, 173, 174, 173, 174, 175, 175, 175, 176, 178, 178, 179, 177, 177, 177, 176, 175, 176, 175, 174, 174, 176, 174, 172
2010,14201040,201,CH4 ,10PPBC, 8,14, 172, 172, 172, 171, 170, 170, 170, 171, 171, 171, 171, 170, 170, 170, 171, 171, 171, 171, 171, 171, 171, 171, 170, 170
2010,14201040,201,CH4 ,10PPBC, 8,15, 170, 171, 170, 170, 170, 171, 170, 171,9999,9999,9999,9999,9999, 170, 169, 169, 169, 169, 169, 169, 169, 169, 170, 170
2010,14201040,201,CH4 ,10PPBC, 8,16, 170, 170, 172, 171, 173, 174, 174, 172, 170, 172, 171, 172, 175, 175, 176, 177, 179, 178, 172, 170, 169, 170, 171, 171
2010,14201040,201,CH4 ,10PPBC, 8,17, 174, 180, 188, 191, 198, 196, 185, 193, 202, 196, 189, 185, 187, 184, 184, 176, 172, 172, 172, 172, 174, 173, 176, 176
2010,14201040,201,CH4 ,10PPBC, 8,18, 185, 198, 190, 191, 185, 189, 193, 191, 183, 181, 176, 178,9999,9999,9999, 177, 176, 176, 176, 177, 177, 179, 182, 181
2010,14201040,201,CH4 ,10PPBC, 8,19, 183, 184, 185, 187, 185, 182, 183, 182, 183, 183, 184, 183, 182, 182, 184, 184, 183, 184, 183, 184, 185, 185, 187, 191
2010,14201040,201,CH4 ,10PPBC, 8,20, 191, 189, 189, 189, 190, 190, 190, 190, 190, 190, 189, 193, 194, 190, 188, 187, 186, 185, 184, 185, 185, 186, 196, 197
2010,14201040,201,CH4 ,10PPBC, 8,21, 201, 212, 219, 215, 209, 211, 201, 193, 192, 190, 189, 189, 188, 183, 183, 181, 181, 181, 182, 182, 181, 181, 182, 182
2010,14201040,201,CH4 ,10PPBC, 8,22, 182, 181, 181, 181, 181, 181, 180, 181, 181, 181, 181, 180, 180, 180, 179, 180, 180, 179, 179, 180, 179, 179, 179, 180
2010,14201040,201,CH4 ,10PPBC, 8,23, 180, 179, 179, 179, 179, 179, 179, 179, 180, 180,9999,9999, 178, 178, 178, 178, 178, 179, 179, 179, 179, 179, 179, 179
2010,14201040,201,CH4 ,10PPBC, 8,24, 179, 179, 179, 179, 179, 179, 179, 179, 179, 179, 179, 179, 179, 178, 178, 178, 178, 178, 178, 179, 180, 180, 180, 180
2010,14201040,201,CH4 ,10PPBC, 8,25, 180, 180, 180, 180, 179, 179, 179, 179, 179, 179, 179, 178, 178, 177, 177, 177, 177, 177, 178, 178, 178, 178, 178, 177
2010,14201040,201,CH4 ,10PPBC, 8,26, 177, 177, 178, 178, 179, 177, 177, 177, 177, 178, 177, 178, 178, 178, 179, 179, 179, 179, 180, 179, 179, 179, 179, 179
2010,14201040,201,CH4 ,10PPBC, 8,27, 179, 179, 179, 179, 179, 181, 180, 180, 182, 184, 181, 180, 177, 174, 173, 173, 172, 172, 172, 173, 173, 173, 173, 173
2010,14201040,201,CH4 ,10PPBC, 8,28, 173, 173, 173, 173, 173, 173, 173, 173, 173, 173, 173, 173, 173, 173, 173, 173, 173, 173, 173, 173, 173, 173, 173, 173
2010,14201040,201,CH4 ,10PPBC, 8,29, 173, 174, 174, 173, 174, 174, 175, 174, 174, 174, 174, 173, 173, 173, 172, 173, 173, 172, 172, 172, 172, 173, 173, 173
2010,14201040,201,CH4 ,10PPBC, 8,30, 173, 176, 179, 180, 177, 183, 182, 183, 192, 194, 193, 191, 187, 183, 176, 173, 172, 172, 171, 171, 172, 173, 173, 176
2010,14201040,201,CH4 ,10PPBC, 8,31, 177, 182, 184, 186, 188, 186, 184, 181, 179, 176,9999,9999, 177, 173, 173, 173, 173, 174, 174, 174, 174, 174, 175, 175
2010,14201040,201,CH4 ,10PPBC, 9, 1, 175, 175, 174, 173, 173, 175, 174, 173, 173, 175, 176, 174, 173, 174, 174, 177, 179, 179, 180, 179, 179, 179, 180, 180
2010,14201040,201,CH4 ,10PPBC, 9, 2, 181, 181, 184, 187, 189, 195, 191, 183, 183, 183, 183, 181, 181, 180, 179, 179, 180, 180, 179, 180, 179, 179, 179, 179
2010,14201040,201,CH4 ,10PPBC, 9, 3, 179, 179, 178, 179, 179, 179, 179, 178, 178, 178, 178, 177, 177, 177, 177, 176, 176, 176, 176, 177, 177, 177, 177, 176
2010,14201040,201,CH4 ,10PPBC, 9, 4, 176, 177, 180, 184, 182, 189, 186, 186, 190, 184, 185, 184, 188, 184, 178, 178, 178, 178, 178, 178, 178, 180, 182, 189
2010,14201040,201,CH4 ,10PPBC, 9, 5, 197, 186, 185, 199, 199, 203, 188, 182, 181, 183, 180, 177, 177, 177, 177, 177, 176, 176, 176, 176, 177, 177, 177, 177
2010,14201040,201,CH4 ,10PPBC, 9, 6, 175, 175, 175, 174, 173, 175, 174, 174, 172, 172, 172, 171, 172, 172, 173, 173, 174, 175, 175, 176, 176, 176, 176, 175
2010,14201040,201,CH4 ,10PPBC, 9, 7, 175, 175, 172, 171, 171, 171, 171, 171, 171, 171,9999,9999, 170, 170, 170, 170, 170, 170, 170, 171, 171, 172, 172, 171
2010,14201040,201,CH4 ,10PPBC, 9, 8, 171, 171, 171, 171, 171, 171, 171, 173, 172, 172, 171, 172, 172, 172, 171, 170, 170, 175, 183, 181, 180, 180, 180, 181
2010,14201040,201,CH4 ,10PPBC, 9, 9, 181, 183, 184, 184, 184, 185, 185, 186, 187, 186, 187, 188, 185, 184, 184, 183, 183, 184, 184, 184, 186, 187, 188, 188
2010,14201040,201,CH4 ,10PPBC, 9,10, 188, 188, 188, 192, 191, 193, 198, 191, 189, 190, 189, 192, 189, 187, 184, 183, 182, 182, 182, 181, 181, 181, 181, 182
2010,14201040,201,CH4 ,10PPBC, 9,11, 182, 180, 181, 180, 180, 181, 181, 183, 185, 188, 184, 181, 180, 179, 179, 179, 180, 180, 180, 180, 181, 182, 181, 180
2010,14201040,201,CH4 ,10PPBC, 9,12, 180, 185, 184, 186, 193, 190, 190, 185, 186, 187, 188, 191, 192, 189, 186, 183, 183, 182, 181, 181, 182, 181, 179, 177
2010,14201040,201,CH4 ,10PPBC, 9,13, 172, 171, 170, 170, 170, 170, 171, 173, 176, 181, 180, 181, 179, 179, 179, 179, 180, 181, 182, 182, 182, 181, 183, 189
2010,14201040,201,CH4 ,10PPBC, 9,14, 183, 181, 182, 183, 183, 184, 183, 183, 183, 184, 184, 184, 185, 185, 185, 184, 183, 182, 182, 183, 184, 185, 186, 184
2010,14201040,201,CH4 ,10PPBC, 9,15, 186, 186, 187, 186, 186, 186, 187, 189, 191, 191,9999,9999, 185, 185, 185, 185, 185, 185, 186, 185, 184, 184, 184, 185
2010,14201040,201,CH4 ,10PPBC, 9,16, 188, 190, 190, 188, 188, 188, 189, 188, 187, 186, 185, 185, 186, 185, 187, 188, 190, 187, 189, 187, 188, 189, 189, 188
2010,14201040,201,CH4 ,10PPBC, 9,17, 188, 195, 211, 218, 206, 191, 194, 197, 202, 196, 189, 189, 190, 190, 189, 185, 186, 185, 187, 185, 186, 189, 194, 197
2010,14201040,201,CH4 ,10PPBC, 9,18, 196, 202, 204, 197, 194, 195, 190, 187, 186, 186, 185, 185, 184, 183, 183, 183, 183, 183, 182, 184, 184, 184, 187, 191
2010,14201040,201,CH4 ,10PPBC, 9,19, 205, 209, 213, 222, 213, 209, 208, 188, 185, 185, 183, 182, 180, 181, 183, 184, 180, 181, 181, 181, 180, 180, 181, 181
2010,14201040,201,CH4 ,10PPBC, 9,20, 188, 194, 196, 206, 202, 202, 199, 189, 182, 182, 182, 181, 181, 181, 181, 181, 181, 182, 182, 181, 182, 184, 184, 183
2010,14201040,201,CH4 ,10PPBC, 9,21, 196, 197, 202, 204, 211, 206, 200, 192, 191, 188, 188, 188, 187,9999,9999, 188, 184, 183, 185, 190, 191, 192, 201, 204
2010,14201040,201,CH4 ,10PPBC, 9,22, 206, 202, 200, 199, 201, 212, 200, 186, 184, 184, 183, 180, 183, 183, 180, 178, 177, 176, 175, 175, 176, 176, 185, 191
2010,14201040,201,CH4 ,10PPBC, 9,23, 190, 194, 195, 174, 173, 174, 176, 173, 174, 180, 186, 192, 195, 188, 188, 188, 186, 186, 186, 189, 185, 187, 189, 190
2010,14201040,201,CH4 ,10PPBC, 9,24, 190, 191, 188, 192, 196, 189, 191, 189, 188, 188, 188, 188, 188, 188, 189, 190, 189, 188, 189, 191, 191, 190, 190, 190
2010,14201040,201,CH4 ,10PPBC, 9,25, 190, 189, 189, 189, 189, 189, 188, 188, 188, 188, 188, 189, 188, 188, 190, 190, 188, 189, 190, 192, 191, 192, 191, 192
2010,14201040,201,CH4 ,10PPBC, 9,26, 193, 193, 195, 196, 196, 196, 198, 198, 198, 197, 199, 194, 192, 190, 191, 191, 189, 191, 191, 190, 190, 190, 191, 192
2010,14201040,201,CH4 ,10PPBC, 9,27, 192, 192, 195, 192, 191, 190, 189, 189, 191, 190,9999,9999,9999, 183, 184, 184, 184, 183, 184, 185, 185, 189, 190, 190
2010,14201040,201,CH4 ,10PPBC, 9,28, 190, 189, 186, 185, 184, 184, 186, 188, 189, 189, 190, 184, 181, 185, 183, 186, 189, 190, 194, 201, 200, 194, 193, 195
2010,14201040,201,CH4 ,10PPBC, 9,29, 192, 191, 188, 190, 191, 188, 187, 187, 187, 187, 189, 188, 190, 189, 189, 187, 186, 188, 187, 187, 189, 189, 192, 191
2010,14201040,201,CH4 ,10PPBC, 9,30, 194, 199, 203, 200, 199, 195, 193, 195, 194, 194, 196, 196, 196, 198, 199, 195, 191, 188, 186, 186, 189, 186, 193, 187
2010,14201040,201,CH4 ,10PPBC, 9,31,9998,9998,9998,9998,9998,9998,9998,9998,9998,9998,9998,9998,9998,9998,9998,9998,9998,9998,9998,9998,9998,9998,9998,9998
2010,14201040,201,CH4 ,10PPBC,10, 1, 185, 186, 187, 191, 193, 194, 187, 196, 195, 189, 189, 191, 190, 186, 184, 185, 185, 185, 186, 188, 189, 191, 189, 186
2010,14201040,201,CH4 ,10PPBC,10, 2, 185, 187, 189, 191, 195, 188, 189, 189, 188, 189, 189, 188, 187, 186, 185, 185, 186, 185, 186, 186, 186, 186, 186, 187
2010,14201040,201,CH4 ,10PPBC,10, 3, 189, 190, 192, 196, 194, 196, 197, 197, 195, 193, 192, 189, 189, 185, 185, 186, 187, 186, 184, 186, 186, 186, 185, 187
2010,14201040,201,CH4 ,10PPBC,10, 4, 190, 189, 186, 187, 189, 188, 188, 195, 202, 206, 209, 201, 201,9999,9999, 195, 191, 189, 189, 189, 188, 196, 196, 194
2010,14201040,201,CH4 ,10PPBC,10, 5, 193, 197, 200, 198, 200, 198, 192, 191, 195, 195, 192, 193, 189, 189, 190, 186, 187, 188, 191, 192, 196, 194, 202, 201
2010,14201040,201,CH4 ,10PPBC,10, 6, 209, 209, 204, 198, 194, 192, 191, 191, 192, 191, 191, 193, 190, 188, 188, 188, 189, 188, 189, 189, 190, 190, 190, 191
2010,14201040,201,CH4 ,10PPBC,10, 7, 194, 192, 192, 193, 193, 194, 195, 195, 195, 193, 193, 191, 190, 190, 190, 190, 190, 190, 190, 190, 190, 191, 193, 195
2010,14201040,201,CH4 ,10PPBC,10, 8, 195, 195, 194, 193, 196, 197, 196, 195, 190, 190, 191, 190, 190, 189, 189, 189, 189, 189, 189, 189, 189, 188, 189, 188
2010,14201040,201,CH4 ,10PPBC,10, 9, 188, 196, 198, 194, 195, 192, 191, 191, 191, 191, 191, 191, 190, 190, 190, 191, 191, 189, 188, 189, 190, 190, 191, 191
2010,14201040,201,CH4 ,10PPBC,10,10, 196, 193, 191, 194, 195, 191, 191, 192, 190, 190, 191, 197, 193, 190, 187, 186, 186, 187, 189, 195, 202, 208, 212, 210
2010,14201040,201,CH4 ,10PPBC,10,11, 219, 220, 224, 213, 209, 210, 207, 203, 194, 193, 189, 190, 196, 187, 186, 186, 190, 188, 193, 193, 194, 201, 202, 205
2010,14201040,201,CH4 ,10PPBC,10,12, 211, 206, 195, 194, 195, 196, 194, 189, 185, 186,9999,9999, 188, 184, 184, 182, 182, 183, 188, 202, 202, 204, 220, 219
2010,14201040,201,CH4 ,10PPBC,10,13, 218, 200, 191, 201, 215, 201, 201, 202, 208, 198, 197, 191, 189, 186, 185, 188, 188, 186, 190, 197, 201, 210, 212, 208
2010,14201040,201,CH4 ,10PPBC,10,14, 214, 212, 221, 208, 192, 191, 197, 192, 188, 188, 188, 188, 187, 187, 187, 187, 187, 187, 187, 189, 187, 188, 188, 188
2010,14201040,201,CH4 ,10PPBC,10,15, 201, 195, 189, 195, 192, 190, 191, 189, 188, 187, 187, 187, 186, 186, 185, 186, 185, 186, 191, 193, 194, 196, 200, 205
2010,14201040,201,CH4 ,10PPBC,10,16, 201, 202, 200, 195, 191, 190, 190, 190, 189, 188, 189, 188, 187, 186, 187, 188, 187, 191, 196, 198, 198, 197, 191, 193
2010,14201040,201,CH4 ,10PPBC,10,17, 193, 190, 199, 198, 195, 190, 190, 191, 191, 192, 191, 190, 190, 191, 191, 191, 190, 196, 205, 199, 205, 210, 205, 203
2010,14201040,201,CH4 ,10PPBC,10,18, 203, 196, 195, 195, 192, 195, 193, 194, 194, 194,9999,9999, 185, 187, 187, 187, 187, 186, 186, 187, 187, 185, 185, 188
2010,14201040,201,CH4 ,10PPBC,10,19, 188, 190, 192, 190, 190, 190, 190, 191, 192, 190, 190, 191, 192, 189, 190, 188, 187, 187, 187, 188, 190, 192, 194, 195
2010,14201040,201,CH4 ,10PPBC,10,20, 195, 193, 191, 193, 192, 191, 190, 192, 191, 190, 192, 193, 195, 199, 192, 193, 196, 197, 195, 194, 196, 198, 200, 198
2010,14201040,201,CH4 ,10PPBC,10,21, 196, 196, 195, 199, 195, 193, 195, 197, 199, 197, 199, 196, 195, 194, 193, 191, 189, 190, 189, 190, 191, 193, 192, 192
2010,14201040,201,CH4 ,10PPBC,10,22, 191, 192, 189, 189, 188, 187, 188, 189, 190, 187, 186, 186, 185, 185, 185, 186, 186, 187, 187, 186, 186, 186, 187, 187
2010,14201040,201,CH4 ,10PPBC,10,23, 190, 189, 187, 191, 192, 191, 190, 190, 187, 187, 188, 187, 187, 187, 186, 186, 186, 186, 188, 189, 190, 191, 191, 190
2010,14201040,201,CH4 ,10PPBC,10,24, 192, 196, 206, 197, 190, 192, 197, 200, 204, 208, 214, 214, 200, 206, 194, 192, 193, 195, 199, 200, 192, 191, 193, 191
2010,14201040,201,CH4 ,10PPBC,10,25, 193, 199, 213, 213, 202, 196, 200, 195, 202, 195,9999,9999,9999, 201, 209, 204, 193, 195, 199, 194, 193, 199, 201, 196
2010,14201040,201,CH4 ,10PPBC,10,26, 200, 210, 201, 196, 201, 205, 203, 199, 196, 192, 187, 186, 187, 187, 188, 188, 187, 187, 188, 189, 191, 190, 190, 190
2010,14201040,201,CH4 ,10PPBC,10,27, 190, 190, 190, 190, 190, 190, 189, 190, 191, 192, 191, 191, 191, 191, 190, 190, 190, 191, 192, 192, 192, 192, 193, 192
2010,14201040,201,CH4 ,10PPBC,10,28, 192, 197, 197, 194, 193, 193, 192, 193, 191, 190, 190, 190, 189, 190, 191, 191, 192, 190, 190, 190, 191, 189, 190, 190
2010,14201040,201,CH4 ,10PPBC,10,29, 190, 191, 192, 192, 191, 189, 189, 189, 190, 190, 189, 189, 189, 189, 190, 189, 189, 189, 189, 189, 190, 189, 189, 190
2010,14201040,201,CH4 ,10PPBC,10,30, 193, 192, 192, 192, 191, 191, 191, 191, 191, 191, 192, 191, 191, 190, 190, 190, 189, 189, 189, 189, 188, 188, 187, 187
2010,14201040,201,CH4 ,10PPBC,10,31, 187, 187, 187, 187, 187, 187, 187, 188, 188, 188, 187, 188, 189, 194, 191, 191, 189, 189, 192, 189, 192, 196, 189, 186
2010,14201040,201,CH4 ,10PPBC,11, 1, 189, 190, 190, 191, 186, 185, 185, 185, 186, 185, 185, 185, 185, 185,9999,9999, 183, 184, 183, 183, 184, 185, 185, 185
2010,14201040,201,CH4 ,10PPBC,11, 2, 189, 199, 199, 196, 191, 191, 191, 193, 190, 190, 188, 186, 186, 186, 186, 186, 186, 187, 187, 187, 187, 188, 188, 191
2010,14201040,201,CH4 ,10PPBC,11, 3, 193, 192, 191, 192, 193, 194, 193, 194, 195, 196, 193, 194, 195, 192, 191, 192, 192, 193, 195, 193, 193, 194, 195, 196
2010,14201040,201,CH4 ,10PPBC,11, 4, 196, 195, 194, 195, 192, 197, 198, 196, 194, 195, 200, 205, 205, 195, 190, 190, 191, 194, 196, 196, 198, 205, 226, 215
2010,14201040,201,CH4 ,10PPBC,11, 5, 216, 205, 198, 197, 220, 217, 217, 212, 202, 200, 195, 192, 191, 190, 191, 192, 196, 204, 205, 207, 204, 202, 205, 206
2010,14201040,201,CH4 ,10PPBC,11, 6, 203, 197, 202, 199, 196, 199, 202, 203, 207, 205, 208, 216, 197, 195, 194, 193, 196, 198, 202, 211, 217, 222, 214, 215
2010,14201040,201,CH4 ,10PPBC,11, 7, 210, 205, 198, 197, 197, 196, 195, 192, 194, 196, 195, 196, 196, 198, 198, 191, 197, 205, 219, 216, 218, 217, 212, 213
2010,14201040,201,CH4 ,10PPBC,11, 8, 239, 212, 210, 199, 198, 202, 202, 201, 203, 207,9999,9999,9999, 195, 195, 194, 192, 187, 184, 184, 184, 184, 184, 184
2010,14201040,201,CH4 ,10PPBC,11, 9, 183, 183, 183, 183, 183, 184, 183, 184, 185, 185, 185, 184, 184, 183, 184, 185, 186, 187, 187, 188, 188, 188, 189, 189
2010,14201040,201,CH4 ,10PPBC,11,10, 189, 189, 189, 190, 189, 190, 191, 192, 196, 198, 190, 188, 187, 186, 185, 186, 186, 186, 186, 189, 188, 189, 191, 191
2010,14201040,201,CH4 ,10PPBC,11,11, 192, 196, 199, 196, 194, 191, 192, 194, 193, 195, 193, 193, 193, 191, 192, 191, 192, 193, 195, 198, 201, 199, 200, 200
2010,14201040,201,CH4 ,10PPBC,11,12, 215, 222, 220, 228, 203, 201, 202, 203, 204, 203, 203, 190, 186, 187, 188, 187, 187, 187, 187, 188, 188, 189, 188, 189
2010,14201040,201,CH4 ,10PPBC,11,13, 192, 199, 197, 192, 195, 199, 202, 198, 196, 193, 197, 194, 192, 193, 192, 192, 191, 191, 191, 191, 191, 193, 204, 203
2010,14201040,201,CH4 ,10PPBC,11,14, 197, 194, 193, 195, 197, 199, 200, 199, 198, 202, 230, 213, 203, 193, 194, 194, 196, 201, 209, 217, 221, 203, 206, 205
2010,14201040,201,CH4 ,10PPBC,11,15, 211, 213, 217, 218, 218, 220, 212, 202, 197, 193, 192,9999,9999, 191, 189, 187, 188, 188, 188, 188, 189, 190, 189, 189
2010,14201040,201,CH4 ,10PPBC,11,16, 190, 190, 190, 190, 191, 190, 190, 192, 191, 195, 193, 193, 190, 190, 189, 190, 190, 191, 191, 191, 190, 191, 193, 192
2010,14201040,201,CH4 ,10PPBC,11,17, 190, 189, 191, 195, 195, 195, 196, 194, 194, 195, 192, 191, 191, 190, 189, 190, 190, 190, 189, 189, 189, 190, 191, 191
2010,14201040,201,CH4 ,10PPBC,11,18, 190, 192, 191, 191, 189, 189, 190, 191, 192, 192, 191, 190, 190, 189, 192, 189, 188, 188, 189, 189, 190, 192, 191, 191
2010,14201040,201,CH4 ,10PPBC,11,19, 190, 189, 189, 188, 189, 189, 189, 189, 191, 192, 191, 192, 191, 192, 190, 189, 188, 189, 189, 189, 191, 195, 194, 193
2010,14201040,201,CH4 ,10PPBC,11,20, 202, 203, 196, 193, 194, 192, 195, 191, 191, 192, 193, 193, 193, 193, 198, 192, 193, 191, 191, 189, 188, 190, 202, 200
2010,14201040,201,CH4 ,10PPBC,11,21, 196, 196, 195, 194, 194, 194, 192, 193, 190, 192, 192, 192, 192, 192, 191, 194, 199, 203, 204, 201, 198, 204, 203, 195
2010,14201040,201,CH4 ,10PPBC,11,22, 195, 200, 209, 200, 198, 201, 204, 207, 204, 206, 220, 219, 214, 208, 201, 198, 197, 199, 196, 195, 192, 193, 194, 196
2010,14201040,201,CH4 ,10PPBC,11,23, 195, 191, 188, 190, 187, 184, 183, 183, 183, 184, 184, 186, 187, 187, 188, 189, 187, 187, 189, 190, 190, 191, 191, 190
2010,14201040,201,CH4 ,10PPBC,11,24, 191, 190, 193, 190, 191, 192, 192, 189, 192, 190, 189, 188, 189,9999,9999,9999, 187, 190, 190, 189, 189, 189, 190, 192
2010,14201040,201,CH4 ,10PPBC,11,25, 189, 188, 188, 190, 202, 203, 204, 203, 203, 204, 206, 210, 204, 197, 194, 195, 194, 197, 206, 204, 204, 201, 199, 198
2010,14201040,201,CH4 ,10PPBC,11,26, 196, 198, 199, 206, 196, 192, 193, 194, 194, 194, 197, 196, 193, 194, 195, 195, 198, 194, 196, 192, 191, 194, 190, 190
2010,14201040,201,CH4 ,10PPBC,11,27, 192, 193, 192, 190, 189, 189, 189, 190, 191, 189, 187, 187, 187, 187, 187, 188, 188, 189, 190, 191, 193, 192, 193, 199
2010,14201040,201,CH4 ,10PPBC,11,28, 203, 207, 196, 186, 187, 186, 186, 186, 187, 187, 187, 187, 186, 185, 185, 186, 186, 186, 186, 187, 189, 188, 190, 189
2010,14201040,201,CH4 ,10PPBC,11,29, 189, 189, 190, 190, 189, 190, 191, 190, 190, 190, 189, 190, 188, 187, 187, 188, 188, 188, 189, 189, 189, 192, 196, 197
2010,14201040,201,CH4 ,10PPBC,11,30, 192, 192, 194, 194, 193, 192, 192, 191, 194, 192,9999,9999, 188, 189, 189, 189, 189, 193, 193, 187, 187, 187, 187, 187
2010,14201040,201,CH4 ,10PPBC,11,31,9998,9998,9998,9998,9998,9998,9998,9998,9998,9998,9998,9998,9998,9998,9998,9998,9998,9998,9998,9998,9998,9998,9998,9998
2010,14201040,201,CH4 ,10PPBC,12, 1, 187, 188, 192, 197, 199, 200, 202, 205, 199, 197, 197, 196, 199, 195, 191, 193, 195, 196, 192, 189, 191, 191, 193, 194
2010,14201040,201,CH4 ,10PPBC,12, 2, 204, 198, 196, 195, 194, 194, 195, 196, 194, 193, 196, 196, 197, 201, 200, 199, 200, 200, 195, 190, 194, 197, 198, 201
2010,14201040,201,CH4 ,10PPBC,12, 3, 203, 206, 207, 190, 181, 180, 180, 179, 179, 177, 178, 179, 180, 182, 182, 181, 180, 180, 183, 184, 185, 186, 186, 186
2010,14201040,201,CH4 ,10PPBC,12, 4, 186, 185, 186, 186, 186, 187, 187, 188, 187, 186, 186, 186, 186, 185, 185, 186, 186, 188, 190, 190, 191, 191, 190, 190
2010,14201040,201,CH4 ,10PPBC,12, 5, 191, 191, 191, 191, 208, 215, 211, 207, 201, 193, 199, 198, 196, 193, 192, 192, 190, 199, 203, 207, 211, 209, 203, 215
2010,14201040,201,CH4 ,10PPBC,12, 6, 208, 199, 196, 195, 195, 196, 198, 198, 200, 199, 198, 199, 196, 194, 192, 192, 191, 185, 184, 183, 183, 183, 183, 189
2010,14201040,201,CH4 ,10PPBC,12, 7, 209, 216, 223, 219, 202, 202, 212, 209, 197, 212, 208, 202, 196, 192, 194, 195, 196, 190, 186, 186, 186, 187, 188, 188
2010,14201040,201,CH4 ,10PPBC,12, 8, 187, 186, 186, 186, 186, 186, 187, 187, 190, 190,9999,9999, 189, 188, 189, 188, 189, 190, 192, 191, 192, 191, 192, 193
2010,14201040,201,CH4 ,10PPBC,12, 9, 191, 199, 197, 198, 198, 194, 200, 202, 195, 192, 190, 188, 187, 187, 187, 188, 188, 188, 189, 189, 188, 189, 190, 191
2010,14201040,201,CH4 ,10PPBC,12,10, 193, 194, 194, 194, 192, 193, 192, 194, 193, 194, 194, 194, 193, 192, 191, 190, 191, 194, 200, 203, 198, 195, 193, 197
2010,14201040,201,CH4 ,10PPBC,12,11, 204, 209, 211, 200, 189, 188, 188, 188, 188, 188, 187, 187, 186, 185, 185, 184, 185, 184, 185, 185, 185, 185, 185, 186
2010,14201040,201,CH4 ,10PPBC,12,12, 186, 187, 188, 192, 195, 194, 193, 192, 191, 191, 191, 192, 193, 192, 191, 192, 192, 193, 192, 190, 189, 191, 190, 191
2010,14201040,201,CH4 ,10PPBC,12,13, 195, 195, 194, 194, 193, 194, 194, 194, 194, 194, 193,9999,9999,9999, 189, 190, 191, 190, 190, 192, 193, 194, 195, 196
2010,14201040,201,CH4 ,10PPBC,12,14, 200, 195, 198, 199, 195, 192, 193, 189, 189, 193, 195, 193, 204, 187, 185, 184, 186, 187, 188, 189, 189, 191, 190, 189
2010,14201040,201,CH4 ,10PPBC,12,15, 188, 189, 183, 183, 183, 184, 186, 185, 185, 192, 193, 190, 187, 186, 183, 186, 188, 187, 187, 188, 187, 187, 189, 187
2010,14201040,201,CH4 ,10PPBC,12,16, 188, 189, 189, 189, 188, 188, 188, 188, 187, 187, 189, 191, 191, 189, 191, 191, 191, 190, 189, 192, 197, 196, 195, 195
2010,14201040,201,CH4 ,10PPBC,12,17, 195, 195, 196, 194, 191, 190, 190, 191, 192, 195, 190, 191, 193, 192, 188, 189, 189, 192, 200, 205, 209, 210, 213, 210
2010,14201040,201,CH4 ,10PPBC,12,18, 208, 201, 189, 188, 194, 202, 199, 191, 189, 188, 188, 188, 188, 189, 191, 193, 191, 191, 189, 190, 190, 191, 191, 192
2010,14201040,201,CH4 ,10PPBC,12,19, 193, 192, 193, 194, 192, 191, 194, 193, 193, 194, 195, 195, 194, 196, 192, 192, 192, 192, 192, 191, 192, 193, 195, 194
2010,14201040,201,CH4 ,10PPBC,12,20, 199, 199, 201, 199, 199, 199, 198, 202, 211, 204,9999,9999,9999, 189, 184, 184, 184, 190, 208, 222, 200, 192, 193, 196
2010,14201040,201,CH4 ,10PPBC,12,21, 198, 203, 200, 197, 202, 200, 203, 198, 195, 198, 199, 198, 197, 197, 198, 197, 195, 196, 195, 193, 191, 191, 190, 191
2010,14201040,201,CH4 ,10PPBC,12,22, 193, 192, 196, 188, 180, 182, 187, 189, 187, 186, 185, 181, 181, 182, 182, 182, 182, 187, 193, 194, 201, 209, 209, 208
2010,14201040,201,CH4 ,10PPBC,12,23, 215, 200, 199, 202, 194, 187, 187, 189, 188, 186, 185, 186, 185, 184, 184, 185, 189, 190, 189, 190, 189, 191, 203, 205
2010,14201040,201,CH4 ,10PPBC,12,24, 202, 186, 194, 188, 186, 186, 188, 187, 188, 187, 187, 188, 186, 186, 185, 184, 184, 184, 185, 189, 192, 187, 188, 188
2010,14201040,201,CH4 ,10PPBC,12,25, 188, 187, 186, 185, 185, 185, 185, 185, 185, 186, 185, 185, 184, 184, 184, 184, 184, 184, 184, 184, 185, 184, 184, 185
2010,14201040,201,CH4 ,10PPBC,12,26, 185, 184, 185, 185, 185, 185, 185, 184, 184, 185, 184, 184, 184, 183, 183, 183, 183, 184, 184, 185, 185, 185, 185, 185
2010,14201040,201,CH4 ,10PPBC,12,27, 185, 185, 186, 186, 186, 186, 186, 185, 186, 187, 187, 187, 187, 186, 186, 186, 186, 186, 187, 187, 189, 192, 192, 193
2010,14201040,201,CH4 ,10PPBC,12,28, 197, 199, 208, 212, 205, 200, 209, 217, 208, 199, 193, 186, 186, 185, 185, 185, 185, 184, 184, 184, 183, 183, 183, 184
2010,14201040,201,CH4 ,10PPBC,12,29, 187, 187, 187, 186, 189, 189, 192, 194, 193, 191,9999,9999, 190, 190, 190, 189, 189, 189, 190, 191, 191, 191, 191, 192
2010,14201040,201,CH4 ,10PPBC,12,30, 192, 195, 196, 194, 198, 197, 195, 194, 193, 192, 191, 190, 191, 187, 186, 186, 186, 201, 195, 193, 192, 194, 194, 197
2010,14201040,201,CH4 ,10PPBC,12,31, 202, 188, 187, 189, 190, 190, 189, 189, 188, 190, 189, 189, 188, 188, 187, 187, 187, 189, 197, 198, 201, 189, 189, 190
2010,14201040,201,CH4 ,10PPBC, 1, 1, 190, 190, 191, 194, 201, 205, 204, 201, 196, 190, 190, 190, 191, 192, 193, 193, 195, 198, 197, 192, 193, 195, 197, 194
2010,14201040,201,CH4 ,10PPBC, 1, 2, 192, 192, 197, 196, 197, 197, 197, 197, 193, 196, 191, 191, 193, 192, 192, 192, 192, 194, 197, 198, 192, 191, 191, 191
2010,14201040,201,CH4 ,10PPBC, 1, 3, 192, 191, 191, 192, 191, 196, 195, 195, 195, 195, 194, 194, 193, 193, 194, 191, 193, 195, 198, 197, 194, 194, 202, 204
2010,14201040,201,CH4 ,10PPBC, 1, 4, 201, 194, 193, 192, 192, 191, 190, 190, 191, 191, 192, 190, 190, 190, 192, 192, 189, 191, 197, 192, 192, 191, 193, 192
2010,14201040,201,CH4 ,10PPBC, 1, 5, 192, 193, 194, 193, 193, 190, 191, 192, 191, 190, 190, 191, 190, 189, 187, 187, 187, 187, 187, 187, 187, 187, 187, 187
2010,14201040,201,CH4 ,10PPBC, 1, 6, 188, 187, 187, 186, 187, 187, 188, 189, 189, 191, 191, 189, 188, 188, 188, 189, 189, 190, 189, 190, 191, 191, 191, 190
2010,14201040,201,CH4 ,10PPBC, 1, 7, 190, 190, 190, 190, 189, 190, 190, 191, 191, 191, 190, 190,9999,9999, 190, 189, 190, 190, 192, 192, 192, 192, 191, 191
2010,14201040,201,CH4 ,10PPBC, 1, 8, 191, 191, 190, 190, 191, 191, 191, 191, 191, 191, 192, 190, 190, 189, 189, 189, 188, 188, 188, 188, 193, 188, 188, 188
2010,14201040,201,CH4 ,10PPBC, 1, 9, 188, 187, 187, 187, 187, 187, 187, 188, 187, 187, 186, 187, 186, 185, 185, 185, 189, 191, 207, 187, 186, 187, 188, 189
2010,14201040,201,CH4 ,10PPBC, 1,10, 189, 190, 191, 191, 191, 192, 192, 192, 192, 191, 191, 191, 191, 191, 191, 192, 192, 191, 192, 193, 194, 194, 193, 193
2010,14201040,201,CH4 ,10PPBC, 1,11, 193, 192, 191, 191, 191, 192, 195, 195, 196, 195, 194, 194, 194, 194, 193, 192, 194, 196, 208, 207, 208, 199, 200, 200
2010,14201040,201,CH4 ,10PPBC, 1,12, 199, 196, 205, 207, 200, 199, 199, 200, 197, 200, 196, 192, 190, 190, 190, 189, 189, 197, 196, 192, 190, 190, 191, 191
2010,14201040,201,CH4 ,10PPBC, 1,13, 191, 191, 192, 191, 191, 191, 191, 191, 192, 191,9999,9999,9999, 189, 190, 191, 191, 191, 191, 191, 191, 192, 192, 194
2010,14201040,201,CH4 ,10PPBC, 1,14, 194, 193, 193, 193, 195, 198, 194, 194, 194, 193, 192, 190, 191, 189, 188, 189, 188, 190, 209, 207, 211, 210, 202, 199
2010,14201040,201,CH4 ,10PPBC, 1,15, 209, 206, 203, 205, 205, 222, 239, 229, 190, 189, 190, 188, 187, 186, 186, 186, 185, 185, 186, 186, 185, 184, 184, 184
2010,14201040,201,CH4 ,10PPBC, 1,16, 187, 188, 191, 190, 189, 192, 190, 189, 189, 189, 189, 189, 188, 188, 188, 187, 188, 188, 189, 188, 188, 189, 188, 189
2010,14201040,201,CH4 ,10PPBC, 1,17, 188, 188, 189, 188, 191, 195, 196, 197, 198, 190, 189, 189, 188,9999,9999, 191, 186, 190, 188, 191, 192, 191, 192, 194
2010,14201040,201,CH4 ,10PPBC, 1,18, 201, 208, 210, 206, 208, 204, 201, 203, 200, 197, 198, 193, 192, 191, 190, 190, 190, 194, 199, 201, 202, 199, 201, 198
2010,14201040,201,CH4 ,10PPBC, 1,19, 195, 194, 192, 195, 198, 198, 196, 196, 196, 195, 196, 196, 193, 192, 191, 190, 191, 193, 208, 203, 204, 192, 192, 189
2010,14201040,201,CH4 ,10PPBC, 1,20, 191, 192, 199, 198, 209, 198, 194, 198, 198, 194, 191, 191, 190, 189, 189, 188, 189, 191, 194, 191, 191, 192, 192, 192
2010,14201040,201,CH4 ,10PPBC, 1,21, 193, 192, 192, 193, 194, 192, 191, 191, 192, 192, 193, 192, 192, 191, 190, 190, 191, 195, 205, 212, 207, 204, 199, 202
2010,14201040,201,CH4 ,10PPBC, 1,22, 200, 196, 193, 192, 191, 190, 191, 192, 194, 195, 193, 190, 189, 189, 189, 188, 188, 191, 202, 203, 202, 202, 193, 196
2010,14201040,201,CH4 ,10PPBC, 1,23, 193, 192, 194, 195, 198, 198, 199, 199, 199, 198, 197, 197, 196, 195, 195, 193, 193, 194, 194, 195, 196, 194, 193, 195
2010,14201040,201,CH4 ,10PPBC, 1,24, 194, 198, 196, 198, 199, 195, 196, 202, 201, 194, 194, 194, 195, 194, 196, 195, 198, 200, 201, 197, 196, 195, 194, 195
2010,14201040,201,CH4 ,10PPBC, 1,25, 195, 196, 195, 196, 196, 196, 196, 195, 198, 197, 195, 193, 194, 193, 193, 192, 193, 194, 200, 200, 194, 193, 194, 195
2010,14201040,201,CH4 ,10PPBC, 1,26, 196, 197, 196, 196, 198, 197, 197, 199, 198, 196, 198, 195, 194,9999,9999, 193, 187, 187, 188, 190, 190, 191, 192, 192
2010,14201040,201,CH4 ,10PPBC, 1,27, 193, 194, 194, 200, 209, 213, 207, 205, 199, 194, 190, 189, 190, 189, 189, 189, 189, 194, 196, 192, 191, 192, 192, 192
2010,14201040,201,CH4 ,10PPBC, 1,28, 193, 193, 192, 193, 194, 194, 195, 195, 196, 194, 194, 192, 191, 191, 191, 192, 192, 193, 198, 192, 192, 192, 192, 192
2010,14201040,201,CH4 ,10PPBC, 1,29, 192, 193, 193, 193, 195, 193, 191, 193, 194, 193, 191, 191, 190, 190, 189, 189, 189, 190, 214, 215, 198, 189, 192, 191
2010,14201040,201,CH4 ,10PPBC, 1,30, 189, 190, 190, 190, 190, 190, 189, 188, 190, 190, 190, 189, 190, 188, 188, 188, 187, 188, 189, 191, 190, 191, 192, 193
2010,14201040,201,CH4 ,10PPBC, 1,31, 196, 200, 196, 196, 196, 195, 194, 195, 191, 189, 191, 192, 191, 190,9999,9999, 189, 189, 197, 203, 201, 194, 202, 200
2010,14201040,201,CH4 ,10PPBC, 2, 1, 202, 201, 205, 209, 212, 234, 233, 224, 214, 193, 191, 190, 188, 188, 188, 188, 187, 188, 193, 196, 196, 192, 191, 192
2010,14201040,201,CH4 ,10PPBC, 2, 2, 192, 193, 192, 192, 194, 194, 192, 193, 194, 196, 196, 197, 194, 192, 193, 194, 193, 191, 198, 195, 195, 195, 193, 192
2010,14201040,201,CH4 ,10PPBC, 2, 3, 191, 194, 206, 203, 201, 198, 191, 192, 199, 206, 204, 192, 191, 191, 191, 190, 189, 189, 188, 191, 190, 188, 188, 188
2010,14201040,201,CH4 ,10PPBC, 2, 4, 187, 187, 187, 187, 187, 187, 197, 200, 201, 201, 198, 189, 191, 204, 195, 188, 187, 193, 202, 204, 206, 209, 208, 219
2010,14201040,201,CH4 ,10PPBC, 2, 5, 208, 201, 205, 211, 209, 209, 200, 197, 196, 195, 194, 194, 193, 194, 194, 194, 194, 198, 203, 205, 203, 208, 208, 206
2010,14201040,201,CH4 ,10PPBC, 2, 6, 193, 193, 193, 193, 194, 196, 199, 205, 204, 204, 198, 197, 197, 196, 195, 193, 194, 196, 200, 208, 208, 206, 208, 202
2010,14201040,201,CH4 ,10PPBC, 2, 7, 200, 201, 203, 203, 203, 203, 205, 199, 194, 193, 191, 190, 189, 189, 189,9999,9999, 197, 192, 191, 192, 192, 193, 193
2010,14201040,201,CH4 ,10PPBC, 2, 8, 191, 192, 192, 193, 193, 194, 191, 190, 190, 192, 194, 195, 193, 192, 192, 192, 191, 193, 194, 193, 193, 191, 191, 197
2010,14201040,201,CH4 ,10PPBC, 2, 9, 195, 194, 194, 192, 197, 196, 193, 192, 190, 190, 190, 192, 192, 193, 191, 192, 191, 193, 197, 199, 198, 197, 198, 194
2010,14201040,201,CH4 ,10PPBC, 2,10, 192, 192, 193, 192, 192, 192, 192, 192, 193, 193, 193, 194, 193, 193, 193, 192, 192, 193, 194, 195, 197, 196, 195, 194
2010,14201040,201,CH4 ,10PPBC, 2,11, 195, 193, 194, 193, 194, 195, 195, 196, 194, 193, 196, 195, 196, 195, 195, 194, 193, 193, 194, 195, 194, 193, 192, 191
2010,14201040,201,CH4 ,10PPBC, 2,12, 191, 191, 190, 191, 190, 190, 190, 191, 191, 191, 191, 192, 192, 192, 192, 191, 192, 192, 191, 191, 191, 193, 192, 193
2010,14201040,201,CH4 ,10PPBC, 2,13, 196, 195, 194, 197, 195, 199, 199, 199, 195, 193, 194, 193, 193, 193, 193, 193, 193, 193, 196, 198, 199, 200, 198, 199
2010,14201040,201,CH4 ,10PPBC, 2,14, 201, 199, 198, 201, 199, 198, 197, 197, 198, 198, 198, 197, 195, 195, 194, 194, 197, 199, 198, 197, 197, 197, 195, 196
2010,14201040,201,CH4 ,10PPBC, 2,15, 194, 192, 192, 192, 192, 192, 193, 194, 194, 194, 194, 193, 193, 193,9999,9999, 190, 190, 190, 191, 191, 192, 193, 195
2010,14201040,201,CH4 ,10PPBC, 2,16, 195, 195, 196, 203, 197, 195, 196, 196, 197, 196, 197, 195, 196, 191, 190, 190, 190, 190, 193, 197, 189, 189, 188, 189
2010,14201040,201,CH4 ,10PPBC, 2,17, 191, 191, 196, 199, 199, 201, 203, 213, 214, 203, 199, 197, 188, 185, 185, 184, 184, 184, 184, 184, 183, 183, 182, 182
2010,14201040,201,CH4 ,10PPBC, 2,18, 181, 181, 180, 180, 180, 180, 179, 179, 181, 184, 185, 186, 185, 184, 184, 185, 185, 185, 187, 187, 188, 189, 189, 189
2010,14201040,201,CH4 ,10PPBC, 2,19, 189, 188, 189, 190, 189, 190, 190, 190, 190, 190, 190, 191, 190, 190, 190, 189, 188, 189, 188, 188, 190, 193, 192, 192
2010,14201040,201,CH4 ,10PPBC, 2,20, 192, 201, 201, 196, 195, 194, 192, 192, 192, 192, 193, 193, 194, 194, 192, 193, 195, 189, 188, 188, 188, 188, 189, 189
2010,14201040,201,CH4 ,10PPBC, 2,21, 189, 187, 188, 188, 188, 189, 189, 189, 189, 190, 189, 190, 190, 189, 188, 188, 188, 188, 189, 189, 189, 189, 190, 189
2010,14201040,201,CH4 ,10PPBC, 2,22, 189, 190, 192, 191, 190, 190, 192, 193, 191, 191, 191, 190, 189, 189, 188, 188, 188, 188, 189, 190, 190, 190, 191, 191
2010,14201040,201,CH4 ,10PPBC, 2,23, 190, 190, 191, 192, 192, 192, 192, 195, 194, 193, 192, 192, 191, 191, 189, 189, 190, 189, 191, 197, 199, 202, 202, 195
2010,14201040,201,CH4 ,10PPBC, 2,24, 194, 194, 195, 194, 195, 203, 205, 205, 204, 202, 202, 198, 190, 188,9999,9999,9999, 183, 185, 186, 187, 184, 183, 183
2010,14201040,201,CH4 ,10PPBC, 2,25, 183, 182, 182, 182, 182, 182, 182, 182, 181, 181, 181, 181, 181, 180, 180, 180, 180, 181, 182, 183, 183, 187, 188, 189
2010,14201040,201,CH4 ,10PPBC, 2,26, 189, 189, 189, 189, 189, 189, 190, 191, 191, 192, 192, 192, 192, 192, 192, 191, 191, 191, 191, 193, 194, 195, 199, 197
2010,14201040,201,CH4 ,10PPBC, 2,27, 199, 193, 191, 193, 193, 194, 194, 188, 187, 187, 187, 186, 186, 185, 185, 184, 183, 184, 184, 184, 184, 186, 191, 194
2010,14201040,201,CH4 ,10PPBC, 2,28, 190, 190, 190, 189, 190, 188, 189, 189, 189, 192, 191, 191, 190, 190, 190, 191, 191, 191, 191, 192, 193, 193, 193, 191
2010,14201040,201,CH4 ,10PPBC, 2,29,9998,9998,9998,9998,9998,9998,9998,9998,9998,9998,9998,9998,9998,9998,9998,9998,9998,9998,9998,9998,9998,9998,9998,9998
2010,14201040,201,CH4 ,10PPBC, 2,30,9998,9998,9998,9998,9998,9998,9998,9998,9998,9998,9998,9998,9998,9998,9998,9998,9998,9998,9998,9998,9998,9998,9998,9998
2010,14201040,201,CH4 ,10PPBC, 2,31,9998,9998,9998,9998,9998,9998,9998,9998,9998,9998,9998,9998,9998,9998,9998,9998,9998,9998,9998,9998,9998,9998,9998,9998
2010,14201040,201,CH4 ,10PPBC, 3, 1, 190, 191, 192, 194, 192, 193, 193, 192, 195, 197, 197, 194, 190, 189, 190, 192, 190, 199, 209, 197, 192, 192, 192, 193
2010,14201040,201,CH4 ,10PPBC, 3, 2, 192, 191, 190, 191, 186, 188, 188, 188, 189, 187, 187, 187, 186, 189, 188, 189, 189, 189, 186, 187, 188, 188, 189, 189
2010,14201040,201,CH4 ,10PPBC, 3, 3, 190, 190, 189, 188, 188, 188, 189, 190, 190, 190, 188,9999,9999,9999, 191, 191, 191, 191, 191, 190, 190, 190, 190, 190
2010,14201040,201,CH4 ,10PPBC, 3, 4, 192, 193, 192, 193, 190, 191, 191, 191, 192, 190, 190, 189, 190, 190, 190, 190, 191, 191, 192, 192, 194, 194, 195, 197
2010,14201040,201,CH4 ,10PPBC, 3, 5, 195, 195, 198, 199, 197, 196, 196, 191, 191, 190, 191, 191, 191, 190, 190, 190, 189, 189, 189, 189, 189, 188, 189, 188
2010,14201040,201,CH4 ,10PPBC, 3, 6, 188, 188, 188, 188, 188, 188, 189, 190, 189, 188, 188, 188, 186, 185, 185, 185, 185, 184, 185, 185, 186, 185, 186, 186
2010,14201040,201,CH4 ,10PPBC, 3, 7, 191, 202, 197, 196, 199, 200, 193, 194, 190, 192, 192, 192, 191, 191, 190, 192, 188, 188, 188, 189, 191, 191, 189, 190
2010,14201040,201,CH4 ,10PPBC, 3, 8, 191, 190, 190, 192, 192, 193, 196, 195, 195, 198, 191, 193, 192, 192, 191, 191, 190, 190, 190, 197, 204, 191, 193, 189
2010,14201040,201,CH4 ,10PPBC, 3, 9, 189, 192, 192, 193, 196, 196, 196, 194, 194, 193,9999,9999,9999, 186, 185, 183, 186, 186, 186, 186, 187, 186, 187, 189
2010,14201040,201,CH4 ,10PPBC, 3,10, 189, 190, 190, 190, 190, 191, 192, 192, 193, 192, 192, 191, 191, 191, 190, 190, 189, 190, 191, 192, 191, 191, 193, 207
2010,14201040,201,CH4 ,10PPBC, 3,11, 206, 215, 195, 204, 197, 195, 195, 197, 192, 192, 190, 189, 189, 187,9999,9999,9999,9999,9999,9999,9999,9999,9999,9999
2010,14201040,201,CH4 ,10PPBC, 3,12,9999,9999, 193, 196, 197, 198, 200, 198, 196, 195, 194, 194, 193, 194, 193, 193, 194, 196, 193, 196, 201, 207, 210, 211
2010,14201040,201,CH4 ,10PPBC, 3,13, 218, 224, 223, 216, 212, 198, 197, 198, 198, 199, 193, 192, 192, 191, 191, 190, 189, 188, 188, 187, 187, 189, 188, 188
2010,14201040,201,CH4 ,10PPBC, 3,14, 189, 190, 203, 209, 213, 192, 187, 187, 187, 187, 186, 186, 185, 185, 185, 184, 185, 184, 184, 184, 184, 184, 184, 184
2010,14201040,201,CH4 ,10PPBC, 3,15, 184, 184, 184, 192, 190, 194,9999,9999,9999,9999,9999,9999,9999,9999,9999,9999,9999,9999,9999,9999,9999,9999,9999,9999
2010,14201040,201,CH4 ,10PPBC, 3,16,9999,9999,9999,9999,9999,9999,9999,9999,9999,9999,9999,9999, 188, 186, 188, 188, 189, 190,9999,9999,9999, 192, 193, 193
2010,14201040,201,CH4 ,10PPBC, 3,17, 193, 194, 193, 193, 193, 194, 194, 193, 194, 193, 192, 191, 191, 191, 191,9999,9999,9999,9999, 192, 193, 193, 193, 193
2010,14201040,201,CH4 ,10PPBC, 3,18, 193, 193, 193, 192, 193, 193, 193, 194, 193, 194, 195, 194,9999,9999,9999,9999, 191, 191, 191, 191, 191, 191, 191, 191
2010,14201040,201,CH4 ,10PPBC, 3,19, 190, 190, 189, 189, 190, 190, 190, 190, 189, 189, 188, 188, 188, 187, 187, 187, 187, 187, 187, 188, 188, 190, 193, 193
2010,14201040,201,CH4 ,10PPBC, 3,20, 197, 197, 191, 192, 195, 195, 199, 198, 198, 194, 194, 193, 195, 192, 192, 189, 187, 186, 186, 185, 184, 184, 185, 184
2010,14201040,201,CH4 ,10PPBC, 3,21, 184, 184, 184, 184, 184, 184, 183, 183, 183, 187, 193, 194, 191, 189, 189, 188, 189, 191, 190, 190, 191, 192, 191, 190
2010,14201040,201,CH4 ,10PPBC, 3,22, 190, 189, 190, 190, 194, 196, 196, 193, 193, 193, 194, 194, 195, 194, 194,9999,9999,9999,9999, 196, 200, 195, 193, 193
2010,14201040,201,CH4 ,10PPBC, 3,23, 193, 194, 198, 195, 193, 192, 192, 191, 191, 192, 192, 192, 192,9999,9999,9999,9999, 188, 189, 190, 189, 189, 190, 190
2010,14201040,201,CH4 ,10PPBC, 3,24, 190, 192, 189, 190, 189, 189, 190, 189, 190, 189, 188, 189, 189, 190, 189, 188, 188, 188, 189, 195, 192, 191, 195, 196
2010,14201040,201,CH4 ,10PPBC, 3,25, 197, 199, 193, 195, 196, 197, 198, 200, 197, 191, 189, 189, 188, 187, 187, 186, 187, 187, 186, 186, 186, 186, 186, 187
2010,14201040,201,CH4 ,10PPBC, 3,26, 187, 189, 190, 189, 190, 189, 190, 190, 190, 189, 189, 188, 188, 188, 188, 188, 188, 188, 188, 188, 189, 189, 189, 189
2010,14201040,201,CH4 ,10PPBC, 3,27, 190, 189, 189, 190, 190, 190, 190, 190, 190, 190, 199, 194, 190, 189, 190, 189, 189, 188, 189, 191, 188, 188, 188, 188
2010,14201040,201,CH4 ,10PPBC, 3,28, 189, 190, 189, 189, 190, 189, 189, 189, 189, 189, 190, 190, 189, 188, 187, 187, 187, 187, 187, 189, 194, 195, 195, 189
2010,14201040,201,CH4 ,10PPBC, 3,29, 187, 188, 188, 187, 188, 190, 193, 194, 193, 189,9999,9999, 187, 187, 187, 186, 186, 187, 187, 189, 187, 188, 191, 193
2010,14201040,201,CH4 ,10PPBC, 3,30, 190, 191, 192, 194, 194, 194, 193, 192, 193, 194, 193, 190, 188, 188, 186, 187, 187, 186, 187, 187, 193, 202, 197, 189
2010,14201040,201,CH4 ,10PPBC, 3,31, 190, 189, 193, 196, 191, 191, 189, 190, 190, 189, 189, 188, 188, 189, 187, 186, 187, 186, 187, 188, 190, 190, 189, 189
2010,14201050,201,CH4 ,10PPBC, 4, 1, 185, 185, 185, 185, 185, 185, 184, 184, 184, 184, 184, 183, 183,9999,9999, 183, 182, 183, 182, 183, 183, 183, 183, 183
2010,14201050,201,CH4 ,10PPBC, 4, 2, 182, 182, 182, 183, 182, 181, 181, 182, 181, 181, 181, 181, 182, 182, 185, 186, 187, 190, 189, 189, 188, 188, 190, 188
2010,14201050,201,CH4 ,10PPBC, 4, 3, 188, 190, 189, 189, 188, 188, 189, 188, 188, 190, 190, 188, 187, 185, 186, 185, 185, 186, 187, 187, 190, 188, 189, 188
2010,14201050,201,CH4 ,10PPBC, 4, 4, 190, 192, 190, 190, 190, 191, 194,9999,9999,9999,9999,9999,9999,9999,9999,9999,9999,9999,9999,9999,9999,9999,9999,9999
2010,14201050,201,CH4 ,10PPBC, 4, 5,9999,9999,9999,9999,9999,9999,9999,9999,9999,9999,9999,9999,9999, 199, 199, 198, 209, 238, 204, 198, 200, 220, 201, 205
2010,14201050,201,CH4 ,10PPBC, 4, 6, 203, 211, 196, 197, 196, 191, 189, 187, 188, 188, 188, 188, 187,9999,9999,9999, 185, 185, 185, 184, 185, 185, 185, 185
2010,14201050,201,CH4 ,10PPBC, 4, 7, 184, 184, 183, 183, 182, 183, 183, 182, 189, 194, 195, 193, 191, 186, 188, 187, 183, 186, 187, 187, 187, 187, 187, 188
2010,14201050,201,CH4 ,10PPBC, 4, 8, 188, 188, 189, 188, 188, 188, 189, 190, 189, 188, 188, 187, 188, 188, 188, 188, 188, 188, 189, 189, 189, 190,9999,9999
2010,14201050,201,CH4 ,10PPBC, 4, 9,9999,9999,9999,9999, 193, 194, 196,9999,9999,9999,9999,9999,9999,9999,9999,9999, 180, 182, 182, 185, 188, 185, 185, 189
2010,14201050,201,CH4 ,10PPBC, 4,10, 192, 191, 191, 192, 197, 190, 189, 190, 192, 194, 194, 193, 195, 192, 188, 187, 183, 183, 184, 184, 183, 182, 183, 184
2010,14201050,201,CH4 ,10PPBC, 4,11, 185, 183, 183, 182, 184, 184, 183, 183, 183, 183, 183, 185, 186, 185, 184, 183, 183, 183, 183, 186, 186, 187, 187, 187
2010,14201050,201,CH4 ,10PPBC, 4,12, 187, 188, 191, 200, 189, 186, 187, 187, 185, 187, 187, 188,9999,9999, 187, 185, 186, 188, 187, 187, 186, 187, 186, 185
2010,14201050,201,CH4 ,10PPBC, 4,13, 184, 184, 184, 183, 183, 183, 183, 184, 184, 187, 185, 183, 180, 181, 181, 180, 180, 180, 179, 180, 181, 180, 181, 181
2010,14201050,201,CH4 ,10PPBC, 4,14, 181, 181, 183, 188, 184, 184, 184, 185, 185, 184, 185, 185, 185, 186, 185, 184, 184, 184, 184, 185, 185, 184, 186, 188
2010,14201050,201,CH4 ,10PPBC, 4,15, 188, 187, 191, 189, 187, 185, 184, 185, 187, 185, 186, 188, 187, 188, 186, 186, 185, 185, 185, 187, 190, 189, 187, 187
2010,14201050,201,CH4 ,10PPBC, 4,16, 188, 186, 186, 186, 186, 189, 190, 187, 190, 188, 186, 186, 186, 186, 185, 185, 185, 185, 189, 189, 187, 187, 187, 187
2010,14201050,201,CH4 ,10PPBC, 4,17, 187, 186, 187, 186, 186, 185, 186, 186, 186, 185, 184, 190, 187, 186, 187, 189, 186, 185, 185, 185, 188, 190, 190, 191
2010,14201050,201,CH4 ,10PPBC, 4,18, 191, 192, 191, 192, 199, 202, 193, 192, 190, 190, 192, 189, 186, 186, 186, 186, 187, 187, 186, 185, 185, 186, 191, 192
2010,14201050,201,CH4 ,10PPBC, 4,19, 192, 194, 192, 193, 194, 193, 194, 194, 195, 200,9999,9999,9999,9999,9999,9999,9999,9999,9999,9999,9999,9999,9999,9999
2010,14201050,201,CH4 ,10PPBC, 4,20,9999,9999,9999,9999,9999,9999,9999,9999,9999,9999,9999,9999,9999,9999,9999,9999,9999, 183, 185, 183, 182, 183, 183, 184
2010,14201050,201,CH4 ,10PPBC, 4,21, 185, 187, 193, 331, 199, 190, 190, 191, 190, 194, 193, 193, 194, 192, 192, 183, 183, 185, 182, 183, 183, 184, 185, 185
2010,14201050,201,CH4 ,10PPBC, 4,22, 185, 186, 189, 189, 189, 191, 190, 190, 190, 188, 188, 189, 188, 191, 191, 191, 190, 189, 194, 186, 190, 190, 189, 192
2010,14201050,201,CH4 ,10PPBC, 4,23, 188, 191, 189, 188, 189, 188, 192, 187, 187, 187, 187, 187, 188, 188, 188, 188, 187, 187, 186, 188, 189, 189, 190, 189
2010,14201050,201,CH4 ,10PPBC, 4,24, 191, 191, 191, 192, 188, 189, 190, 190, 188, 187, 187, 187, 188, 188, 188, 188, 188, 188, 189, 191, 189, 190, 190, 189
2010,14201050,201,CH4 ,10PPBC, 4,25, 189, 190, 192, 190, 189, 191, 194, 194, 193, 192, 189, 187, 187, 187, 187, 190, 188, 187, 187, 186, 188, 187, 189, 187
2010,14201050,201,CH4 ,10PPBC, 4,26, 186, 188, 188, 189, 190, 194, 195, 195, 191, 199, 196, 188,9999,9999, 187, 185, 185, 184, 184, 185, 186, 185, 187, 190
2010,14201050,201,CH4 ,10PPBC, 4,27, 192, 193, 195, 195, 202, 203, 190, 188, 189, 191, 190, 190, 185, 184, 183, 183, 183, 183, 183, 183, 183, 183, 183, 183
2010,14201050,201,CH4 ,10PPBC, 4,28, 183, 183, 182, 182, 181, 182, 182, 181, 181, 181, 181, 181, 184, 187, 186, 186, 185, 186, 186, 187, 186, 187, 187, 188
2010,14201050,201,CH4 ,10PPBC, 4,29, 189, 192, 190, 184, 182, 182, 182, 182, 182, 181, 181, 181, 181, 182, 181, 182, 182, 182, 183, 184, 184, 184, 183, 184
2010,14201050,201,CH4 ,10PPBC, 4,30, 185, 187, 188, 188, 189, 190, 194, 189, 186, 187, 187, 186, 185, 184, 184, 184, 184, 184, 184, 184, 184, 186, 188, 186
2010,14201050,201,CH4 ,10PPBC, 4,31,9998,9998,9998,9998,9998,9998,9998,9998,9998,9998,9998,9998,9998,9998,9998,9998,9998,9998,9998,9998,9998,9998,9998,9998
2010,14201050,201,CH4 ,10PPBC, 5, 1, 188, 187, 191, 188, 189, 190, 191, 189, 187, 186, 186, 185, 184, 184, 185, 185, 185, 184, 185, 185, 186, 187, 187, 186
2010,14201050,201,CH4 ,10PPBC, 5, 2, 186, 186, 187, 189, 190, 190, 190, 192, 198, 201, 193, 187, 187, 187, 185, 184, 184, 184, 184, 183, 183, 184, 184, 184
2010,14201050,201,CH4 ,10PPBC, 5, 3, 185, 186, 186, 185, 185, 186, 191, 194, 194, 190, 189, 188, 186, 183, 183, 183, 183, 182, 182, 182, 183, 182, 182, 182
2010,14201050,201,CH4 ,10PPBC, 5, 4, 182, 182, 182, 182, 182, 182, 182, 181, 181, 182, 182, 182, 181, 182, 183, 182, 182, 182, 181, 182, 181, 181, 182, 181
2010,14201050,201,CH4 ,10PPBC, 5, 5, 181, 181, 181, 181, 181, 181, 182, 183, 182, 184, 186, 184, 183, 181, 180, 181, 180, 181, 181, 181, 181, 181, 181, 181
2010,14201050,201,CH4 ,10PPBC, 5, 6, 181, 181, 180, 180, 179, 178, 178, 178, 178, 177, 178, 177, 177,9999,9999, 177, 177, 177, 177, 177, 178, 179, 178, 179
2010,14201050,201,CH4 ,10PPBC, 5, 7, 179, 179, 179, 179, 178, 178, 178, 178, 178, 178, 177, 177, 177, 177, 176, 176, 176, 176, 175, 175, 175, 175, 175, 175
2010,14201050,201,CH4 ,10PPBC, 5, 8, 176, 183, 185, 183, 188, 185, 186, 186, 185, 186, 186, 185, 184, 183, 183, 182, 182, 183, 183, 183, 183, 182, 183, 182
2010,14201050,201,CH4 ,10PPBC, 5, 9, 182, 182, 182, 184, 184, 188, 192, 191, 191, 187, 188, 189, 188, 188, 184, 184, 185, 184, 184, 185, 188, 187, 190, 190
2010,14201050,201,CH4 ,10PPBC, 5,10, 189, 188, 187, 186, 186, 189, 196, 191, 191, 194, 195,9999,9999,9999, 188, 188, 186, 184, 184, 188, 186, 183, 183, 185
2010,14201050,201,CH4 ,10PPBC, 5,11, 185, 188, 186, 185, 182, 183, 186, 183, 184, 183, 182, 182, 182, 181, 180, 181, 180, 181, 181, 183, 184, 188, 188, 187
2010,14201050,201,CH4 ,10PPBC, 5,12, 187, 187, 186, 186, 185, 184, 184, 184, 192, 187, 182, 183, 186, 184, 184, 183, 184, 184, 184, 185, 185, 186, 187, 191
2010,14201050,201,CH4 ,10PPBC, 5,13, 188, 188, 186, 186, 185, 185, 185, 186, 186, 186, 185, 185, 184, 184, 184, 185, 184, 184, 185, 186, 186, 186, 185, 187
2010,14201050,201,CH4 ,10PPBC, 5,14, 186, 186, 186, 185, 186, 186, 185, 185, 188, 186, 185, 185, 186, 186, 186, 185, 185, 183, 183, 184, 187, 185, 185, 185
2010,14201050,201,CH4 ,10PPBC, 5,15, 187, 187, 185, 184, 184, 184, 184, 184, 185, 184, 185, 184, 185, 185, 184, 183, 184, 183, 184, 184, 184, 184, 186, 186
2010,14201050,201,CH4 ,10PPBC, 5,16, 186, 186, 185, 187, 189, 186, 187, 184, 183, 183, 182, 182, 182, 182, 182, 181, 181, 182, 181, 181, 182, 183, 183, 183
2010,14201050,201,CH4 ,10PPBC, 5,17, 182, 183, 183, 184, 187, 189, 191, 191, 193, 191, 191, 189, 188, 186, 183, 183, 181, 181, 180, 181, 182, 183, 182, 181
2010,14201050,201,CH4 ,10PPBC, 5,18, 181, 181, 182, 182, 181, 182, 182, 182, 181, 180, 181, 181, 181,9999,9999, 180, 181, 181, 181, 181, 180, 180, 181, 180
2010,14201050,201,CH4 ,10PPBC, 5,19, 180, 181, 181, 180, 180, 180, 180, 180, 181, 180, 180, 180, 180, 180, 180, 179, 179, 179, 179, 179, 179, 179, 179, 180
2010,14201050,201,CH4 ,10PPBC, 5,20, 179, 179, 179, 179, 179, 179, 179, 179, 179, 179, 178, 179, 178, 179, 178, 179, 186, 191, 195, 208, 192, 190, 189, 187
2010,14201050,201,CH4 ,10PPBC, 5,21, 187, 190, 191, 187, 186, 194, 193, 195, 189, 190, 190, 192, 188, 186, 185, 186, 185, 185, 184, 185, 185, 185, 185, 184
2010,14201050,201,CH4 ,10PPBC, 5,22, 184, 190, 187, 187, 192, 196, 196, 196, 198, 194, 195, 192, 192, 191, 189, 185, 185, 184, 184, 185, 186, 186, 186, 185
2010,14201050,201,CH4 ,10PPBC, 5,23, 185, 189, 185, 186, 187, 187, 190, 193, 190, 186, 186, 186, 186, 190, 184, 183, 183, 182, 183, 185, 184, 182, 182, 183
2010,14201050,201,CH4 ,10PPBC, 5,24, 182, 182, 182, 184, 184, 184, 184, 187, 188, 186, 185,9999,9999, 187, 189, 190, 188, 184, 177, 172, 172, 177, 181, 180
2010,14201050,201,CH4 ,10PPBC, 5,25, 182, 182, 182, 182, 182, 182, 183, 182, 182, 182, 182, 182, 182, 182, 182, 184, 185, 185, 186, 186, 185, 184, 183, 184
2010,14201050,201,CH4 ,10PPBC, 5,26, 183, 182, 183, 183, 183, 183, 184, 185, 184, 183, 182, 186, 183, 182, 181, 181, 181, 181, 181, 181, 182, 182, 183, 183
2010,14201050,201,CH4 ,10PPBC, 5,27, 184, 183, 183, 185, 183, 184, 183, 184, 184, 183, 184, 183, 183, 181, 181, 180, 181, 181, 181, 181, 182, 183, 183, 183
2010,14201050,201,CH4 ,10PPBC, 5,28, 183, 183, 185, 186, 185, 184, 182, 182, 182, 183, 185, 184, 185, 184, 183, 181, 181, 180, 181, 181, 181, 182, 181, 181
2010,14201050,201,CH4 ,10PPBC, 5,29,9999,9999,9999,9999,9999,9999,9999,9999,9999,9999,9999,9999,9999,9999,9999,9999,9999,9999,9999,9999,9999,9999,9999,9999
2010,14201050,201,CH4 ,10PPBC, 5,30,9999,9999,9999,9999,9999,9999,9999,9999,9999,9999,9999,9999,9999,9999,9999,9999,9999,9999,9999,9999,9999,9999,9999,9999
2010,14201050,201,CH4 ,10PPBC, 5,31,9999,9999,9999,9999,9999,9999,9999,9999,9999,9999,9999,9999,9999,9999,9999,9999,9999,9999,9999,9999,9999,9999,9999,9999
2010,14201050,201,CH4 ,10PPBC, 6, 1,9999,9999,9999,9999,9999,9999,9999,9999,9999,9999,9999,9999,9999,9999,9999,9999,9999,9999,9999,9999,9999,9999,9999,9999
2010,14201050,201,CH4 ,10PPBC, 6, 2,9999,9999,9999,9999,9999,9999,9999,9999,9999,9999,9999,9999,9999,9999,9999,9999,9999,9999,9999,9999,9999,9999,9999,9999
2010,14201050,201,CH4 ,10PPBC, 6, 3,9999,9999,9999,9999,9999,9999,9999,9999,9999,9999,9999,9999,9999,9999,9999,9999,9999,9999,9999,9999,9999,9999,9999,9999
2010,14201050,201,CH4 ,10PPBC, 6, 4,9999,9999,9999,9999,9999,9999,9999,9999,9999,9999,9999,9999,9999,9999,9999,9999,9999,9999,9999,9999,9999,9999,9999,9999
2010,14201050,201,CH4 ,10PPBC, 6, 5,9999,9999,9999,9999,9999,9999,9999,9999,9999,9999,9999,9999,9999,9999,9999,9999,9999,9999,9999,9999,9999,9999,9999,9999
2010,14201050,201,CH4 ,10PPBC, 6, 6,9999,9999,9999,9999,9999,9999,9999,9999,9999,9999,9999,9999,9999,9999,9999,9999,9999,9999,9999,9999,9999,9999,9999,9999
2010,14201050,201,CH4 ,10PPBC, 6, 7,9999,9999,9999,9999,9999,9999,9999,9999,9999,9999,9999,9999,9999,9999,9999,9999,9999,9999,9999,9999,9999,9999,9999,9999
2010,14201050,201,CH4 ,10PPBC, 6, 8,9999, 193, 189, 186, 186, 191, 188, 187, 186, 191, 194, 185, 184, 186, 185, 185, 184, 183, 185, 186, 186, 184, 184, 183
2010,14201050,201,CH4 ,10PPBC, 6, 9, 185, 184, 185, 185, 185, 194, 192, 189, 189, 189, 194, 194, 193, 184, 184, 184, 184, 184, 184, 185, 185, 183, 184, 183
2010,14201050,201,CH4 ,10PPBC, 6,10, 183, 182, 182, 183, 184, 184, 183, 182, 183, 185, 182, 187, 182, 182, 181, 182, 181, 180, 182, 184, 184, 184, 183, 185
2010,14201050,201,CH4 ,10PPBC, 6,11, 185, 183, 183, 184, 184, 186, 184, 182, 183, 183, 181, 180, 180, 181, 187, 183, 181, 180, 179, 179, 179, 179, 179, 180
2010,14201050,201,CH4 ,10PPBC, 6,12, 180, 180, 180, 179, 183, 180, 180, 179, 180, 180, 179, 179, 178, 178, 178, 178, 179, 178, 178, 178, 178, 178, 178, 178
2010,14201050,201,CH4 ,10PPBC, 6,13, 178, 178, 179, 179, 178, 178, 178, 179, 178, 178, 178, 179, 179, 179, 179, 179, 179, 179, 179, 179, 180, 180, 180, 180
2010,14201050,201,CH4 ,10PPBC, 6,14, 181, 180, 180, 180, 179, 179, 181, 180, 182, 182, 182, 182, 183,9999,9999, 193, 185, 184, 183, 183, 183, 183, 184, 184
2010,14201050,201,CH4 ,10PPBC, 6,15, 182, 185, 187, 187, 188, 186, 185, 184, 184, 183, 182, 182, 181, 181, 181, 181, 183, 184, 183, 183, 183, 181, 181, 182
2010,14201050,201,CH4 ,10PPBC, 6,16, 183, 183, 177, 170, 169, 168, 168, 169, 169, 171, 172, 173, 176, 180, 180, 180, 180, 180, 181, 181, 181, 181, 181, 180
2010,14201050,201,CH4 ,10PPBC, 6,17, 181, 184, 186, 185, 185, 184, 188, 191, 193, 197, 196, 188, 187, 184, 183, 184, 182, 182, 180, 178, 178, 177, 177, 176
2010,14201050,201,CH4 ,10PPBC, 6,18, 175, 175, 176, 177, 174, 174, 173, 172, 173, 173, 174, 174, 172, 170, 173, 174, 170, 169, 171, 170, 168, 168, 168, 168
2010,14201050,201,CH4 ,10PPBC, 6,19, 169, 168, 169, 169, 169, 168, 169, 169, 169, 170, 170, 171, 173, 175, 177, 173, 172, 173, 174, 172, 170, 170, 170, 169
2010,14201050,201,CH4 ,10PPBC, 6,20, 169, 169, 169, 168, 169, 169, 170, 170, 170, 170, 170, 169, 169, 169, 170, 170, 170, 171, 172, 171, 172, 170, 170, 170
2010,14201050,201,CH4 ,10PPBC, 6,21, 172, 171, 170, 170, 169, 170, 170, 171, 170, 170, 171,9999,9999, 172, 172, 172, 173, 175, 176, 177, 176, 176, 175, 175
2010,14201050,201,CH4 ,10PPBC, 6,22, 173, 173, 176, 175, 174, 174, 174, 175, 174, 174, 175, 175, 174, 175, 174, 173, 173, 173, 173, 175, 175, 175, 175, 173
2010,14201050,201,CH4 ,10PPBC, 6,23, 174, 174, 175, 175, 173, 171, 173, 174, 173, 172, 171, 171, 171, 171, 171, 174, 172, 172, 175, 176, 182, 184, 186, 186
2010,14201050,201,CH4 ,10PPBC, 6,24, 186, 186, 188, 187, 187, 191, 189, 187, 191, 197, 206, 198, 193, 196, 199, 193, 194, 192, 194, 189, 189, 188, 187, 187
2010,14201050,201,CH4 ,10PPBC, 6,25, 188, 188, 186, 184, 184, 183, 185, 187, 192, 201, 203, 203, 201, 191, 183, 182, 182, 181, 180, 178, 179, 178, 178, 179
2010,14201050,201,CH4 ,10PPBC, 6,26, 178, 178, 178, 177, 177, 177, 176, 176, 174, 175, 174, 174, 174, 174, 174, 174, 174, 174, 175, 175, 175, 177, 175, 174
2010,14201050,201,CH4 ,10PPBC, 6,27, 175, 174, 174, 174, 174, 175, 174, 174, 174, 173, 174, 173, 173, 173, 173, 173, 173, 173, 173, 173, 173, 172, 172, 172
2010,14201050,201,CH4 ,10PPBC, 6,28, 172, 172, 173, 172, 172, 173, 174, 173, 172, 173,9999,9999, 186, 193, 192, 184, 182, 180, 178, 183, 186, 189, 194, 197
2010,14201050,201,CH4 ,10PPBC, 6,29, 192, 199, 201, 195, 194, 195, 190, 188, 191, 189, 186, 183, 182, 184, 183, 178, 177, 174, 172, 173, 173, 174, 176, 174
2010,14201050,201,CH4 ,10PPBC, 6,30, 174, 173, 172, 172, 204, 186, 179, 179, 178, 180, 180, 182, 183, 180, 181, 180, 183, 182, 179, 178, 179, 179, 178, 178
2010,14201050,201,CH4 ,10PPBC, 6,31,9998,9998,9998,9998,9998,9998,9998,9998,9998,9998,9998,9998,9998,9998,9998,9998,9998,9998,9998,9998,9998,9998,9998,9998
2010,14201050,201,CH4 ,10PPBC, 7, 1, 178, 181, 179, 177, 176, 176, 176, 176, 176, 175, 174, 174, 173, 173, 173, 172, 172, 173, 173, 173, 174, 175, 174, 177
2010,14201050,201,CH4 ,10PPBC, 7, 2, 179, 179, 174, 177, 181, 176, 173, 174, 176, 174, 174, 176, 176, 174, 173, 172, 173, 173, 173, 173, 174, 173, 173, 173
2010,14201050,201,CH4 ,10PPBC, 7, 3, 173, 175, 175, 176, 177, 176, 176, 177, 176, 177, 178, 176, 176, 175, 176, 176, 176, 176, 174, 170, 170, 170, 170, 170
2010,14201050,201,CH4 ,10PPBC, 7, 4, 170, 171, 170, 170, 171, 174, 180, 182, 185, 185, 184, 188, 186, 185, 185, 183, 181, 179, 180, 181, 183, 182, 181, 182
2010,14201050,201,CH4 ,10PPBC, 7, 5, 189, 188, 189, 197, 193, 190, 189, 185, 191,9999,9999,9999,9999, 189, 189, 187, 184, 184, 184, 183, 183, 183, 183, 183
2010,14201050,201,CH4 ,10PPBC, 7, 6, 182, 182, 182, 182, 182, 183, 183, 183, 183, 184, 183, 183, 182, 183, 182, 186, 189, 191, 191, 191, 190, 191, 190, 188
2010,14201050,201,CH4 ,10PPBC, 7, 7, 188, 188, 188, 189, 189, 190, 190, 191, 194, 192, 192, 189, 188, 188, 187, 185, 183, 184, 183, 182, 181, 180, 182, 182
2010,14201050,201,CH4 ,10PPBC, 7, 8, 182, 180, 179, 180, 180, 181, 182, 185, 184, 183, 184, 185, 188, 183, 182, 183, 182, 181, 181, 182, 176, 174, 174, 175
2010,14201050,201,CH4 ,10PPBC, 7, 9, 175, 175, 176, 176, 177, 177, 178, 178, 178, 177, 176, 176, 176, 175, 176, 178, 177, 176, 174, 173, 173, 172, 171, 173
2010,14201050,201,CH4 ,10PPBC, 7,10, 176, 176, 177, 179, 179, 179, 178, 179, 178, 179, 179, 180, 179, 179, 179, 179, 179, 179, 179, 180, 180, 181, 179, 179
2010,14201050,201,CH4 ,10PPBC, 7,11, 180, 180, 182, 181, 183, 185, 192, 195, 194, 193, 192, 189, 181, 175, 175, 173, 173, 172, 171, 172, 171, 172, 171, 171
2010,14201050,201,CH4 ,10PPBC, 7,12, 171, 171, 171, 171, 171, 171, 171, 171, 171, 171,9999,9999, 170, 170, 171, 170, 170, 170, 170, 170, 170, 170, 170, 170
2010,14201050,201,CH4 ,10PPBC, 7,13, 170, 171, 171, 171, 171, 172, 172, 172, 171, 171, 171, 170, 170, 171, 170, 170, 170, 171, 171, 178, 189, 187, 187, 186
2010,14201050,201,CH4 ,10PPBC, 7,14, 188, 187, 182, 175, 172, 171, 171, 172, 171, 172, 171, 172, 171, 172, 172, 172, 172, 171, 172, 171, 172, 172, 172, 172
2010,14201050,201,CH4 ,10PPBC, 7,15, 172, 172, 172, 171, 172, 171, 172, 172, 172, 172, 172, 172, 171, 171, 171, 171, 171, 171, 171, 172, 171, 172, 171, 172
2010,14201050,201,CH4 ,10PPBC, 7,16, 172, 172, 172, 172, 172, 172, 172, 172, 172, 173, 172, 172, 172, 172, 172, 171, 172, 172, 172, 172, 173, 172, 173, 172
2010,14201050,201,CH4 ,10PPBC, 7,17, 172, 173, 173, 173, 174, 173, 173, 174, 174, 174, 174, 174, 173, 174, 173, 173, 173, 173, 173, 174, 174, 174, 174, 174
2010,14201050,201,CH4 ,10PPBC, 7,18, 174, 174, 173, 174, 174, 175, 175, 174, 174, 173, 173, 173, 172, 172, 173, 173, 173, 173, 173, 173, 173, 173, 174, 174
2010,14201050,201,CH4 ,10PPBC, 7,19, 173, 173, 174, 174, 174, 174, 174, 174, 174, 174, 173, 174, 174, 174, 173, 173, 173, 173, 173, 174, 174, 173, 174, 174
2010,14201050,201,CH4 ,10PPBC, 7,20, 174, 174, 174, 174, 175, 175, 175, 176, 175, 175, 176, 176, 174, 174, 173, 173, 173, 173, 173, 174, 175, 174, 174, 174
2010,14201050,201,CH4 ,10PPBC, 7,21, 174, 174, 174, 174, 175, 176, 176, 177, 178, 178, 179, 176, 178, 179, 175, 175, 176, 176, 175, 175, 176, 177, 176, 174
2010,14201050,201,CH4 ,10PPBC, 7,22, 174, 176, 175, 176, 176, 177, 176, 176, 177, 178,9999,9999, 171, 175, 174, 173, 171, 170, 170, 171, 171, 170, 171, 171
2010,14201050,201,CH4 ,10PPBC, 7,23, 170, 173, 174, 176, 175, 177, 176, 179, 180, 180, 185, 184, 186, 180, 177, 173, 170, 170, 170, 170, 171, 173, 174, 174
2010,14201050,201,CH4 ,10PPBC, 7,24, 178, 177, 175, 181, 182, 181, 177, 175, 179, 189, 192, 183, 176, 176, 180, 174, 172, 175, 177, 174, 173, 171, 171, 172
2010,14201050,201,CH4 ,10PPBC, 7,25, 178, 179, 182, 180, 181, 180, 174, 171, 172, 171, 172, 171, 171, 171, 172, 171, 172, 172, 173, 173, 174, 175, 174, 172
2010,14201050,201,CH4 ,10PPBC, 7,26, 173, 181, 189, 190, 191, 192, 189, 185, 181, 176,9999,9999, 171, 171, 170, 171, 171, 171, 171, 171, 172, 173, 172, 172
2010,14201050,201,CH4 ,10PPBC, 7,27, 171, 171, 171, 171, 171, 171, 171, 171, 171, 171, 171, 170, 170, 170, 169, 169, 170, 170, 170, 170, 170, 171, 171, 171
2010,14201050,201,CH4 ,10PPBC, 7,28, 171, 171, 171, 171, 171, 171, 171, 171, 171, 172, 172, 172, 173, 173, 173, 173, 173, 173, 173, 174, 174, 174, 174, 174
2010,14201050,201,CH4 ,10PPBC, 7,29, 174, 174, 173, 174, 174, 174, 174, 174, 173, 173, 173, 172, 171, 171, 171, 171, 171, 171, 171, 171, 170, 169, 170, 170
2010,14201050,201,CH4 ,10PPBC, 7,30, 170, 170, 169, 169, 170, 169, 169, 170, 170, 169, 169, 169, 170, 170, 171, 171, 172, 172, 171, 170, 171, 172, 172, 172
2010,14201050,201,CH4 ,10PPBC, 7,31, 174, 172, 173, 174, 173, 174, 174, 172, 172, 173, 173, 170, 170, 170, 171, 172, 171, 172, 172, 172, 173, 172, 173, 174
2010,14201050,201,CH4 ,10PPBC, 8, 1, 175, 175, 175, 175, 175, 175, 175, 173, 172, 171, 173, 171, 173, 174, 175, 173, 171, 172, 171, 168, 168, 169, 169, 169
2010,14201050,201,CH4 ,10PPBC, 8, 2, 170, 169, 169, 169, 169, 169, 169, 169, 168, 168, 168, 168, 168, 169, 169, 169, 169, 170, 169, 169, 170, 170, 170, 169
2010,14201050,201,CH4 ,10PPBC, 8, 3,9999,9999,9999,9999,9999,9999,9999,9999,9999,9999,9999,9999,9999,9999,9999,9999,9999,9999,9999,9999,9999,9999,9999,9999
2010,14201050,201,CH4 ,10PPBC, 8, 4,9999,9999,9999,9999,9999,9999,9999,9999,9999,9999,9999,9999,9999,9999,9999,9999,9999,9999,9999,9999,9999,9999,9999,9999
2010,14201050,201,CH4 ,10PPBC, 8, 5,9999,9999,9999,9999,9999,9999,9999,9999,9999,9999,9999,9999,9999,9999,9999,9999,9999,9999,9999,9999,9999,9999,9999,9999
2010,14201050,201,CH4 ,10PPBC, 8, 6,9999,9999,9999,9999,9999,9999,9999,9999,9999,9999,9999,9999,9999,9999,9999,9999,9999,9999,9999,9999,9999,9999,9999,9999
2010,14201050,201,CH4 ,10PPBC, 8, 7,9999,9999,9999,9999,9999,9999,9999,9999,9999,9999,9999,9999,9999,9999,9999,9999,9999,9999,9999,9999,9999,9999,9999,9999
2010,14201050,201,CH4 ,10PPBC, 8, 8,9999,9999,9999,9999,9999,9999,9999,9999,9999,9999,9999,9999,9999,9999,9999,9999,9999,9999,9999,9999,9999,9999,9999,9999
2010,14201050,201,CH4 ,10PPBC, 8, 9,9999,9999,9999,9999,9999,9999,9999,9999,9999,9999,9999,9999,9999,9999,9999,9999,9999, 171, 171, 171, 171, 171, 171, 171
2010,14201050,201,CH4 ,10PPBC, 8,10, 172, 173, 175, 174, 172, 172, 172, 171, 171, 170, 171, 170, 171, 170, 170, 169, 170, 172, 170, 170, 170, 170, 169, 170
2010,14201050,201,CH4 ,10PPBC, 8,11, 170, 171, 172, 172, 170, 170, 169, 169, 169, 169, 169, 169, 169, 169, 168, 169, 168, 168, 168, 168, 169, 168, 168, 168
2010,14201050,201,CH4 ,10PPBC, 8,12, 168, 168, 168, 168, 168, 168, 168, 168, 168, 168, 169, 167, 168, 168, 169, 170, 169, 169, 171, 171, 170, 171, 171, 171
2010,14201050,201,CH4 ,10PPBC, 8,13, 171, 171, 173, 172, 172, 172, 173, 174, 175, 175, 175, 175, 174, 174, 174, 173, 174, 176, 175, 174, 177, 174, 171, 170
2010,14201050,201,CH4 ,10PPBC, 8,14, 172, 170, 170, 168, 169, 168, 169, 169, 169, 169, 169, 169, 168, 169, 169, 170, 170, 169, 169, 169, 169, 169, 169, 169
2010,14201050,201,CH4 ,10PPBC, 8,15, 168, 171, 169, 169, 170, 169, 169, 169, 169, 168, 168, 169, 169, 170, 169, 169, 169, 168, 168, 168, 169, 169, 168, 169
2010,14201050,201,CH4 ,10PPBC, 8,16, 169, 169, 169, 169, 169, 170, 172, 171, 169, 170, 170, 170, 169, 170, 171, 170, 174, 177, 173, 171, 170, 170, 170, 172
2010,14201050,201,CH4 ,10PPBC, 8,17, 173, 176, 174, 174, 175, 175, 177, 188, 199, 196, 196, 190, 185, 181, 178, 171, 170, 171, 171, 171, 171, 174, 172, 174
2010,14201050,201,CH4 ,10PPBC, 8,18, 175, 175, 176, 176, 180, 181, 188, 188, 185, 177, 174, 177, 176, 176, 175, 174, 173, 172, 174, 174, 175, 178, 179, 178
2010,14201050,201,CH4 ,10PPBC, 8,19, 180, 179, 178, 177, 178, 179, 181, 179, 179,9999,9999,9999,9999, 176, 181, 180, 180, 180, 180, 181, 182, 181, 183, 187
2010,14201050,201,CH4 ,10PPBC, 8,20, 187, 187, 186, 184, 184, 186, 187, 190, 186, 186, 186, 186, 184, 184, 184, 183, 183, 181, 184, 182, 182, 182, 182, 183
2010,14201050,201,CH4 ,10PPBC, 8,21, 184, 185, 186, 188, 190, 193, 188, 182, 181, 184, 182, 182, 180, 180, 179, 178, 178, 179, 178, 178, 178, 178, 178, 177
2010,14201050,201,CH4 ,10PPBC, 8,22, 177, 178, 177, 178, 178, 178, 178, 178, 177, 177, 177, 177, 177, 177, 176, 176, 176, 176, 177, 177, 177, 177, 177, 177
2010,14201050,201,CH4 ,10PPBC, 8,23, 176, 176, 176, 176, 177, 176, 176, 176, 176, 176, 175, 175, 175,9999,9999, 176, 176, 177, 177, 177, 177, 177, 177, 177
2010,14201050,201,CH4 ,10PPBC, 8,24, 176, 177, 176, 177, 177, 177, 177, 177, 177, 176, 177, 177, 177, 176, 176, 176, 176, 177, 177, 178, 178, 178, 178, 178
2010,14201050,201,CH4 ,10PPBC, 8,25, 178, 178, 178, 178, 178, 178, 178, 178, 177, 177, 177, 176, 176, 175, 176, 175, 175, 175, 175, 176, 175, 176, 176, 176
2010,14201050,201,CH4 ,10PPBC, 8,26, 175, 176, 176, 176, 176, 176, 176, 175, 175, 175, 175, 176, 177, 177, 176, 177, 177, 177, 178, 178, 178, 178, 177, 178
2010,14201050,201,CH4 ,10PPBC, 8,27, 177, 177, 177, 178, 177, 178, 180, 178, 180, 179, 177, 177, 174, 172, 171, 170, 170, 170, 170, 170, 170, 171, 171, 171
2010,14201050,201,CH4 ,10PPBC, 8,28, 171, 171, 171, 171, 171, 171, 171, 171, 171, 171, 171, 170, 171, 171, 171, 171, 170, 170, 170, 170, 171, 171, 171, 171
2010,14201050,201,CH4 ,10PPBC, 8,29, 171, 171, 171, 172, 172, 172, 172, 172, 172, 173, 172, 171, 171, 171, 170, 170, 171, 171, 171, 171, 171, 172, 172, 172
2010,14201050,201,CH4 ,10PPBC, 8,30, 172, 172, 171, 172, 173, 173, 177, 184, 184, 188, 188, 177, 179, 181, 174, 171, 170, 170, 169, 170, 170, 170, 170, 170
2010,14201050,201,CH4 ,10PPBC, 8,31, 172, 171, 170, 171, 173, 173, 171, 171, 172, 179, 183, 173, 171,9999,9999, 171, 171, 170, 170, 171, 171, 173, 172, 171
2010,14201050,201,CH4 ,10PPBC, 9, 1, 171, 171, 171, 170, 171, 172, 171, 170, 170, 170, 171, 172, 171, 172, 172, 175, 176, 177, 176, 176, 177, 177, 177, 177
2010,14201050,201,CH4 ,10PPBC, 9, 2, 177, 177, 178, 179, 178, 178, 179, 178, 178, 178, 179, 178, 178, 177, 177, 176, 177, 176, 176, 177, 177, 176, 177, 177
2010,14201050,201,CH4 ,10PPBC, 9, 3, 177, 177, 177, 177, 177, 177, 176, 176, 176, 176, 176, 174, 174, 175, 174, 175, 174, 174, 174, 174, 175, 175, 176, 175
2010,14201050,201,CH4 ,10PPBC, 9, 4, 175, 175, 175, 177, 178, 177, 180,9999,9999, 185, 188, 183, 184, 181, 176, 175, 175, 176, 175, 176, 176, 176, 177, 177
2010,14201050,201,CH4 ,10PPBC, 9, 5, 177, 176, 177, 177, 178, 180, 181, 179, 176, 174, 174, 174, 174, 174, 174, 174, 173, 173, 173, 173, 174, 173, 174, 173
2010,14201050,201,CH4 ,10PPBC, 9, 6, 173, 173, 173, 172, 172, 172, 172, 172, 170, 171, 170, 170, 170, 171, 171, 174, 174, 174, 174, 174, 175, 175, 175, 175
2010,14201050,201,CH4 ,10PPBC, 9, 7, 174, 172, 170, 170, 169, 169, 169, 169, 170, 169, 169, 169, 169,9999,9999,9999, 169, 170, 170, 170, 171, 171, 170, 170
2010,14201050,201,CH4 ,10PPBC, 9, 8, 171, 171, 170, 170, 171, 171, 171, 171, 171, 170, 170, 170, 170, 170, 169, 169, 169, 171, 185, 183, 182, 181, 180, 180
2010,14201050,201,CH4 ,10PPBC, 9, 9, 180, 182, 182, 183, 183, 183, 184, 185, 185, 186, 186, 184, 183, 183, 182, 182, 183, 182, 183, 183, 183, 184, 185, 188
2010,14201050,201,CH4 ,10PPBC, 9,10, 188, 187, 188, 188, 189, 189, 188, 187, 188, 187, 190, 191, 191, 186, 184, 182, 181, 181, 180, 180, 180, 181, 181, 182
2010,14201050,201,CH4 ,10PPBC, 9,11, 182, 181, 180, 180, 179, 181, 180, 180, 183, 183, 182, 180, 180, 179, 178, 178, 179, 179, 179, 180, 180, 182, 181, 180
2010,14201050,201,CH4 ,10PPBC, 9,12, 180, 180, 181, 183, 182, 181, 178, 182, 182, 182, 184, 194, 191, 187, 183, 182, 183, 181, 180, 181, 182, 180, 178, 176
2010,14201050,201,CH4 ,10PPBC, 9,13, 171, 170, 169, 170, 169, 169, 170, 175, 186, 188,9999,9999,9999,9999, 177, 178, 179, 180, 180, 181, 181, 182, 182, 183
2010,14201050,201,CH4 ,10PPBC, 9,14, 185, 183, 182, 182, 181, 181, 181, 182, 183, 183, 183, 184, 183, 184, 183, 184, 181, 180, 181, 181, 183, 185, 184, 183
2010,14201050,201,CH4 ,10PPBC, 9,15, 185, 184, 184, 184, 188, 189, 186, 186, 186, 186, 186, 185, 184, 186, 184, 184, 184, 184, 184, 184, 184, 184, 184, 184
2010,14201050,201,CH4 ,10PPBC, 9,16, 184, 189, 195, 193, 190, 190, 189, 189, 188, 187, 186, 185, 185, 185, 186, 187, 190, 189, 189, 188, 188, 189, 189, 190
2010,14201050,201,CH4 ,10PPBC, 9,17, 188, 191, 192, 192, 192, 193, 194, 194, 191, 189, 184, 183, 181, 181, 182, 181, 181, 180, 183, 183, 185, 186, 187, 186
2010,14201050,201,CH4 ,10PPBC, 9,18, 186, 188, 191, 188, 188, 190, 190, 185, 186, 185, 186, 184, 184, 184, 183, 183, 182, 183, 185, 183, 184, 184, 184, 184
2010,14201050,201,CH4 ,10PPBC, 9,19, 184, 186, 187, 188, 188, 187, 187, 186, 181, 182, 181, 181, 181, 180, 182, 185, 186, 180, 181, 181, 181, 180, 181, 181
2010,14201050,201,CH4 ,10PPBC, 9,20, 182, 183, 182, 184, 184, 185, 185, 183, 182, 181, 181, 181, 180, 180, 180, 179, 180, 181, 182, 182, 182, 182, 183, 184
2010,14201050,201,CH4 ,10PPBC, 9,21, 184, 184, 184, 184, 187, 188, 193, 196, 190, 190,9999,9999, 184, 184, 183, 182, 181, 180, 180, 180, 181, 185, 185, 183
2010,14201050,201,CH4 ,10PPBC, 9,22, 184, 183, 182, 182, 183, 182, 184, 183, 182, 181, 179, 180, 180, 181, 179, 176, 175, 174, 173, 174, 174, 174, 175, 184
2010,14201050,201,CH4 ,10PPBC, 9,23, 184, 183, 177, 171, 171, 171, 171, 171, 173, 184, 184, 191, 187, 184, 185, 185, 184, 183, 183, 184, 183, 183, 183, 187
2010,14201050,201,CH4 ,10PPBC, 9,24, 187, 191, 187, 183, 183, 184, 184, 184, 184, 185, 185, 185, 186, 185, 185, 186, 185, 186, 185, 186, 186, 188, 188, 188
2010,14201050,201,CH4 ,10PPBC, 9,25, 188, 186, 187, 187, 187, 187, 187, 186, 185, 186, 186, 186, 186, 186, 186, 185, 185, 186, 187, 187, 186, 188, 190, 190
2010,14201050,201,CH4 ,10PPBC, 9,26, 190, 192, 193, 193, 196, 195, 196, 196, 198, 195, 195, 192, 188, 188, 188, 187, 187, 189, 190, 186, 187, 186, 186, 190
2010,14201050,201,CH4 ,10PPBC, 9,27, 190, 190, 191, 190, 192, 188, 186, 186, 186, 185, 187, 186, 185,9999,9999, 182, 183, 183, 183, 183, 184, 185, 186, 187
2010,14201050,201,CH4 ,10PPBC, 9,28, 187, 188, 187, 184, 184, 186, 186, 186, 188, 188, 194, 197, 177, 180, 189, 189, 188, 188, 191, 192, 197, 197, 200, 198
2010,14201050,201,CH4 ,10PPBC, 9,29, 190, 189, 188, 189, 190, 185, 185, 185, 186, 187, 188, 188, 187, 189, 187, 185, 185, 186, 185, 186, 188, 188, 189, 190
2010,14201050,201,CH4 ,10PPBC, 9,30, 191, 201, 197, 199, 193, 198, 195, 189, 189, 195, 191, 192, 194, 195, 199, 188, 188, 186, 188, 185, 186, 186, 185, 183
2010,14201050,201,CH4 ,10PPBC, 9,31,9998,9998,9998,9998,9998,9998,9998,9998,9998,9998,9998,9998,9998,9998,9998,9998,9998,9998,9998,9998,9998,9998,9998,9998
2010,14201050,201,CH4 ,10PPBC,10, 1, 186, 186, 186, 186, 186, 186, 185, 185, 185, 185, 184, 184, 185, 183, 183, 183, 183, 183, 184, 187, 188, 188, 186, 191
2010,14201050,201,CH4 ,10PPBC,10, 2, 188, 192, 190, 186, 186, 191, 196, 190, 189, 188, 187, 186, 185, 183, 183, 183, 183, 184, 185, 185, 184, 184, 184, 183
2010,14201050,201,CH4 ,10PPBC,10, 3, 184, 190, 187, 188, 186, 188, 188, 191, 194, 190, 186, 185, 184, 182, 185, 183, 184, 183, 183, 184, 184, 185, 185, 185
2010,14201050,201,CH4 ,10PPBC,10, 4, 187, 188, 186, 186, 187, 187, 187, 189, 200, 204,9999,9999, 205, 199, 189, 189, 186, 183, 179, 181, 190, 198, 194, 191
2010,14201050,201,CH4 ,10PPBC,10, 5, 194, 205, 197, 196, 197, 197, 191, 189, 193, 191, 190, 189, 187, 187, 188, 185, 183, 186, 186, 186, 185, 188, 188, 190
2010,14201050,201,CH4 ,10PPBC,10, 6, 191, 193, 196, 195, 191, 190, 189, 189, 189, 189, 190, 191, 187, 184, 184, 185, 185, 184, 185, 185, 188, 187, 186, 185
2010,14201050,201,CH4 ,10PPBC,10, 7, 186, 187, 189, 188, 188, 191, 194, 192, 189, 191, 192, 187, 187, 186, 185, 185, 186, 186, 187, 186, 187, 187, 187, 188
2010,14201050,201,CH4 ,10PPBC,10, 8, 189, 187, 188, 192, 187, 186, 187, 186, 186, 187, 187, 187, 186, 185, 186, 185, 185, 186, 186, 185, 185, 185, 186, 192
2010,14201050,201,CH4 ,10PPBC,10, 9, 187, 189, 187, 186, 187, 192, 189, 186, 187, 188, 188, 188, 188, 187, 187, 188, 188, 187, 187, 186, 187, 187, 190, 190
2010,14201050,201,CH4 ,10PPBC,10,10, 191, 189, 190, 193, 194, 188, 189, 189, 187, 188, 189, 189, 188, 188, 191, 192, 186, 185, 185, 185, 187, 190, 192, 195
2010,14201050,201,CH4 ,10PPBC,10,11, 195, 197, 196, 194, 194, 192, 194, 195, 191, 188, 187, 190, 185, 183, 183, 183, 183, 184, 183, 184, 189, 188, 188, 187
2010,14201050,201,CH4 ,10PPBC,10,12, 187, 188, 188, 190, 191, 190, 191, 181, 182, 182, 182, 183, 183,9999,9999,9999, 180, 181, 183, 184, 189, 187, 190, 188
2010,14201050,201,CH4 ,10PPBC,10,13, 186, 192, 192, 197, 203, 205, 205, 200, 195, 189, 185, 187, 187, 183, 184, 188, 186, 185, 186, 186, 187, 189, 188, 188
2010,14201050,201,CH4 ,10PPBC,10,14, 188, 188, 190, 192, 193, 193, 188, 187, 187, 186, 186, 186, 185, 185, 184, 185, 185, 185, 186, 188, 186, 187, 186, 184
2010,14201050,201,CH4 ,10PPBC,10,15, 185, 184, 185, 185, 187, 192, 189, 187, 188, 185, 184, 184, 184, 183, 183, 184, 184, 185, 185, 185, 186, 189, 189, 192
2010,14201050,201,CH4 ,10PPBC,10,16, 195, 189, 192, 194, 191, 190, 190, 188, 189, 187, 186, 185, 185, 186, 187, 187, 188, 190, 188, 186, 188, 192, 195, 191
2010,14201050,201,CH4 ,10PPBC,10,17, 191, 189, 201, 197, 192, 189, 192, 191, 189, 188, 187, 191, 186, 187, 189, 191, 189, 191, 192, 195, 197, 197, 200, 199
2010,14201050,201,CH4 ,10PPBC,10,18, 200, 196, 199, 193, 189, 197, 190, 189, 189, 190, 189, 186, 186, 186, 186, 185, 185, 185, 185, 186, 187, 188, 192, 185
2010,14201050,201,CH4 ,10PPBC,10,19, 186, 186, 186, 186, 186, 185, 187, 190, 190, 188, 183, 182, 180, 181, 180, 180, 179, 180, 180, 180, 182, 187, 186, 186
2010,14201050,201,CH4 ,10PPBC,10,20, 183, 185, 185, 183, 195, 184, 188, 187, 190, 185,9999,9999,9999,9999,9999,9999,9999,9999, 191, 186, 188, 192, 192, 193
2010,14201050,201,CH4 ,10PPBC,10,21, 189, 188, 188, 199, 203, 187, 189, 192, 189, 186, 188, 196, 191,9999,9999, 193, 188, 187, 188, 186, 187, 189, 192, 193
2010,14201050,201,CH4 ,10PPBC,10,22, 191, 188, 185, 184, 185, 189, 191, 187, 186, 186, 185, 185, 184, 184, 185, 184, 184, 185, 186, 186, 189, 188, 188, 190
2010,14201050,201,CH4 ,10PPBC,10,23, 190, 189, 186, 186, 187, 186, 186, 186, 187, 188, 187, 186, 185, 184, 185, 184, 184, 185, 186, 186, 186, 187, 188, 194
2010,14201050,201,CH4 ,10PPBC,10,24, 194, 191, 202, 199, 193, 194, 196, 201, 195, 193, 190, 189, 188, 188, 193, 192, 190, 192, 192, 207, 196, 194, 192, 192
2010,14201050,201,CH4 ,10PPBC,10,25, 193, 197, 198, 212, 199, 197, 197, 198, 197, 196, 249, 226, 199, 209, 201, 196, 192, 194, 195, 191, 192, 196, 199, 196
2010,14201050,201,CH4 ,10PPBC,10,26, 202, 209, 200, 199, 202, 199, 199, 194, 194, 189, 185, 184, 184, 184, 186, 186, 186, 187, 187, 187, 189, 190, 190, 189
2010,14201050,201,CH4 ,10PPBC,10,27, 189, 188, 188, 188, 188, 188, 188, 188, 188, 187, 186,9999,9999,9999,9999, 186, 186, 187, 188, 189, 189, 189, 188, 189
2010,14201050,201,CH4 ,10PPBC,10,28, 191, 190, 194, 194, 193, 192, 192, 192, 191, 191, 191, 190, 190, 190, 191, 191, 191, 191, 189, 190, 191, 189, 190, 189
2010,14201050,201,CH4 ,10PPBC,10,29, 188, 189, 189, 191, 187, 187, 187, 186, 187, 187, 187, 187, 187, 186, 185, 186, 186, 188, 189, 189, 187, 188, 187, 186
2010,14201050,201,CH4 ,10PPBC,10,30, 192, 189, 191, 192, 189, 190, 191, 190, 191, 191, 191, 191, 191, 190, 190, 189, 189, 188, 189, 188, 188, 188, 187, 187
2010,14201050,201,CH4 ,10PPBC,10,31, 186, 181, 185, 186, 185, 185, 185, 186, 185, 186, 188, 187, 191, 185, 185, 190, 191, 188, 186, 193, 189, 185, 185, 188
2010,14201050,201,CH4 ,10PPBC,11, 1, 190, 186, 186, 196, 185, 184, 184, 184, 185, 185,9999,9999,9999,9999, 183, 181, 182, 183, 183, 183, 183, 184, 184, 185
2010,14201050,201,CH4 ,10PPBC,11, 2, 185, 188, 188, 189, 188, 188, 191, 201, 193, 189, 188, 186, 183, 182, 183, 183, 185, 185, 185, 186, 186, 186, 187, 188
2010,14201050,201,CH4 ,10PPBC,11, 3, 192, 194, 195, 193, 193, 192, 193, 197, 194, 195, 192, 194, 191, 190, 189, 190, 190, 190, 192, 193, 194, 197, 197, 198
2010,14201050,201,CH4 ,10PPBC,11, 4, 197, 197, 199, 198, 197, 196, 196, 196, 194, 196, 194, 198, 198, 191, 188, 190, 192, 195, 194, 196, 199, 202, 206, 204
2010,14201050,201,CH4 ,10PPBC,11, 5, 204, 206, 203, 202, 203, 202, 204, 209, 209, 200, 195, 190, 190, 191, 190, 191, 191, 188, 191, 192, 198, 203, 203, 207
2010,14201050,201,CH4 ,10PPBC,11, 6, 206, 202, 200, 201, 201, 202, 205, 207, 199, 195, 206, 193, 193, 192, 190, 190, 193, 194, 196, 198, 198, 200, 202, 204
2010,14201050,201,CH4 ,10PPBC,11, 7, 200, 205, 197, 198, 196, 196, 196, 195, 192, 194, 194, 195, 198, 201, 197, 197, 197, 195, 195, 197, 199, 203, 205, 205
2010,14201050,201,CH4 ,10PPBC,11, 8, 203, 204, 208, 204, 200, 200, 200, 200, 203, 204, 203, 200, 193, 193, 193, 192, 192, 191, 186, 187, 186, 187, 186, 186
2010,14201050,201,CH4 ,10PPBC,11, 9, 185, 186, 185, 185, 185, 185, 185, 186, 187, 187,9999,9999, 183, 183, 184, 185, 187, 188, 189, 190, 189, 190, 191, 190
2010,14201050,201,CH4 ,10PPBC,11,10, 191, 191, 191, 192, 191, 191, 191, 195, 194, 195, 190, 188, 186, 186, 185, 185, 186, 187, 187, 190, 190, 192, 194, 195
2010,14201050,201,CH4 ,10PPBC,11,11, 194, 196, 197, 197, 198, 198, 200, 203, 200, 196, 195, 194, 193, 193, 192, 190, 190, 191, 194, 194, 197, 199, 201, 203
2010,14201050,201,CH4 ,10PPBC,11,12, 205, 206, 202, 206, 205, 207, 205, 206, 210, 207, 203, 189, 186, 186, 186, 185, 186, 187, 187, 188, 188, 189, 189, 191
2010,14201050,201,CH4 ,10PPBC,11,13, 195, 201, 202, 196, 198, 203, 205, 196, 198, 193, 200, 197, 193, 191, 191, 190, 190, 190, 192, 193, 193, 192, 204, 205
2010,14201050,201,CH4 ,10PPBC,11,14, 203, 199, 197, 198, 198, 201, 202, 201, 205, 214, 199, 197, 194, 195, 193, 193, 194, 193, 192, 193, 200, 202, 206, 211
2010,14201050,201,CH4 ,10PPBC,11,15, 213, 215, 218, 218, 215, 219, 223, 210, 196, 193, 193, 192, 192, 190, 190, 187, 188, 190, 189, 189, 190, 191, 193, 193
2010,14201050,201,CH4 ,10PPBC,11,16, 191, 191, 193, 196, 196, 195, 193, 194, 193, 196, 192, 192, 191, 190, 190, 191, 192, 192, 192, 191, 190, 192, 199, 195
2010,14201050,201,CH4 ,10PPBC,11,17, 189, 190, 191, 195, 201, 199, 195, 194, 199, 197,9999,9999, 188, 186, 185, 186, 186, 187, 188, 188, 189, 191, 189, 189
2010,14201050,201,CH4 ,10PPBC,11,18, 188, 189, 189, 191, 189, 189, 188, 190, 189, 190, 189, 187, 185, 184, 187, 185, 185, 187, 188, 188, 188, 188, 188, 188
2010,14201050,201,CH4 ,10PPBC,11,19, 191, 190, 190, 189, 190, 188, 190, 190, 188, 190, 189, 188, 189, 186, 185, 185, 184, 184, 184, 186, 187, 189, 191, 191
2010,14201050,201,CH4 ,10PPBC,11,20, 197, 200, 197, 191, 191, 191, 192, 191, 189, 191, 190, 190, 189, 194, 187, 187, 187, 187, 187, 186, 188, 188, 198, 203
2010,14201050,201,CH4 ,10PPBC,11,21, 198, 194, 192, 191, 192, 192, 190, 190, 188, 190, 191, 192, 188, 187, 204, 209, 199, 191, 196, 193, 196, 199, 201, 199
2010,14201050,201,CH4 ,10PPBC,11,22, 193, 196, 202, 199, 195, 195, 197, 199, 201, 204, 193, 204, 204, 199, 195, 195, 194, 195, 191, 192, 192, 190, 193, 193
2010,14201050,201,CH4 ,10PPBC,11,23, 195, 192, 185, 188, 198, 184, 182, 181, 181, 181, 182, 182, 184, 184, 185, 183, 183, 185, 185, 187, 187, 190, 189, 189
2010,14201050,201,CH4 ,10PPBC,11,24, 188, 188, 190, 188, 189, 189, 187, 187, 187, 187,9999,9999,9999, 186, 186, 186, 187, 188, 189, 188, 187, 188, 187, 189
2010,14201050,201,CH4 ,10PPBC,11,25, 190, 189, 189, 188, 199, 204, 205, 205, 204, 207, 194, 193, 191, 191, 193, 193, 194, 195, 203, 198, 201, 201, 197, 195
2010,14201050,201,CH4 ,10PPBC,11,26, 197, 197, 202, 198, 198, 192, 193, 194, 197, 198, 199, 198, 193, 190, 189, 191, 191, 190, 191, 190, 189, 188, 190, 188
2010,14201050,201,CH4 ,10PPBC,11,27, 187, 186, 187, 189, 189, 188, 187, 189, 188, 187, 186, 186, 186, 185, 185, 184, 186, 188, 188, 188, 189, 189, 190, 191
2010,14201050,201,CH4 ,10PPBC,11,28, 195, 197, 192, 185, 186, 186, 186, 185, 186, 186, 186, 184, 184, 183, 183, 183, 184, 184, 185, 187, 188, 190, 189, 188
2010,14201050,201,CH4 ,10PPBC,11,29, 188, 190, 189, 189, 190, 190, 190, 190, 192, 192, 190, 188, 186, 184, 185, 186, 186, 187, 188, 189, 189, 190, 194, 196
2010,14201050,201,CH4 ,10PPBC,11,30, 192, 193, 193, 193, 192, 192, 191, 191, 192, 192, 188, 188,9999,9999, 188, 186, 188, 188, 189, 189, 189, 187, 190, 186
2010,14201050,201,CH4 ,10PPBC,11,31,9998,9998,9998,9998,9998,9998,9998,9998,9998,9998,9998,9998,9998,9998,9998,9998,9998,9998,9998,9998,9998,9998,9998,9998
2010,14201050,201,CH4 ,10PPBC,12, 1, 188, 188, 191, 197, 198, 201, 203, 201, 196, 196, 197, 193, 200, 191, 191, 193, 193, 194, 190, 191, 191, 192, 196, 197
2010,14201050,201,CH4 ,10PPBC,12, 2, 201, 206, 200, 198, 197, 196, 198, 201, 200, 199, 198, 201, 205, 205, 193, 199, 205, 206, 192, 194, 192, 192, 197, 204
2010,14201050,201,CH4 ,10PPBC,12, 3, 206, 210, 210, 193, 180, 180, 180, 178, 178, 178, 178, 179, 179, 179, 180, 180, 180, 180, 183, 185, 186, 187, 187, 187
2010,14201050,201,CH4 ,10PPBC,12, 4, 187, 187, 187, 188, 188, 188, 188, 188, 187, 186, 186, 185, 185, 184, 184, 184, 185, 186, 188, 190, 191, 192, 197, 196
2010,14201050,201,CH4 ,10PPBC,12, 5, 195, 196, 197, 196, 197, 197, 198, 201, 202, 197, 201, 201, 197, 193, 192, 190, 190, 191, 193, 195, 200, 202, 204, 206
2010,14201050,201,CH4 ,10PPBC,12, 6, 211, 203, 201, 198, 198, 199, 201, 203, 204, 214, 212, 202, 196, 196, 191, 191, 188, 187, 185, 185, 184, 184, 184, 184
2010,14201050,201,CH4 ,10PPBC,12, 7, 189, 196, 197, 200, 201, 204, 206, 212, 207, 225, 211, 211, 211, 203, 196, 195, 196, 187, 186, 188, 187, 187, 188, 189
2010,14201050,201,CH4 ,10PPBC,12, 8, 189, 189, 188, 188, 188, 188, 188, 188, 190, 190, 189, 187, 186,9999,9999, 187, 188, 188, 190, 189, 191, 193, 194, 192
2010,14201050,201,CH4 ,10PPBC,12, 9, 194, 196, 197, 197, 195, 194, 195, 197, 197, 197, 193, 188, 186, 186, 186, 186, 187, 188, 189, 189, 189, 190, 190, 192
2010,14201050,201,CH4 ,10PPBC,12,10, 194, 199, 198, 198, 197, 197, 192, 193, 194, 194, 193, 193, 192, 190, 189, 188, 190, 191, 190, 194, 198, 192, 191, 192
2010,14201050,201,CH4 ,10PPBC,12,11, 192, 192, 199, 193, 190, 189, 188, 188, 188, 187, 186, 185, 184, 183, 183, 183, 183, 184, 184, 184, 184, 184, 184, 186
2010,14201050,201,CH4 ,10PPBC,12,12, 186, 186, 187, 195, 195, 196, 195, 194, 193, 192, 190, 191, 189, 188, 189, 190, 190, 192, 189, 189, 190, 192, 192, 190
2010,14201050,201,CH4 ,10PPBC,12,13, 190, 190, 190, 193, 193, 193, 192, 194, 193, 195, 194, 193, 192, 192,9999,9999,9999, 189, 190, 191, 192, 197, 194, 196
2010,14201050,201,CH4 ,10PPBC,12,14, 196, 196, 197, 200, 195, 194, 194, 191, 190, 193, 194, 199, 191, 184, 184, 185, 184, 186, 186, 188, 186, 185, 184, 186
2010,14201050,201,CH4 ,10PPBC,12,15, 188, 186, 183, 183, 183, 184, 185, 185, 188, 196, 188, 186, 186, 187, 186, 185, 187, 187, 187, 186, 187, 187, 188, 189
2010,14201050,201,CH4 ,10PPBC,12,16, 189, 189, 188, 187, 189, 189, 188, 187, 190, 190, 192, 191, 191, 189, 188, 189, 189, 189, 192, 194, 198, 199, 198, 198
2010,14201050,201,CH4 ,10PPBC,12,17, 198, 198, 197, 191, 192, 190, 190, 191, 193, 192, 194, 193, 189, 188, 189, 190, 191, 191, 192, 193, 194, 197, 199, 202
2010,14201050,201,CH4 ,10PPBC,12,18, 202, 200, 189, 197, 199, 198, 197, 198, 191, 188, 187, 187, 187, 189, 188, 190, 190, 189, 189, 189, 190, 191, 191, 191
2010,14201050,201,CH4 ,10PPBC,12,19, 191, 190, 189, 191, 192, 191, 193, 190, 192, 195, 196, 195, 196, 192, 192, 192, 191, 192, 193, 194, 192, 200, 200, 200
2010,14201050,201,CH4 ,10PPBC,12,20, 199, 198, 199, 198, 198, 197, 196, 196, 199, 192, 183, 182, 181, 181,9999,9999, 183, 185, 193, 202, 212, 214, 200, 198
2010,14201050,201,CH4 ,10PPBC,12,21, 203, 197, 194, 208, 204, 200, 204, 205, 201, 203, 202, 199, 202, 200, 198, 198, 197, 198, 199, 197, 196, 194, 193, 192
2010,14201050,201,CH4 ,10PPBC,12,22, 194, 195, 200, 191, 182, 182, 189, 189, 190, 192, 187, 184, 182, 182, 182, 183, 184, 185, 187, 189, 193, 200, 202, 202
2010,14201050,201,CH4 ,10PPBC,12,23, 202, 205, 205, 201, 201, 197, 201, 201, 204, 193, 187, 187, 185, 185, 186, 185, 189, 189, 189, 190, 191, 193, 194, 196
2010,14201050,201,CH4 ,10PPBC,12,24, 202, 202, 202, 193, 189, 189, 189, 189, 190, 189, 189, 189, 188, 187, 186, 186,9999, 186, 190, 195, 196, 194, 192, 195
2010,14201050,201,CH4 ,10PPBC,12,25, 195, 194, 188, 188, 188, 188, 188, 188, 188, 188, 188, 187, 187, 186, 186, 186, 187, 187, 187, 187, 187, 187, 187, 187
2010,14201050,201,CH4 ,10PPBC,12,26, 187, 187, 187, 187, 187, 187, 188, 187, 187, 187, 187, 186, 186, 185, 185, 185, 185, 186, 186, 187, 188, 187, 187, 187
2010,14201050,201,CH4 ,10PPBC,12,27, 188, 188, 188, 188, 189, 189, 188, 188, 188, 189,9999,9999, 190, 186, 186, 186, 187, 189, 189, 189, 192, 195, 195, 202
2010,14201050,201,CH4 ,10PPBC,12,28, 198, 199, 202, 204, 205, 204, 206, 207, 214, 213, 201, 189, 187, 185, 185, 185, 185, 185, 185, 185, 185, 184, 185, 186
2010,14201050,201,CH4 ,10PPBC,12,29, 188, 189, 189, 189, 194, 195, 195, 197, 201, 195, 193, 190, 188, 188, 187, 187, 188, 188, 189, 190, 191, 191, 192, 192
2010,14201050,201,CH4 ,10PPBC,12,30, 192, 193, 195, 195, 199, 197, 193, 193, 193, 192, 190, 190, 189, 188, 185, 186, 185, 201, 198, 194, 194, 194, 195, 195
2010,14201050,201,CH4 ,10PPBC,12,31, 194, 187, 186, 190, 198, 198, 189, 187, 188, 189, 189, 187, 187, 186, 186, 186, 187, 187, 191, 194, 198, 193, 189, 191
2010,14201050,201,CH4 ,10PPBC, 1, 1, 191, 193, 194, 193, 196, 196, 197, 199, 200, 197, 190, 190, 190, 192, 191, 191, 192, 192, 195, 191, 191, 192, 190, 191
2010,14201050,201,CH4 ,10PPBC, 1, 2, 195, 195, 190, 189, 188, 189, 189, 189, 189, 192, 191, 189, 190, 189, 190, 185, 189, 189, 191, 193, 192, 191, 190, 191
2010,14201050,201,CH4 ,10PPBC, 1, 3, 192, 190, 192, 190, 193, 196, 199, 194, 194, 195, 195, 193, 191, 194, 191, 192, 192, 192, 195, 195, 190, 190, 195, 192
2010,14201050,201,CH4 ,10PPBC, 1, 4, 206, 199, 193, 192, 191, 190, 192, 190, 191, 192, 193, 191, 189, 192, 192, 191, 188, 189, 191, 193, 191, 193, 192, 192
2010,14201050,201,CH4 ,10PPBC, 1, 5, 194, 195, 197, 195, 197, 197, 199, 198, 194, 193, 193, 190, 188, 187, 185, 185, 186, 186, 186, 187, 187, 187, 187, 187
2010,14201050,201,CH4 ,10PPBC, 1, 6, 187, 186, 186, 186, 186, 187, 189, 189, 189,9999,9999, 186, 186, 186, 187, 186, 187, 187, 188, 188, 189, 189, 189, 189
2010,14201050,201,CH4 ,10PPBC, 1, 7, 188, 188, 188, 187, 189, 188, 191, 190, 191, 191, 189, 189, 188, 187, 187, 187, 186, 187, 189, 190, 191, 190, 189, 189
2010,14201050,201,CH4 ,10PPBC, 1, 8, 191, 191, 190, 190, 193, 193, 196, 197, 196, 194, 189, 187, 188, 187, 185, 185, 185, 186, 186, 185, 186, 186, 187, 185
2010,14201050,201,CH4 ,10PPBC, 1, 9, 186, 185, 185, 186, 185, 185, 184, 185, 185, 185, 184, 183, 182, 182, 182, 182, 186, 187, 188, 186, 186, 186, 186, 187
2010,14201050,201,CH4 ,10PPBC, 1,10, 188, 189, 189, 189, 190, 190, 190, 190, 190, 190, 189, 190, 189, 188, 189, 189, 189, 190, 191, 191, 190, 191, 190, 191
2010,14201050,201,CH4 ,10PPBC, 1,11, 190, 190, 190, 189, 189, 190, 190, 192, 193, 193,9999,9999, 194, 191, 191, 191, 190, 191, 192, 195, 199, 199, 196, 198
2010,14201050,201,CH4 ,10PPBC, 1,12, 201, 198, 197, 195, 199, 202, 200, 201, 201, 197, 197, 196, 188, 186, 189, 187, 186, 193, 195, 191, 188, 189, 188, 189
2010,14201050,201,CH4 ,10PPBC, 1,13, 189, 189, 190, 189, 189, 191, 190, 189, 190, 189, 189, 189, 189, 189, 189, 190, 190, 190, 189, 191, 191, 192, 192, 191
2010,14201050,201,CH4 ,10PPBC, 1,14, 196, 190, 192, 193, 191, 191, 192, 192, 192, 193, 191, 190, 190, 189, 188, 187, 187, 188, 188, 194, 196, 200, 199, 206
2010,14201050,201,CH4 ,10PPBC, 1,15, 211, 207, 202, 201, 201, 203, 206, 211, 220, 195, 187, 186, 185, 185, 185, 185, 184, 185, 185, 186, 185, 185, 184, 184
2010,14201050,201,CH4 ,10PPBC, 1,16, 187, 191, 194, 195, 196, 198, 194, 191, 190, 190, 189, 189, 188, 187, 187, 188, 188, 189, 190, 190, 189, 188, 189, 188
2010,14201050,201,CH4 ,10PPBC, 1,17, 188, 188, 188, 188, 189, 191, 194, 197, 203, 192,9999,9999,9999, 179, 186, 186, 187, 188, 190, 189, 190, 192, 192, 193
2010,14201050,201,CH4 ,10PPBC, 1,18, 198, 199, 198, 198, 199, 199, 200, 205, 203, 193, 196, 192, 190, 188, 187, 187, 187, 187, 187, 190, 196, 194, 203, 198
2010,14201050,201,CH4 ,10PPBC, 1,19, 193, 192, 190, 190, 191, 194, 194, 197, 200, 193, 192, 190, 191, 194, 191, 190, 189, 190, 189, 191, 198, 190, 190, 193
2010,14201050,201,CH4 ,10PPBC, 1,20, 193, 191, 190, 192, 196, 194, 196, 192, 192, 195, 190, 188, 187, 186, 186, 186, 186, 187, 189, 189, 190, 190, 190, 191
2010,14201050,201,CH4 ,10PPBC, 1,21, 189, 189, 189, 189, 189, 189, 188, 189, 190, 189, 189, 188, 188, 187, 186, 187, 188, 188, 190, 192, 193, 199, 199, 198
2010,14201050,201,CH4 ,10PPBC, 1,22, 196, 193, 191, 189, 188, 190, 188, 189, 196, 195, 196, 191, 188, 185, 184, 184, 186, 185, 187, 190, 194, 195, 197, 192
2010,14201050,201,CH4 ,10PPBC, 1,23, 191, 192, 192, 194, 195, 195, 195, 195, 196, 195, 194, 191, 191, 191, 190, 191, 190, 189, 191, 192, 191, 191, 190, 190
2010,14201050,201,CH4 ,10PPBC, 1,24, 190, 191, 191, 192, 192, 192, 194, 198, 196, 192, 191, 191, 191, 190, 190, 191, 193, 194, 194, 197, 197, 194, 192, 193
2010,14201050,201,CH4 ,10PPBC, 1,25, 191, 193, 195, 193, 195, 196, 194, 193, 195, 194, 192, 191, 186, 190, 190, 189, 190, 191, 193, 196, 193, 192, 194, 193
2010,14201050,201,CH4 ,10PPBC, 1,26, 195, 193, 192, 193, 196, 195, 195, 197, 197, 194,9999,9999, 200, 189, 188, 187, 187, 188, 188, 189, 190, 191, 192, 192
2010,14201050,201,CH4 ,10PPBC, 1,27, 192, 193, 192, 194, 195, 196, 197, 202, 201, 195, 193, 192, 190, 189, 187, 187, 187, 188, 191, 191, 191, 191, 191, 192
2010,14201050,201,CH4 ,10PPBC, 1,28, 191, 192, 192, 192, 192, 193, 193, 194, 192, 194, 192, 191, 190, 190, 190, 190, 191, 191, 192, 191, 191, 191, 192, 192
2010,14201050,201,CH4 ,10PPBC, 1,29, 192, 191, 191, 191, 192, 189, 189, 190, 190, 192, 191, 190, 190, 189, 188, 187, 188, 188, 188, 192, 195, 188, 192, 194
2010,14201050,201,CH4 ,10PPBC, 1,30, 193, 196, 194, 195, 194, 194, 190, 189, 190, 190, 189, 189, 188, 187, 187, 187, 188, 187, 188, 190, 189, 193, 192, 192
2010,14201050,201,CH4 ,10PPBC, 1,31, 193, 193, 193, 194, 195, 197, 197, 198, 196, 191, 191,9999,9999, 188, 187, 187, 186, 187, 187, 189, 195, 196, 198, 194
2010,14201050,201,CH4 ,10PPBC, 2, 1, 196, 198, 200, 202, 201, 205, 207, 214, 212, 198, 190, 188, 187, 186, 185, 185, 184, 185, 186, 190, 191, 190, 192, 191
2010,14201050,201,CH4 ,10PPBC, 2, 2, 192, 191, 192, 191, 188, 191, 191, 192, 193, 194, 193, 191, 191, 191, 191, 190, 188, 187, 189, 191, 192, 195, 192, 193
2010,14201050,201,CH4 ,10PPBC, 2, 3, 191, 192, 193, 193, 192, 191, 191, 192, 192, 191, 191, 191, 189, 189, 189, 187, 186, 186, 185, 185, 187, 188, 187, 187
2010,14201050,201,CH4 ,10PPBC, 2, 4, 187, 187, 186, 186, 185, 190, 202, 201, 202, 205, 196, 195, 196, 196, 193, 186, 186, 189, 188, 194, 194, 196, 200, 199
2010,14201050,201,CH4 ,10PPBC, 2, 5, 201, 202, 202, 214, 207, 206, 203, 200, 198, 196, 196, 193, 192, 195, 190, 190, 190, 191, 194, 197, 199, 220, 220, 196
2010,14201050,201,CH4 ,10PPBC, 2, 6, 191, 191, 192, 192, 193, 196, 197, 200, 203, 195, 196, 197, 195, 194, 194, 193, 195, 196, 197, 198, 200, 204, 206, 203
2010,14201050,201,CH4 ,10PPBC, 2, 7, 198, 201, 204, 204, 202, 204, 205, 194, 192, 192,9999,9999,9999,9999, 188, 189, 192, 192, 191, 192, 192, 193, 192, 192
2010,14201050,201,CH4 ,10PPBC, 2, 8, 195, 195, 191, 192, 193, 191, 189, 189, 190, 190, 191, 191, 191, 191, 190, 190, 189, 191, 192, 192, 192, 191, 189, 189
2010,14201050,201,CH4 ,10PPBC, 2, 9, 194, 192, 190, 189, 199, 191, 191, 192, 192, 193, 192, 192, 192, 191, 194, 190, 189, 189, 189, 195, 198, 198, 199, 193
2010,14201050,201,CH4 ,10PPBC, 2,10, 192, 192, 192, 190, 190, 190, 191, 190, 191, 191, 192, 192, 192, 191, 190, 191, 189, 191, 190, 193, 192, 193, 194, 193
2010,14201050,201,CH4 ,10PPBC, 2,11, 194, 193, 194, 192, 191, 192, 191, 191, 194, 193, 195, 193, 193, 192, 193, 192, 194, 193, 190, 190, 191, 193, 191, 191
2010,14201050,201,CH4 ,10PPBC, 2,12, 191, 191, 191, 190, 189, 190, 190, 192, 191, 191, 191, 191, 191, 198, 194, 192, 192, 193, 193, 192, 190, 190, 190, 191
2010,14201050,201,CH4 ,10PPBC, 2,13, 195, 198, 195, 193, 192, 193, 195, 196, 195, 195, 191, 190, 189, 189, 190, 190, 191, 192, 193, 195, 195, 194, 195, 197
2010,14201050,201,CH4 ,10PPBC, 2,14, 198, 193, 192, 198, 195, 200, 199, 196, 195, 197, 197, 193, 193, 193, 192, 192, 192, 192, 191, 196, 197, 199, 196, 196
2010,14201050,201,CH4 ,10PPBC, 2,15, 194, 192, 191, 191, 191, 191, 191, 191, 193, 193, 190,9999,9999, 195, 190, 188, 188, 189, 189, 189, 190, 190, 190, 194
2010,14201050,201,CH4 ,10PPBC, 2,16, 193, 192, 198, 195, 193, 192, 192, 199, 199, 194, 193, 197, 195, 188, 187, 187, 188, 189, 189, 192, 189, 188, 188, 187
2010,14201050,201,CH4 ,10PPBC, 2,17, 194, 199, 198, 198, 199, 202, 203, 208, 211, 198, 200, 199, 187, 183, 183, 182, 182, 182, 182, 183, 183, 183, 182, 181
2010,14201050,201,CH4 ,10PPBC, 2,18, 180, 180, 181, 180, 180, 179, 180, 179, 181, 185, 186, 185, 185, 185, 184, 184, 186, 187, 187, 188, 189, 189, 189, 188
2010,14201050,201,CH4 ,10PPBC, 2,19, 188, 188, 188, 189, 189, 189, 190, 190, 190, 190, 190, 191, 190, 189, 188, 187, 187, 186, 186, 188, 190, 193, 192, 191
2010,14201050,201,CH4 ,10PPBC, 2,20, 190, 196, 205, 206, 195, 193, 192, 192, 194, 193, 194, 194, 194, 195, 204, 200, 194, 188, 188, 188, 188, 187, 187, 188
2010,14201050,201,CH4 ,10PPBC, 2,21, 187, 187, 186, 187, 187, 188, 188, 188, 189, 187, 188, 188, 188, 187, 186, 187, 187, 186, 187, 187, 189, 190, 192, 192
2010,14201050,201,CH4 ,10PPBC, 2,22, 191, 188, 188, 188, 188, 188, 188, 189, 188, 190, 190, 188, 187, 186, 187, 186, 186, 187, 187, 189, 188, 189, 189, 189
2010,14201050,201,CH4 ,10PPBC, 2,23, 188, 189, 191, 192, 193, 193, 192, 192, 194, 193, 194, 190, 189, 189, 187, 189, 187, 187, 188, 192, 195, 195, 194, 194
2010,14201050,201,CH4 ,10PPBC, 2,24, 194, 196, 197, 196, 199, 204, 206, 206, 201, 203,9999,9999,9999, 188, 185, 185, 184, 185, 185, 185, 183, 182, 182, 182
2010,14201050,201,CH4 ,10PPBC, 2,25, 182, 181, 181, 182, 181, 182, 183, 182, 179, 180, 180, 179, 179, 179, 179, 178, 179, 180, 181, 182, 183, 187, 187, 188
2010,14201050,201,CH4 ,10PPBC, 2,26, 188, 188, 189, 188, 189, 189, 190, 190, 191, 191, 190, 190, 190, 189, 189, 188, 188, 187, 189, 189, 189, 190, 190, 191
2010,14201050,201,CH4 ,10PPBC, 2,27, 197, 195, 191, 189, 196, 200, 202, 196, 186, 185, 184, 184, 183, 183, 183, 182, 182, 182, 182, 182, 183, 183, 190, 192
2010,14201050,201,CH4 ,10PPBC, 2,28, 190, 189, 191, 191, 189, 188, 188, 189, 189, 194, 194, 191, 190, 189, 190, 190, 191, 192, 190, 192, 194, 192, 192, 191
2010,14201050,201,CH4 ,10PPBC, 2,29,9998,9998,9998,9998,9998,9998,9998,9998,9998,9998,9998,9998,9998,9998,9998,9998,9998,9998,9998,9998,9998,9998,9998,9998
2010,14201050,201,CH4 ,10PPBC, 2,30,9998,9998,9998,9998,9998,9998,9998,9998,9998,9998,9998,9998,9998,9998,9998,9998,9998,9998,9998,9998,9998,9998,9998,9998
2010,14201050,201,CH4 ,10PPBC, 2,31,9998,9998,9998,9998,9998,9998,9998,9998,9998,9998,9998,9998,9998,9998,9998,9998,9998,9998,9998,9998,9998,9998,9998,9998
2010,14201050,201,CH4 ,10PPBC, 3, 1, 190, 189, 191, 190, 193, 192, 189, 189, 190, 190, 191, 188, 189, 189, 191, 192, 188, 191, 217, 205, 201, 193, 200, 203
2010,14201050,201,CH4 ,10PPBC, 3, 2, 193, 190, 188, 192, 187, 188, 186, 185, 186, 186, 186, 186, 186, 187, 188, 188, 188, 188, 187, 187, 187, 189, 189, 189
2010,14201050,201,CH4 ,10PPBC, 3, 3, 189, 188, 188, 189, 188, 188, 188, 188, 188, 188, 188, 187,9999,9999,9999, 188, 188, 188, 189, 190, 189, 189, 189, 189
2010,14201050,201,CH4 ,10PPBC, 3, 4, 190, 190, 189, 190, 191, 191, 194, 194, 190, 189, 189, 187, 187, 187, 188, 189, 189, 189, 190, 190, 191, 193, 193, 193
2010,14201050,201,CH4 ,10PPBC, 3, 5, 194, 194, 195, 196, 195, 196, 198, 201, 192, 191, 188, 188, 188, 187, 187, 185, 186, 186, 186, 186, 188, 187, 187, 187
2010,14201050,201,CH4 ,10PPBC, 3, 6, 187, 187, 187, 186, 186, 187, 193, 195, 194, 186, 185, 184, 183, 182, 182, 182, 182, 182, 183, 183, 184, 184, 185, 185
2010,14201050,201,CH4 ,10PPBC, 3, 7, 192, 193, 191, 191, 190, 190, 190, 196, 195, 190, 193, 193, 193, 194, 192, 187, 188, 188, 189, 192, 192, 191, 189, 189
2010,14201050,201,CH4 ,10PPBC, 3, 8, 190, 191, 191, 190, 191, 190, 191, 192, 192, 190, 189, 192, 190, 189, 189, 188, 187, 188, 188, 188, 189, 189, 190, 190
2010,14201050,201,CH4 ,10PPBC, 3, 9, 188, 194, 194, 194, 196, 197, 198, 195, 193, 191, 191, 189, 187, 186, 186, 184, 184, 184, 184, 185, 185, 185, 186, 188
2010,14201050,201,CH4 ,10PPBC, 3,10, 189, 190, 190, 190, 190, 190, 191, 192, 191,9999,9999,9999, 188, 187, 186, 186, 185, 186, 187, 188, 189, 189, 188, 189
2010,14201050,201,CH4 ,10PPBC, 3,11, 190, 190, 192, 195, 196, 197, 196, 198, 193, 191, 189, 187, 186, 185,9999,9999,9999,9999,9999,9999,9999,9999,9999,9999
2010,14201050,201,CH4 ,10PPBC, 3,12,9999,9999, 193, 193, 195, 198, 200, 201, 197, 196, 195, 191, 190, 189, 188, 188, 190, 190, 188, 188, 190, 191, 190, 189
2010,14201050,201,CH4 ,10PPBC, 3,13, 193, 196, 194, 193, 191, 195, 197, 198, 200, 203, 205, 197, 194, 191, 187, 186, 185, 184, 184, 185, 185, 186, 187, 186
2010,14201050,201,CH4 ,10PPBC, 3,14, 186, 188, 188, 188, 188, 187, 186, 185, 185, 184, 183, 182, 181, 181, 180, 181, 181, 181, 182, 181, 182, 182, 182, 182
2010,14201050,201,CH4 ,10PPBC, 3,15, 181, 182, 182, 185, 193, 198, 194, 192, 188, 188, 188, 188, 188, 188, 188, 189, 190, 189, 190, 191, 189, 189, 189, 189
2010,14201050,201,CH4 ,10PPBC, 3,16, 185, 184, 186, 189, 189, 194, 190, 189, 189, 189, 188, 188, 188, 185, 186, 186,9999, 197, 190, 190, 191, 192, 192, 192
2010,14201050,201,CH4 ,10PPBC, 3,17, 191, 192, 192, 192, 193, 191, 192, 194, 192, 193, 191, 189, 189, 189, 188, 187, 187, 188, 189, 190, 191, 191, 193, 193
2010,14201050,201,CH4 ,10PPBC, 3,18, 192, 191, 191, 191, 190, 192, 191, 193, 191, 192, 191, 191, 190, 190, 189, 188, 187, 187, 187, 188, 187, 188, 188, 187
2010,14201050,201,CH4 ,10PPBC, 3,19, 187, 187, 186, 187, 187, 187, 187, 187, 186, 185, 185, 184, 184, 183, 183, 183, 183, 184, 184, 185, 186, 186, 187, 191
2010,14201050,201,CH4 ,10PPBC, 3,20, 194, 195, 192, 192, 192, 193, 194, 195, 198, 195, 194, 193, 189, 187, 188, 186, 183, 184, 183, 182, 182, 182, 182, 182
2010,14201050,201,CH4 ,10PPBC, 3,21, 182, 181, 181, 181, 181, 181, 181, 181, 181, 188, 194, 193, 189, 188, 187, 187, 187, 188, 188, 189, 190, 190, 190, 190
2010,14201050,201,CH4 ,10PPBC, 3,22, 192, 189, 189, 188, 188, 188, 189, 189, 191, 190, 189, 189, 189, 189, 197, 190, 192, 194, 191, 190, 190, 191, 193, 192
2010,14201050,201,CH4 ,10PPBC, 3,23, 191, 191, 190, 194, 194, 193, 191, 189, 189, 189,9999,9999,9999,9999, 187, 187, 188, 188, 189, 189, 188, 188, 188, 189
2010,14201050,201,CH4 ,10PPBC, 3,24, 190, 188, 187, 188, 189, 189, 190, 191, 191, 189, 189, 189, 188, 188, 187, 187, 185, 185, 186, 187, 190, 191, 190, 191
2010,14201050,201,CH4 ,10PPBC, 3,25, 191, 194, 193, 194, 194, 195, 198, 202, 191, 189, 188, 187, 186, 185, 184, 184, 185, 184, 185, 185, 185, 186, 185, 186
2010,14201050,201,CH4 ,10PPBC, 3,26, 188, 189, 191, 191, 191, 192, 190, 191, 190, 188, 186, 186, 186, 186, 186, 187, 187, 186, 187, 187, 187, 188, 188, 189
2010,14201050,201,CH4 ,10PPBC, 3,27, 189, 189, 189, 188, 188, 189, 191, 191, 190, 188, 187, 188, 186, 186, 187, 187, 186, 186, 186, 187, 187, 186, 186, 186
2010,14201050,201,CH4 ,10PPBC, 3,28, 188, 189, 187, 186, 188, 189, 191, 192, 188, 188, 188, 188, 186, 185, 184, 184, 183, 184, 184, 186, 186, 186, 187, 187
2010,14201050,201,CH4 ,10PPBC, 3,29, 187, 186, 186, 187, 186, 189, 192, 196, 196, 194, 196, 189, 186,9999,9999, 194, 184, 185, 186, 187, 188, 189, 190, 193
2010,14201050,201,CH4 ,10PPBC, 3,30, 194, 194, 194, 196, 198, 203, 196, 195, 196, 197, 194, 193, 186, 185, 185, 184, 186, 185, 185, 188, 188, 190, 190, 191
2010,14201050,201,CH4 ,10PPBC, 3,31, 192, 191, 189, 188, 188, 188, 189, 188, 190, 190, 189, 188, 187, 186, 185, 185, 185, 185, 187, 188, 189, 189, 189, 190
2010,14204010,204,CH4 ,10PPBC, 4, 1, 186, 187, 187, 186, 185, 187, 187, 186, 184,9999, 183, 183, 181, 181, 183, 182, 181, 182, 183, 182, 182, 182, 183, 183
2010,14204010,204,CH4 ,10PPBC, 4, 2, 182, 181, 182, 182, 181, 181, 179, 180, 180, 180, 179, 180, 180, 181, 189, 191, 186, 185, 188, 189, 189, 188, 188, 190
2010,14204010,204,CH4 ,10PPBC, 4, 3, 189, 190, 189, 187, 189, 187, 188, 187, 189, 187, 188, 187, 187, 186, 184, 183, 182, 183, 188, 190, 192, 188, 188, 193
2010,14204010,204,CH4 ,10PPBC, 4, 4, 193, 194, 195, 194, 192, 190, 191, 193, 191, 191, 192, 190, 194, 195, 192, 190, 191, 197, 202, 195, 194, 194, 194, 193
2010,14204010,204,CH4 ,10PPBC, 4, 5, 192, 190, 191, 191, 192, 193, 193, 193, 194, 194, 194, 194, 194, 193, 194, 193, 192, 192, 194, 194, 192, 195, 194, 196
2010,14204010,204,CH4 ,10PPBC, 4, 6, 196, 196, 196, 197, 197, 196, 196, 188, 188, 188, 188, 186, 187, 187, 185, 181, 181, 184, 184, 183, 184, 184, 185, 184
2010,14204010,204,CH4 ,10PPBC, 4, 7, 184, 183, 183, 182, 183, 183, 183, 184, 191, 188, 190,9999,9999,9999, 191, 190, 190, 190, 191, 191, 193, 191, 193, 194
2010,14204010,204,CH4 ,10PPBC, 4, 8, 195, 195, 193, 194, 195, 194, 195, 196, 198, 196, 194, 193, 193, 193, 191, 191, 190, 191, 193, 194, 195, 194, 193, 194
2010,14204010,204,CH4 ,10PPBC, 4, 9, 195, 195, 198, 196, 196, 202, 202, 201, 199, 198, 194, 193, 191, 190, 189, 190, 188, 189, 188, 190, 192, 193, 194, 197
2010,14204010,204,CH4 ,10PPBC, 4,10, 196, 200, 198, 195, 193, 193, 193, 194, 193, 193, 198, 196, 195, 192, 190, 187, 184, 184, 185, 186, 187, 188, 189, 188
2010,14204010,204,CH4 ,10PPBC, 4,11, 187, 185, 186, 186, 186, 187, 186, 188, 189, 189, 187, 188, 188, 185, 183, 182, 180, 183, 186, 189, 190, 189, 193, 195
2010,14204010,204,CH4 ,10PPBC, 4,12, 193, 192, 192, 191, 191, 190, 189, 190, 191, 191, 192, 191, 192, 191, 191, 193, 193, 192, 192, 192, 193, 192, 191, 191
2010,14204010,204,CH4 ,10PPBC, 4,13, 190, 189, 189, 188, 188, 189, 189, 188, 188, 186, 186, 186, 186, 184, 184, 183, 183, 183, 185, 185, 184, 185, 185, 185
2010,14204010,204,CH4 ,10PPBC, 4,14, 185, 188, 190, 189, 189, 189, 188, 190, 190, 190,9999,9999, 190, 188, 187, 187, 185, 186, 189, 190, 191, 191, 191, 191
2010,14204010,204,CH4 ,10PPBC, 4,15, 191, 191, 191, 190, 191, 191, 191, 191, 192, 193, 194, 195, 193, 195, 193, 190, 192, 192, 191, 192, 193, 193, 197, 198
2010,14204010,204,CH4 ,10PPBC, 4,16, 198, 195, 197, 195, 196, 195, 195, 195, 199, 197, 196, 196, 194, 195, 195, 196, 194, 194, 194, 195, 195, 194, 194, 194
2010,14204010,204,CH4 ,10PPBC, 4,17, 194, 194, 194, 193, 193, 194, 192, 194, 194, 194, 194, 190, 191, 192, 191, 194, 191, 192, 192, 193, 195, 197, 204, 206
2010,14204010,204,CH4 ,10PPBC, 4,18, 204, 204, 199, 197, 197, 198, 211, 207, 199, 197, 196, 197, 196, 193, 191, 189, 190, 192, 191, 190, 190, 192, 196, 197
2010,14204010,204,CH4 ,10PPBC, 4,19, 196, 195, 197, 198, 196, 198, 197, 197, 197, 199, 194, 192, 194, 193, 193, 188, 187, 188, 189, 189, 191, 190, 188, 189
2010,14204010,204,CH4 ,10PPBC, 4,20, 190, 188, 190, 189, 188, 187, 188, 187, 186, 186, 187, 185, 184, 185, 184, 183, 184, 185, 185, 187, 186, 188, 189, 190
2010,14204010,204,CH4 ,10PPBC, 4,21, 191, 191, 192, 193, 192, 194, 197, 195, 193, 189,9999, 185, 185, 191, 190, 181, 178, 182, 183, 184, 185, 185, 187, 189
2010,14204010,204,CH4 ,10PPBC, 4,22, 191, 191, 191, 191, 193, 192, 194, 194, 195, 194, 193, 194, 194, 193, 192, 192, 193, 191, 191, 192, 192, 193, 192, 192
2010,14204010,204,CH4 ,10PPBC, 4,23, 192, 192, 192, 193, 192, 190, 191, 191, 192, 192, 193, 192, 192, 193, 193, 193, 197, 191, 190, 193, 191, 189, 194, 198
2010,14204010,204,CH4 ,10PPBC, 4,24, 191, 192, 192, 192, 192, 191, 193, 193, 194, 192, 192, 191, 191, 192, 191, 189, 189, 189, 191, 193, 194, 195, 195, 198
2010,14204010,204,CH4 ,10PPBC, 4,25, 194, 193, 194, 192, 195, 196, 198, 199, 197, 194, 193, 194, 193, 190, 189, 189, 187, 188, 190, 191, 190, 191, 189, 191
2010,14204010,204,CH4 ,10PPBC, 4,26, 193, 194, 196, 195, 195, 196, 194, 193, 195, 194, 198, 197, 195, 191, 189, 188, 187, 187, 188, 189, 191, 195, 198, 199
2010,14204010,204,CH4 ,10PPBC, 4,27, 195, 195, 199, 197, 195, 193, 194, 194, 194, 196, 196, 201, 197,9999, 191, 192, 190, 190, 189, 189, 189, 189, 189, 188
2010,14204010,204,CH4 ,10PPBC, 4,28, 188, 187, 188, 187, 188, 188, 188, 187, 193, 191, 189, 189, 189, 188, 188, 187, 187, 187, 188, 189, 190, 192, 195, 197
2010,14204010,204,CH4 ,10PPBC, 4,29, 195, 193, 193, 189, 185, 185, 187, 186, 186, 184, 184, 184, 184, 184, 184, 182, 181, 183, 186, 187, 188, 189, 189, 189
2010,14204010,204,CH4 ,10PPBC, 4,30, 191, 191, 192, 192, 192, 193, 191, 191, 193, 192, 189, 189, 187, 186, 186, 185, 184, 184, 187, 187, 189, 190, 191, 192
2010,14204010,204,CH4 ,10PPBC, 4,31,9998,9998,9998,9998,9998,9998,9998,9998,9998,9998,9998,9998,9998,9998,9998,9998,9998,9998,9998,9998,9998,9998,9998,9998
2010,14204010,204,CH4 ,10PPBC, 5, 1, 192, 194, 194, 194, 194, 194, 194, 191, 190, 189, 189, 188, 187, 187, 186, 186, 184, 184, 187, 189, 189, 191, 191, 192
2010,14204010,204,CH4 ,10PPBC, 5, 2, 193, 192, 195, 195, 194, 195, 192, 193, 192, 194, 192, 190, 189, 188, 188, 184, 184, 184, 186, 186, 188, 188, 188, 190
2010,14204010,204,CH4 ,10PPBC, 5, 3, 191, 191, 191, 191, 193, 197, 197, 196, 196, 194, 193, 192, 188, 185, 184, 184, 184, 185, 186, 186, 186, 186, 186, 186
2010,14204010,204,CH4 ,10PPBC, 5, 4, 186, 186, 187, 187, 187, 187, 187, 187, 185, 185, 184, 184, 183, 184, 184, 184, 183, 183, 184, 185, 185, 185, 186, 186
2010,14204010,204,CH4 ,10PPBC, 5, 5, 185, 185, 185, 186, 187, 192, 189, 188, 189, 189, 190, 189, 184, 182, 181, 180, 180, 181, 182, 183, 183, 184, 184, 184
2010,14204010,204,CH4 ,10PPBC, 5, 6, 184, 184, 184, 183, 184, 182, 181, 181, 180, 179, 178, 178, 178, 177, 177, 176, 175, 175, 177, 178, 178, 178, 179, 181
2010,14204010,204,CH4 ,10PPBC, 5, 7, 181, 181, 180, 181, 180, 179, 179, 179, 178, 178, 177, 177,9999,9999, 181, 180, 178, 177, 177, 177, 177, 177, 177, 179
2010,14204010,204,CH4 ,10PPBC, 5, 8, 185, 186, 184, 184, 185, 186, 189, 188, 187, 187, 187, 186, 185, 184, 183, 183, 183, 183, 184, 185, 186, 186, 186, 185
2010,14204010,204,CH4 ,10PPBC, 5, 9, 186, 185, 185, 187, 193, 194, 193, 191, 189, 189, 193, 191, 189, 188, 188, 187, 186, 186, 187, 189, 191, 190, 191, 188
2010,14204010,204,CH4 ,10PPBC, 5,10, 189, 189, 194, 193, 192, 193, 191, 191, 190, 190, 189, 190, 187, 186, 187, 188, 187, 189, 189, 190, 188, 187, 187, 186
2010,14204010,204,CH4 ,10PPBC, 5,11, 186, 188, 187, 187, 187, 187, 187, 189, 187, 186, 187, 187, 186, 187, 184, 185, 187, 187, 187, 187, 188, 189, 190, 190
2010,14204010,204,CH4 ,10PPBC, 5,12, 189, 189, 189, 190, 188, 189, 188, 189, 188,9999, 192, 189, 187, 185, 183, 182, 182, 183,9999,9999,9999, 187, 189, 191
2010,14204010,204,CH4 ,10PPBC, 5,13, 191, 190, 192, 190, 189, 190, 188, 188, 188, 186, 186, 186, 185, 185, 186, 186, 187, 187, 187, 187, 188, 188, 188, 188
2010,14204010,204,CH4 ,10PPBC, 5,14, 188, 188, 189, 189, 189, 187, 189, 188, 187, 188, 189, 189, 188, 188, 189, 187, 186, 189, 187, 186, 189, 189, 190, 190
2010,14204010,204,CH4 ,10PPBC, 5,15, 190, 189, 187, 190, 189, 189, 187, 188, 189, 188, 187, 188, 187, 187, 186, 184, 184, 186, 188, 189, 189, 189, 190, 190
2010,14204010,204,CH4 ,10PPBC, 5,16, 190, 190, 189, 190, 190, 189, 188, 187, 185, 185, 184, 184, 184, 184, 183, 182, 183, 182, 184, 184, 185, 186, 186, 189
2010,14204010,204,CH4 ,10PPBC, 5,17, 190, 190, 190, 193, 194, 195, 192, 189, 190, 188, 188, 187, 185, 185, 185, 182, 179, 180, 184, 184, 184, 186, 186, 184
2010,14204010,204,CH4 ,10PPBC, 5,18, 186, 186, 186, 188, 188, 189, 187, 183, 185, 183, 182,9999, 182, 184, 181, 181, 179, 180, 182, 182, 183, 184, 183, 184
2010,14204010,204,CH4 ,10PPBC, 5,19, 184, 184, 183, 184, 183, 182, 183, 183, 183, 183, 182, 181, 180, 182, 183, 182, 182, 184, 183, 183, 183, 182, 184, 183
2010,14204010,204,CH4 ,10PPBC, 5,20, 183, 184, 183, 182, 183, 183, 183, 183, 182, 181, 181, 180, 181, 181, 181, 185, 183, 185, 187, 187, 188, 187, 187, 189
2010,14204010,204,CH4 ,10PPBC, 5,21, 188, 188, 188, 186, 187, 190, 189, 189, 187, 187, 186, 185, 186, 185, 184, 183, 182, 182, 183, 185, 184, 186, 186, 188
2010,14204010,204,CH4 ,10PPBC, 5,22, 189, 187, 189, 191, 196, 196, 196, 194, 191, 191, 191, 189, 188, 190, 188, 184, 181, 183, 184, 185, 186, 188, 189, 188
2010,14204010,204,CH4 ,10PPBC, 5,23, 188, 189, 187, 188, 189, 191, 193, 194, 199, 205, 204, 190, 189, 188, 190, 187, 186, 188, 187, 189, 189, 188, 188, 187
2010,14204010,204,CH4 ,10PPBC, 5,24, 188, 188, 188, 187, 188, 192, 187, 187, 188, 187, 186, 185, 185, 185, 186, 186, 188, 188, 186, 181, 177, 180, 183, 183
2010,14204010,204,CH4 ,10PPBC, 5,25, 184, 184, 185, 184, 185, 184, 184, 184, 183, 183, 182, 184, 182, 181, 181, 181, 182, 184, 186, 187, 188, 186, 185, 187
2010,14204010,204,CH4 ,10PPBC, 5,26, 186, 185, 184, 183, 184, 184, 185, 187, 187, 185,9999,9999, 182, 181, 184, 183, 181, 182, 182, 183, 181, 184, 184, 184
2010,14204010,204,CH4 ,10PPBC, 5,27, 183, 184, 185, 184, 184, 184, 185, 185, 185, 183, 183, 182, 182, 182, 181, 180, 182, 182, 181, 182, 183, 184, 185, 185
2010,14204010,204,CH4 ,10PPBC, 5,28, 185, 185, 183, 184, 184, 184, 184, 183, 182, 182, 183, 184, 185, 183, 183, 180, 179, 181, 181, 182, 184, 185, 184, 183
2010,14204010,204,CH4 ,10PPBC, 5,29, 183, 184, 183, 183, 188, 188, 185, 184, 185, 185, 185, 185, 185, 186, 185, 185, 185, 186, 187, 186, 186, 185, 186, 186
2010,14204010,204,CH4 ,10PPBC, 5,30, 188, 189, 187, 187, 187, 188, 188, 187, 188, 188, 188, 189, 187, 184, 185, 185, 185, 185, 186, 188, 187, 187, 187, 186
2010,14204010,204,CH4 ,10PPBC, 5,31, 187, 187, 188, 189, 190, 192, 194, 189, 189, 190, 189, 186, 185, 184, 184, 183, 179, 178, 181, 183, 184, 186, 186, 185
2010,14204010,204,CH4 ,10PPBC, 6, 1, 185, 187, 186, 187, 187, 186, 186, 188, 188, 187, 187,9999,9999, 186, 184, 183, 180, 180, 182, 183, 186, 190, 190, 191
2010,14204010,204,CH4 ,10PPBC, 6, 2, 191, 189, 188, 189, 189, 189, 188, 187, 188, 188, 189, 189, 188, 186, 184, 183, 181, 180, 182, 182, 185, 187, 188, 188
2010,14204010,204,CH4 ,10PPBC, 6, 3, 187, 187, 187, 186, 187, 191, 194, 188, 187, 185, 185, 184, 183, 183, 183, 180, 179, 178, 180, 181, 180, 182, 183, 182
2010,14204010,204,CH4 ,10PPBC, 6, 4, 183, 182, 185, 185, 186, 187, 185, 183, 183, 182, 182, 181, 181, 181, 180, 178, 177, 177, 179, 180, 182, 181, 182, 184
2010,14204010,204,CH4 ,10PPBC, 6, 5, 184, 186, 187, 187, 188, 188, 188, 188, 187, 193, 192, 190, 190, 186, 184, 185, 185, 184, 183, 185, 185, 186, 185, 187
2010,14204010,204,CH4 ,10PPBC, 6, 6, 186, 186, 186, 189, 195, 192, 189, 190, 189, 189, 187, 187, 185, 183, 183, 183, 180, 179, 181, 183, 182, 183, 184, 184
2010,14204010,204,CH4 ,10PPBC, 6, 7, 187, 187, 187, 187, 187, 187, 190, 189, 184, 185, 184, 182, 182, 180, 180, 181, 183, 181, 181, 181, 182, 183, 185, 185
2010,14204010,204,CH4 ,10PPBC, 6, 8, 184, 185, 185, 187, 188, 188, 190, 189, 192,9999, 187, 185, 185, 186, 185, 185, 186, 186, 186, 187, 186, 187, 193, 189
2010,14204010,204,CH4 ,10PPBC, 6, 9, 193, 195, 191, 190, 190, 188, 189, 190, 192, 193, 193, 189, 189, 190, 189, 187, 184, 184, 186, 188, 188, 193, 193, 190
2010,14204010,204,CH4 ,10PPBC, 6,10, 192, 191, 190, 190, 190, 189, 189, 188, 187, 186, 187, 187, 186, 183, 182, 181, 181, 179, 180, 180, 181, 184, 185, 186
2010,14204010,204,CH4 ,10PPBC, 6,11, 187, 188, 187, 187, 188, 187, 187, 186, 185, 185, 187, 185, 181, 181, 180, 181, 179, 177, 179, 180, 180, 181, 181, 180
2010,14204010,204,CH4 ,10PPBC, 6,12, 180, 181, 181, 180, 182, 183, 182, 183, 183, 181, 180, 178, 177, 177, 177, 176, 175, 175, 178, 177, 178, 179, 179, 180
2010,14204010,204,CH4 ,10PPBC, 6,13, 180, 180, 180, 180, 180, 180, 180, 179, 179, 179, 178, 178, 178, 177, 179, 179, 179, 180, 181, 181, 181, 182, 181, 182
2010,14204010,204,CH4 ,10PPBC, 6,14, 183, 182, 182, 182, 182, 183, 183, 183, 186, 187, 187, 185, 185, 184, 186, 185, 184, 183, 184, 185, 184, 185, 185, 185
2010,14204010,204,CH4 ,10PPBC, 6,15, 185, 187, 187, 186, 187, 187, 187, 184, 182, 182,9999,9999, 180, 181, 181, 183, 184, 185, 184, 182, 181, 181, 183, 183
2010,14204010,204,CH4 ,10PPBC, 6,16, 183, 184, 178, 172, 170, 169, 169, 169, 170, 171, 173, 175, 178, 181, 181, 180, 179, 180, 181, 182, 182, 183, 182, 181
2010,14204010,204,CH4 ,10PPBC, 6,17, 182, 183, 184, 185, 186, 187, 194, 194, 189, 187, 186, 186, 186, 183, 183, 183, 182, 180, 181, 181, 179, 179, 179, 179
2010,14204010,204,CH4 ,10PPBC, 6,18, 178, 177, 176, 177, 176, 178, 177, 179, 177, 178, 179, 182, 175, 174, 173, 175, 175, 172, 177, 180, 180, 181, 174, 170
2010,14204010,204,CH4 ,10PPBC, 6,19, 171, 169, 169, 169, 169, 168, 169, 178, 185, 183, 173, 171, 173, 175, 177, 176, 177, 178, 177, 177, 174, 171, 171, 170
2010,14204010,204,CH4 ,10PPBC, 6,20, 170, 170, 170, 170, 170, 171, 171, 171, 171, 172, 173, 172, 172, 171, 171, 174, 174, 173, 173, 173, 173, 172, 171, 171
2010,14204010,204,CH4 ,10PPBC, 6,21, 171, 172, 172, 171, 170, 171, 171, 172, 172, 174, 172, 172, 171, 171, 171, 171, 172, 174, 176, 177, 177, 178, 178, 176
2010,14204010,204,CH4 ,10PPBC, 6,22, 173, 173, 175, 174, 174, 173, 175, 177, 176, 174, 174, 174, 174, 174, 173, 173, 172, 173, 174, 174, 174, 175, 175, 173
2010,14204010,204,CH4 ,10PPBC, 6,23, 174, 174, 174, 175, 176, 174, 172, 172, 172, 171, 171,9999, 170, 170, 171, 173, 173, 175, 174, 173, 177, 181, 184, 183
2010,14204010,204,CH4 ,10PPBC, 6,24, 183, 184, 184, 184, 184, 185, 185, 185, 186, 186, 187, 203, 203, 196, 193, 188, 183, 182, 185, 186, 186, 186, 186, 187
2010,14204010,204,CH4 ,10PPBC, 6,25, 189, 189, 188, 189, 189, 188, 186, 186, 192, 191, 189, 191, 191, 190, 186, 183, 179, 179, 181, 180, 178, 179, 178, 179
2010,14204010,204,CH4 ,10PPBC, 6,26, 178, 179, 177, 177, 178, 177, 178, 176, 176, 175, 175, 174, 175, 175, 175, 175, 174, 175, 174, 174, 175, 174, 174, 175
2010,14204010,204,CH4 ,10PPBC, 6,27, 173, 173, 173, 173, 173, 173, 173, 172, 173, 174, 174, 174, 174, 173, 173, 173, 172, 172, 173, 173, 172, 172, 172, 173
2010,14204010,204,CH4 ,10PPBC, 6,28, 172, 172, 172, 173, 174, 173, 173, 173, 175, 180, 177, 177, 179, 179, 177, 177, 175, 176, 179, 177, 178, 175, 177, 178
2010,14204010,204,CH4 ,10PPBC, 6,29, 181, 182, 183, 185, 187, 185, 180, 181, 185, 189, 188, 184,9999, 179, 184, 177, 178, 178, 178, 174, 174, 174, 173, 174
2010,14204010,204,CH4 ,10PPBC, 6,30, 176, 184, 188, 181, 180, 179, 178, 178, 178, 178, 177, 179, 177, 177, 178, 176, 177, 177, 178, 178, 178, 177, 177, 176
2010,14204010,204,CH4 ,10PPBC, 6,31,9998,9998,9998,9998,9998,9998,9998,9998,9998,9998,9998,9998,9998,9998,9998,9998,9998,9998,9998,9998,9998,9998,9998,9998
2010,14204010,204,CH4 ,10PPBC, 7, 1, 176, 176, 176, 177, 176, 176, 176, 177, 178, 176, 176, 174, 173, 172, 172, 171, 172, 172, 173, 174, 176, 175, 175, 175
2010,14204010,204,CH4 ,10PPBC, 7, 2, 176, 179, 182, 183, 183, 182, 183, 184, 185, 186, 183, 176, 176, 175, 176, 174, 174, 174, 173, 174, 174, 174, 174, 174
2010,14204010,204,CH4 ,10PPBC, 7, 3, 174, 174, 174, 175, 176, 176, 176, 178, 179, 177, 176, 176, 175, 175, 175, 176, 176, 175, 175, 173, 170, 170, 170, 170
2010,14204010,204,CH4 ,10PPBC, 7, 4, 170, 169, 169, 170, 173, 177, 182, 186, 183, 182, 182, 181, 180, 181, 180, 180, 180, 179, 179, 180, 181, 181, 183, 185
2010,14204010,204,CH4 ,10PPBC, 7, 5, 184, 186, 195, 194, 190, 182, 183, 182, 181, 186, 189, 190, 185, 186, 184, 184, 182, 183, 183, 183, 182, 183, 182, 180
2010,14204010,204,CH4 ,10PPBC, 7, 6, 179, 180, 179, 181, 182, 183, 185, 186, 180, 180, 180, 181, 181, 181, 181, 183, 185, 188, 188, 189, 189, 189, 189, 187
2010,14204010,204,CH4 ,10PPBC, 7, 7, 186, 188, 187, 187, 187, 188, 190, 194, 192, 191, 190,9999,9999, 189, 190, 190, 187, 187, 185, 184, 185, 185, 184, 184
2010,14204010,204,CH4 ,10PPBC, 7, 8, 185, 184, 184, 183, 184, 185, 189, 187, 189, 188, 184, 186, 192, 191, 190, 189, 187, 185, 183, 184, 184, 181, 180, 178
2010,14204010,204,CH4 ,10PPBC, 7, 9, 178, 178, 179, 179, 178, 180, 180, 181, 186, 183, 184, 189, 184, 182, 179, 181, 180, 179, 179, 177, 176, 175, 174, 175
2010,14204010,204,CH4 ,10PPBC, 7,10, 178, 178, 179, 180, 180, 180, 180, 181, 181, 181, 181, 181, 185, 185, 184, 185, 186, 186, 183, 185, 187, 191, 191, 188
2010,14204010,204,CH4 ,10PPBC, 7,11, 187, 191, 194, 209, 199, 197, 198, 199, 196, 196, 192, 195, 190, 182, 184, 184, 185, 176, 181, 180, 178, 181, 179, 177
2010,14204010,204,CH4 ,10PPBC, 7,12, 174, 174, 174, 174, 174, 174, 174, 175, 175, 175, 174, 174, 175, 176, 174, 174, 174, 174, 174, 175, 175, 175, 175, 175
2010,14204010,204,CH4 ,10PPBC, 7,13, 175, 176, 176, 176, 177, 177, 177, 176, 177, 176,9999,9999, 174, 174, 174, 174, 174, 185, 191, 191, 191, 193, 195, 198
2010,14204010,204,CH4 ,10PPBC, 7,14, 206, 211, 202, 194, 190, 192, 180, 176, 176, 176, 176, 176, 176, 175, 175, 175, 175, 176, 176, 176, 176, 177, 177, 176
2010,14204010,204,CH4 ,10PPBC, 7,15, 176, 176, 176, 176, 176, 176, 177, 177, 177, 177, 176, 176, 176, 175, 177, 176, 175, 175, 176, 176, 177, 177, 177, 176
2010,14204010,204,CH4 ,10PPBC, 7,16, 177, 176, 177, 176, 177, 176, 176, 176, 176, 176, 177, 176, 175, 175, 176, 175, 175, 174, 176, 177, 176, 177, 177, 177
2010,14204010,204,CH4 ,10PPBC, 7,17, 177, 178, 178, 177, 178, 178, 178, 177, 176, 177, 178, 178, 177, 177, 177, 177, 176, 176, 177, 177, 177, 178, 178, 179
2010,14204010,204,CH4 ,10PPBC, 7,18, 179, 178, 178, 179, 179, 179, 178, 178, 177, 177, 177, 176, 176, 176, 176, 176, 175, 175, 175, 177, 176, 177, 177, 177
2010,14204010,204,CH4 ,10PPBC, 7,19, 177, 178, 178, 178, 178, 178, 178, 178, 178, 177, 177, 177, 177, 177, 176, 176, 175, 175, 176, 176, 177, 177, 178, 178
2010,14204010,204,CH4 ,10PPBC, 7,20, 178, 178, 178, 178, 179, 180, 180, 179, 180, 179, 180, 178, 178, 177, 176, 176, 175, 176, 176, 177, 177, 178, 178, 178
2010,14204010,204,CH4 ,10PPBC, 7,21, 178, 179, 179, 178, 180, 180, 180, 183, 184, 183,9999,9999, 175, 176, 176, 175, 175, 175, 177, 178, 179, 180, 179, 178
2010,14204010,204,CH4 ,10PPBC, 7,22, 179, 181, 182, 182, 181, 183, 183, 180, 180, 183, 183, 182, 181, 179, 179, 179, 177, 175, 175, 176, 176, 177, 177, 177
2010,14204010,204,CH4 ,10PPBC, 7,23, 180, 181, 181, 181, 183, 185, 187, 190, 189, 188, 188, 185, 184, 184, 182, 183, 177, 175, 175, 175, 176, 177, 177, 178
2010,14204010,204,CH4 ,10PPBC, 7,24, 181, 180, 181, 180, 181, 187, 189, 188, 187, 188, 188, 188, 186, 185, 184, 179, 175, 181, 181, 179, 178, 177, 179, 184
2010,14204010,204,CH4 ,10PPBC, 7,25, 184, 184, 185, 186, 187, 187, 185, 179, 177, 178, 178, 177, 177, 176, 176, 176, 178, 178, 178, 180, 181, 182, 180, 184
2010,14204010,204,CH4 ,10PPBC, 7,26, 187, 189, 189, 188, 186, 186, 185, 186, 185, 184, 180, 176, 176, 177, 175, 174, 174, 176, 177,9999,9999, 178, 179, 179
2010,14204010,204,CH4 ,10PPBC, 7,27, 180, 175, 174, 177, 173, 173, 173, 173, 173, 172, 172, 171, 171, 171, 170, 170, 169, 169, 171, 172, 172, 173, 173, 173
2010,14204010,204,CH4 ,10PPBC, 7,28, 173, 173, 174, 174, 174, 173, 173, 173, 172, 174,9999, 176, 177, 178, 178, 178, 176, 176, 178, 180, 180, 179, 180, 181
2010,14204010,204,CH4 ,10PPBC, 7,29, 180, 180, 180, 180, 180, 180, 181, 181, 180, 179, 178, 178, 178, 178, 178, 178, 178, 178, 178, 178, 177, 177, 177, 177
2010,14204010,204,CH4 ,10PPBC, 7,30, 177, 177, 177, 177, 174, 177, 177, 177, 177, 177, 176, 176, 175, 175, 176, 176, 176, 177, 177, 176, 177, 179, 178, 179
2010,14204010,204,CH4 ,10PPBC, 7,31, 179, 181, 181, 181, 181, 180, 180, 181, 180, 177, 177, 176, 176, 175, 175, 176, 176, 177, 177, 177, 177, 178, 179, 179
2010,14204010,204,CH4 ,10PPBC, 8, 1, 180, 181, 181, 181, 182, 182, 181, 179, 178, 178, 178, 177, 176, 176, 177, 179, 179, 179, 178, 177, 175, 175, 175, 175
2010,14204010,204,CH4 ,10PPBC, 8, 2, 174, 174, 174, 175, 176, 174, 175, 174, 174, 174, 174, 173, 173, 173, 173, 172, 173, 174, 175, 175, 176, 176, 176, 175
2010,14204010,204,CH4 ,10PPBC, 8, 3, 175, 175, 175, 175, 175, 176, 175, 174, 175, 175, 175, 175, 175, 174, 174, 173, 172, 173, 174, 175, 175, 175, 175, 176
2010,14204010,204,CH4 ,10PPBC, 8, 4, 176, 176, 176, 176, 176, 176, 176, 176, 176, 176, 176,9999,9999, 172, 173, 171, 170, 170, 172, 173, 173, 173, 172, 172
2010,14204010,204,CH4 ,10PPBC, 8, 5, 172, 173, 173, 173, 173, 173, 173, 173, 173, 174, 173, 173, 173, 172, 172, 172, 171, 170, 173, 173, 173, 173, 173, 173
2010,14204010,204,CH4 ,10PPBC, 8, 6, 173, 173, 173, 173, 174, 174, 174, 174, 174, 175, 175, 174, 174, 174, 175, 175, 174, 175, 177, 177, 177, 177, 177, 178
2010,14204010,204,CH4 ,10PPBC, 8, 7, 178, 178, 179, 181, 180, 180, 179, 180, 178, 179, 179, 179, 178, 178, 177, 175, 173, 173, 174, 175, 174, 174, 175, 175
2010,14204010,204,CH4 ,10PPBC, 8, 8, 175, 175, 175, 176, 176, 176, 177, 177, 176, 174, 174, 174, 173, 174, 173, 174, 174, 174, 174, 174, 174, 174, 174, 174
2010,14204010,204,CH4 ,10PPBC, 8, 9, 174, 175, 176, 175, 176, 175, 176, 177, 178, 177,9999,9999, 170, 171, 172, 172, 172, 172, 172, 173, 173, 173, 173, 173
2010,14204010,204,CH4 ,10PPBC, 8,10, 172, 173, 173, 173, 173, 175, 174, 174, 173, 172, 171, 172, 171, 171, 171, 170, 170, 171, 172, 172, 171, 172, 172, 172
2010,14204010,204,CH4 ,10PPBC, 8,11, 172, 172, 172, 172, 171, 171, 171, 170, 171, 170, 170, 170, 170, 170, 169, 168, 168, 169, 169, 169, 169, 169, 169, 169
2010,14204010,204,CH4 ,10PPBC, 8,12, 169, 169, 169, 170, 169, 169, 170, 170, 169, 169, 169, 169, 169, 172, 172, 171, 171, 172, 172, 172, 172, 174, 174, 174
2010,14204010,204,CH4 ,10PPBC, 8,13, 174, 174, 174, 177, 176, 177, 177, 178, 178, 176, 179, 181, 186, 183, 179, 175, 176, 178, 181, 181, 182, 183, 183, 181
2010,14204010,204,CH4 ,10PPBC, 8,14, 188, 189, 183, 174, 171, 171, 171, 169, 170, 170, 170, 170, 169, 169, 170, 172, 172, 171, 171, 170, 172, 172, 172, 172
2010,14204010,204,CH4 ,10PPBC, 8,15, 172, 173, 173, 172, 172, 172, 172, 171, 171, 171, 171, 170, 169, 170, 170, 171, 171, 171, 172, 172, 171, 171, 171, 172
2010,14204010,204,CH4 ,10PPBC, 8,16, 173, 173, 174, 174, 174, 175, 175, 174, 173, 172, 172, 172, 171, 172, 172, 173, 173, 176, 177, 172, 170, 171, 170, 172
2010,14204010,204,CH4 ,10PPBC, 8,17, 172, 174, 175, 178, 186, 190, 197, 194, 202, 208, 198, 185, 184, 182, 180, 174, 170, 170, 171, 173, 172, 172, 173, 174
2010,14204010,204,CH4 ,10PPBC, 8,18, 176, 178, 184, 185, 184, 182, 183, 185, 189, 190,9999, 184, 178, 176, 178, 175, 174, 176, 177, 177, 178, 182, 181, 180
2010,14204010,204,CH4 ,10PPBC, 8,19, 180, 180, 179, 180, 180, 180, 180, 181, 183, 181, 182, 182, 181, 181, 181, 182, 183, 182, 183, 183, 182, 184, 184, 184
2010,14204010,204,CH4 ,10PPBC, 8,20, 186, 187, 188, 187, 186, 186, 187, 188, 188, 189, 192, 194, 192, 190, 188, 186, 185, 186, 184, 186, 188, 187, 187, 187
2010,14204010,204,CH4 ,10PPBC, 8,21, 186, 187, 187, 187, 190, 193,9999,9999,9999,9999,9999,9999,9999,9999, 178, 176, 175, 175, 176, 177, 177, 176, 176, 176
2010,14204010,204,CH4 ,10PPBC, 8,22, 177, 177, 177, 176, 176, 176, 176, 177, 176, 176, 175, 175, 175, 174, 173, 172, 172, 172, 174, 174, 174, 175, 174, 175
2010,14204010,204,CH4 ,10PPBC, 8,23, 174, 174, 174, 174, 175, 174, 175, 176, 180, 176, 175, 174, 174, 174, 174, 174, 173, 174, 174, 174, 174, 174, 174, 174
2010,14204010,204,CH4 ,10PPBC, 8,24, 174, 174, 174, 174, 174, 175, 175, 175, 175, 175, 175, 175, 175, 174, 175, 173, 173, 174, 174, 174, 174, 175, 175, 175
2010,14204010,204,CH4 ,10PPBC, 8,25, 175, 174, 175, 175, 174, 175, 174, 174, 174,9999,9999,9999,9999, 177, 177, 175, 175, 176, 177, 178, 178, 178, 178, 178
2010,14204010,204,CH4 ,10PPBC, 8,26, 178, 179, 179, 182, 181, 181, 181, 179, 178, 178, 179, 179, 180, 179, 179, 178, 178, 178, 180, 180, 180, 179, 180, 180
2010,14204010,204,CH4 ,10PPBC, 8,27, 180, 180, 181, 181, 185, 188, 190, 191, 191, 189, 185, 181, 180, 178, 175, 173, 172, 172, 174, 174, 173, 174, 174, 174
2010,14204010,204,CH4 ,10PPBC, 8,28, 173, 174, 174, 174, 175, 175, 175, 174, 174, 174, 175, 174, 174, 174, 174, 174, 172, 173, 175, 174, 174, 175, 175, 175
2010,14204010,204,CH4 ,10PPBC, 8,29, 175, 176, 176, 176, 177, 178, 182, 181, 177, 176, 175, 175, 174, 174, 174, 173, 172, 172, 174, 173, 174, 174, 174, 176
2010,14204010,204,CH4 ,10PPBC, 8,30, 175, 176, 176, 177, 178, 183, 188, 194, 193, 190, 193, 193, 194, 189, 178, 174, 171, 172, 173, 172, 173, 175, 176, 176
2010,14204010,204,CH4 ,10PPBC, 8,31, 177, 176, 177, 176, 176, 180, 187, 193, 192, 182, 182,9999, 176, 174, 173, 173, 173, 174, 174, 174, 176, 177, 178, 177
2010,14204010,204,CH4 ,10PPBC, 9, 1, 176, 176, 177, 177, 176, 176, 175, 175, 175, 175, 175, 174, 175, 174, 175, 176, 176, 178, 180, 180, 180, 180, 181, 181
2010,14204010,204,CH4 ,10PPBC, 9, 2, 181, 181, 180, 181, 182, 183, 184, 183, 182, 182, 182, 182, 181, 181, 180, 179, 178, 180, 181, 181, 179, 179, 179, 179
2010,14204010,204,CH4 ,10PPBC, 9, 3, 179, 179, 179, 180, 181, 182, 184, 181, 180, 180, 180, 178, 178, 177, 177, 176, 176, 176, 177, 177, 177, 177, 177, 178
2010,14204010,204,CH4 ,10PPBC, 9, 4, 178, 178, 179, 180, 180, 181, 181, 182, 181, 185, 185, 184, 185, 182, 177, 177, 177, 177, 178, 178, 178, 179, 179, 180
2010,14204010,204,CH4 ,10PPBC, 9, 5, 180, 180, 180, 181, 181, 181, 181, 181, 178, 178, 177, 177, 177, 178, 180, 181, 176, 176, 177, 177, 177, 178, 177, 177
2010,14204010,204,CH4 ,10PPBC, 9, 6, 177, 176, 174, 173, 174, 174, 174, 174, 173, 174, 173, 172, 172, 172, 172, 171, 172, 175, 176, 176, 176, 175, 175, 172
2010,14204010,204,CH4 ,10PPBC, 9, 7, 173, 173, 172, 172, 172, 172, 172, 172, 172, 172, 172,9999,9999, 171, 170, 171, 171, 171, 172, 172, 173, 171, 172, 172
2010,14204010,204,CH4 ,10PPBC, 9, 8, 172, 172, 172, 172, 172, 175, 182, 185, 186, 189, 191, 173, 171, 171, 171, 171, 177, 183, 181, 181, 181, 180, 180, 180
2010,14204010,204,CH4 ,10PPBC, 9, 9, 181, 183, 183, 184, 184, 185, 185, 185, 185, 185, 184, 185, 186, 187, 184, 183, 183, 183, 185, 185, 186, 186, 185, 185
2010,14204010,204,CH4 ,10PPBC, 9,10, 187, 190, 195, 198, 199, 199, 198, 195, 190, 190, 190, 189, 189, 188, 186, 184, 182, 182, 183, 182, 182, 182, 183, 183
2010,14204010,204,CH4 ,10PPBC, 9,11, 183, 182, 182, 182, 182, 184, 182, 182, 181, 184, 187, 182, 181, 179, 180, 179, 178, 180, 180, 181, 181, 182, 182, 183
2010,14204010,204,CH4 ,10PPBC, 9,12, 184, 185, 184, 183, 186, 183, 183, 187, 188, 192, 188, 191, 191, 190, 185, 184, 185, 185, 182, 182, 182, 182, 179, 177
2010,14204010,204,CH4 ,10PPBC, 9,13, 175, 177, 173, 173, 172, 172, 181, 186, 185, 184, 181, 181, 180, 179, 178, 177, 177, 179, 181, 182, 181, 182, 183, 189
2010,14204010,204,CH4 ,10PPBC, 9,14, 193, 184, 182, 182, 181, 181, 183, 183, 183, 183, 183, 183, 183, 184, 184, 184, 182, 182, 182, 184, 186, 187, 186, 185
2010,14204010,204,CH4 ,10PPBC, 9,15, 184, 185, 186, 196, 194, 189, 188, 188, 188, 187,9999,9999,9999, 189, 191, 189, 189, 189, 193, 195, 195, 193, 193, 193
2010,14204010,204,CH4 ,10PPBC, 9,16, 193, 193, 192, 192, 191, 192, 194, 193, 192, 190, 190, 189, 188, 187, 188, 190, 191, 190, 191, 191, 192, 191, 193, 193
2010,14204010,204,CH4 ,10PPBC, 9,17, 193, 194, 196, 198, 201, 200, 196, 196, 194, 195, 196, 196, 194, 190, 188, 186, 186, 188, 188, 189, 189, 189, 190, 193
2010,14204010,204,CH4 ,10PPBC, 9,18, 199, 197, 196, 197, 198, 197, 199, 197, 191, 196, 196, 195, 194, 190, 188, 187, 188, 190, 190, 191, 190, 190, 190, 190
2010,14204010,204,CH4 ,10PPBC, 9,19, 191, 191, 192, 191, 192, 192, 194, 195, 191, 189, 188, 186, 186, 184, 186, 186, 185, 186, 187, 187, 187, 187, 187, 189
2010,14204010,204,CH4 ,10PPBC, 9,20, 189, 190, 189, 189, 189, 190, 192, 201, 200, 192, 188, 187, 187, 186, 186, 186, 186, 188, 189, 188, 187, 188, 189, 189
2010,14204010,204,CH4 ,10PPBC, 9,21, 189, 192, 196, 199, 202, 201, 202, 198, 195, 194, 193, 191, 190, 189, 189, 187, 187, 187, 188, 188, 189, 189, 190, 191
2010,14204010,204,CH4 ,10PPBC, 9,22, 191, 192, 192, 194, 194, 194, 190, 189, 188, 188, 187,9999, 184, 185, 184, 180, 179, 181, 181, 180, 180, 184, 195, 196
2010,14204010,204,CH4 ,10PPBC, 9,23, 200, 200, 198, 201, 199, 196, 194, 193, 193, 195, 193, 192, 192, 193, 192, 191, 192, 191, 193, 192, 193, 193, 193, 193
2010,14204010,204,CH4 ,10PPBC, 9,24, 193, 193, 192, 192, 195, 194, 194, 195, 194, 194, 192, 192, 194, 195, 193, 193, 193, 193, 193, 194, 195, 195, 196, 195
2010,14204010,204,CH4 ,10PPBC, 9,25, 194, 194, 194, 194, 195, 194, 194, 193, 193, 192, 191, 190, 190, 190, 190, 191, 194, 192, 192, 194, 195, 195, 197, 198
2010,14204010,204,CH4 ,10PPBC, 9,26, 198, 197, 198, 199, 199, 199, 198, 199, 200, 203, 208, 199, 196, 193, 194, 195, 195, 194, 195, 196, 195, 198, 201, 202
2010,14204010,204,CH4 ,10PPBC, 9,27, 199, 195, 196, 198, 197, 197, 195, 194, 195, 194, 192, 191, 190, 189, 190, 190, 190, 192, 192, 193, 193, 193, 193, 196
2010,14204010,204,CH4 ,10PPBC, 9,28, 195, 195, 194, 193, 192, 193, 194, 194, 194, 195,9999,9999, 197, 194, 193, 191, 193, 193, 195, 196, 200, 201, 199, 199
2010,14204010,204,CH4 ,10PPBC, 9,29, 198, 198, 196, 194, 194, 194, 194, 194, 193, 192, 192, 195, 197, 195, 196, 195, 194, 195, 196, 196, 196, 196, 197, 200
2010,14204010,204,CH4 ,10PPBC, 9,30, 202, 206, 202, 201, 201, 200, 199, 198, 199, 200, 199, 198, 198, 199, 200, 201, 201, 201, 201, 200, 197, 200, 201, 200
2010,14204010,204,CH4 ,10PPBC, 9,31,9998,9998,9998,9998,9998,9998,9998,9998,9998,9998,9998,9998,9998,9998,9998,9998,9998,9998,9998,9998,9998,9998,9998,9998
2010,14204010,204,CH4 ,10PPBC,10, 1, 198, 199, 198, 197, 196, 195, 195, 196, 195, 193, 193, 192, 192, 194, 195, 191, 191, 192, 193, 194, 194, 198, 196, 196
2010,14204010,204,CH4 ,10PPBC,10, 2, 198, 204, 207, 205, 202, 200, 199, 199, 197, 193, 193, 192, 193, 192, 191, 191, 191, 193, 194, 192, 193, 193, 195, 194
2010,14204010,204,CH4 ,10PPBC,10, 3, 204, 202, 200, 200, 199, 199, 199, 198, 197, 196, 196, 195, 194, 198, 196, 195, 191, 192, 192, 195, 195, 193, 196, 196
2010,14204010,204,CH4 ,10PPBC,10, 4, 193, 193, 198, 195, 206, 207, 207, 201, 199, 200, 202, 201, 198, 196, 194, 195, 195, 195, 195, 201, 199, 197, 195, 194
2010,14204010,204,CH4 ,10PPBC,10, 5, 195, 197, 199, 199, 197, 196, 196, 197, 196, 194, 196,9999,9999, 179, 190, 191, 188, 190, 189, 190, 192, 193, 196, 201
2010,14204010,204,CH4 ,10PPBC,10, 6, 199, 199, 199, 197, 195, 194, 194, 193, 192, 191, 192, 192, 196, 194, 192, 190, 190, 191, 191, 192, 191, 196, 196, 197
2010,14204010,204,CH4 ,10PPBC,10, 7, 196, 195, 195, 195, 194, 196, 197, 196, 196, 195, 194, 194, 194, 195, 193, 192, 191, 192, 192, 193, 197, 195, 195, 195
2010,14204010,204,CH4 ,10PPBC,10, 8, 194, 194, 194, 194, 194, 194, 195, 194, 193, 195, 192, 192, 191, 191, 191, 191, 190, 191, 191, 192, 192, 191, 191, 191
2010,14204010,204,CH4 ,10PPBC,10, 9, 193, 203, 197, 196, 195, 193, 193, 193, 193, 193, 193, 192, 192, 191, 191, 192, 192, 192, 192, 192, 192, 193, 193, 194
2010,14204010,204,CH4 ,10PPBC,10,10, 193, 193, 193, 192, 192, 192, 193, 192, 192, 191, 193, 191, 190, 191, 187, 185, 188, 188, 189, 191, 191, 192, 193, 195
2010,14204010,204,CH4 ,10PPBC,10,11, 196, 197, 196, 200, 202, 201, 199, 195, 194, 189, 188, 192, 198, 194, 191, 189, 190, 191, 193, 194, 195, 194, 193, 191
2010,14204010,204,CH4 ,10PPBC,10,12, 191, 191, 192, 193, 194, 208, 207, 192, 188, 189, 190, 197, 199, 194, 191, 190, 187, 187, 188, 188, 190, 192, 191, 194
2010,14204010,204,CH4 ,10PPBC,10,13, 197, 199, 198, 204, 203, 201, 201, 201, 198, 196,9999, 198, 195, 193, 192, 193, 196, 196, 192, 192, 195, 196, 197, 195
2010,14204010,204,CH4 ,10PPBC,10,14, 193, 194, 197, 196, 196, 192, 192, 192, 193, 194, 190, 190, 190, 190, 190, 191, 190, 191, 192, 190, 190, 191, 199, 196
2010,14204010,204,CH4 ,10PPBC,10,15, 195, 194, 195, 195, 194, 193, 192, 194, 195, 195, 192, 191, 191, 189, 189, 188, 188, 189, 189, 190, 193, 197, 198, 201
2010,14204010,204,CH4 ,10PPBC,10,16, 203, 199, 198, 194, 193, 191, 191, 192, 193, 193, 193, 192, 191, 191, 191, 191, 190, 191, 192, 193, 194, 194, 196, 196
2010,14204010,204,CH4 ,10PPBC,10,17, 202, 205, 201, 198, 198, 197, 196, 194, 193, 193, 192, 193, 193, 195, 196, 197, 197, 197, 195, 198, 199, 200, 203, 202
2010,14204010,204,CH4 ,10PPBC,10,18, 197, 195, 196, 197, 196, 197, 197, 196, 194, 194, 194, 193, 193, 192, 191, 190, 193, 193, 193, 192, 192, 193, 198, 198
2010,14204010,204,CH4 ,10PPBC,10,19, 195, 195, 196, 195, 195, 195, 195, 194, 194, 194, 194, 193, 193, 193, 193, 193, 195, 196, 194, 194, 196, 195, 195, 196
2010,14204010,204,CH4 ,10PPBC,10,20, 195, 195, 195, 196, 197, 194, 197, 197, 197, 198, 195, 194, 194,9999, 197, 202, 199, 205, 203, 199, 200, 199, 200, 199
2010,14204010,204,CH4 ,10PPBC,10,21, 199, 197, 196, 197, 198, 197, 198, 201, 202, 201, 201, 198, 196, 196, 194, 194, 195, 195, 197, 196, 195, 195, 195, 194
2010,14204010,204,CH4 ,10PPBC,10,22, 196, 197, 197, 196, 194, 194, 195, 196, 195, 193, 192, 193, 192, 193, 195, 193, 191, 192, 192, 193, 193, 193, 194, 199
2010,14204010,204,CH4 ,10PPBC,10,23, 199, 196, 196, 197, 197, 197, 197, 198, 197, 196, 195, 195, 195, 196, 194, 192, 192, 193, 196, 197, 200, 199, 197, 198
2010,14204010,204,CH4 ,10PPBC,10,24, 211, 207, 205, 202, 198, 198, 199, 200, 200, 200, 201, 203, 202, 202, 201, 201, 198, 199, 200, 197, 197, 199, 198, 198
2010,14204010,204,CH4 ,10PPBC,10,25, 199, 202, 199, 199, 200, 199, 199, 199, 197, 194, 194,9999, 198, 209, 213, 214, 207, 211, 211, 207, 206, 205, 210, 229
2010,14204010,204,CH4 ,10PPBC,10,26, 218, 203, 195, 194, 195, 197, 198, 197, 195, 194, 190, 191, 191, 191, 191, 191, 193, 193, 195, 198, 196, 195, 195, 195
2010,14204010,204,CH4 ,10PPBC,10,27, 195, 196, 195, 196, 195, 196, 196, 196, 196, 196, 196, 195, 194, 195, 195, 194, 194, 196, 197, 197, 197, 196, 196, 197
2010,14204010,204,CH4 ,10PPBC,10,28, 201, 201, 199, 198, 198, 197, 197, 198, 197, 198, 197, 196, 195, 195, 195, 195, 195, 196, 195, 195, 195, 195, 196, 195
2010,14204010,204,CH4 ,10PPBC,10,29, 196, 196, 198, 197, 198, 197, 198, 199, 200, 197, 195, 193, 193, 193, 193, 193, 193, 193, 194, 195, 193, 194, 197, 198
2010,14204010,204,CH4 ,10PPBC,10,30, 198, 197, 197, 197, 197, 196, 195, 196, 196, 196, 197, 196, 196, 196, 196, 196, 195, 195, 194, 194, 194, 193, 193, 193
2010,14204010,204,CH4 ,10PPBC,10,31, 192, 193, 193, 192, 192, 192, 192, 191, 192, 192, 191, 191, 191, 192, 192, 192, 193, 193, 195, 196, 196, 196, 197, 199
2010,14204010,204,CH4 ,10PPBC,11, 1, 196, 195, 195, 192, 191, 191, 191, 191, 190, 190, 189, 189, 188, 186, 186, 185, 186, 187, 187, 188, 188, 190, 196, 199
2010,14204010,204,CH4 ,10PPBC,11, 2, 196, 193, 194, 196, 196, 194, 195, 196, 194, 193, 191,9999,9999, 176, 181, 182, 183, 184, 186, 187, 188, 190, 191, 192
2010,14204010,204,CH4 ,10PPBC,11, 3, 191, 191, 191, 191, 191, 191, 192, 192, 192, 191, 189, 190, 191, 192, 189, 191, 189, 190, 190, 190, 191, 192, 193, 193
2010,14204010,204,CH4 ,10PPBC,11, 4, 193, 192, 191, 192, 192, 193, 194, 193, 193, 195, 196, 200, 196, 191, 188, 187, 187, 190, 193, 194, 196, 199, 209, 208
2010,14204010,204,CH4 ,10PPBC,11, 5, 200, 196, 195, 195, 195, 195, 196, 199, 194, 190, 189, 189, 190, 190, 188, 186, 189, 188, 191, 194, 194, 195, 200, 203
2010,14204010,204,CH4 ,10PPBC,11, 6, 198, 196, 195, 194, 194, 193, 193, 195, 195, 192, 190, 192, 203, 195, 193, 191, 190, 191, 193, 197, 199, 200, 201, 209
2010,14204010,204,CH4 ,10PPBC,11, 7, 208, 196, 193, 191, 191, 191, 191, 191, 191, 191, 190, 191, 190, 188, 188, 187, 187, 190, 192, 193, 194, 195, 201, 206
2010,14204010,204,CH4 ,10PPBC,11, 8, 202, 195, 195, 194, 192, 193, 194, 195, 194, 194, 193, 195, 195, 193, 194, 192, 190, 186, 184, 184, 183, 183, 183, 183
2010,14204010,204,CH4 ,10PPBC,11, 9, 183, 192, 194, 186, 184, 184, 184, 185, 185, 185, 184,9999, 183, 183, 183, 183, 185, 187, 187, 189, 190, 189, 189, 191
2010,14204010,204,CH4 ,10PPBC,11,10, 191, 191, 192, 192, 191, 192, 195, 205, 207, 200, 191, 188, 187, 186, 184, 184, 184, 186, 189, 189, 190, 191, 192, 193
2010,14204010,204,CH4 ,10PPBC,11,11, 194, 194, 194, 193, 193, 193, 194, 195, 194, 193, 195, 192, 192, 192, 190, 190, 190, 192, 193, 195, 198, 200, 202, 208
2010,14204010,204,CH4 ,10PPBC,11,12, 209, 210, 207, 201, 200, 199, 199, 199, 203, 208, 204, 191, 187, 187, 186, 186, 186, 187, 188, 189, 190, 193, 194, 197
2010,14204010,204,CH4 ,10PPBC,11,13, 200, 199, 196, 196, 195, 197, 196, 195, 195, 197, 198, 192, 194, 194, 192, 190, 190, 192, 192, 193, 202, 206, 204, 201
2010,14204010,204,CH4 ,10PPBC,11,14, 198, 198, 197, 195, 196, 196, 196, 196, 196, 197, 197, 198, 197, 198, 196, 194, 193, 196, 197, 199, 202, 201, 202, 202
2010,14204010,204,CH4 ,10PPBC,11,15, 202, 201, 205, 206, 206, 206, 201, 197, 195, 192, 190, 193, 191, 194, 190, 188, 188, 190, 190, 191, 192, 193, 195, 195
2010,14204010,204,CH4 ,10PPBC,11,16, 195, 194, 195, 197, 194, 195, 198, 197, 194, 192,9999, 193, 192, 191, 191, 190, 190, 191, 193, 192, 190, 191, 199, 202
2010,14204010,204,CH4 ,10PPBC,11,17, 202, 200, 198, 196, 196, 196, 195, 196, 197, 194, 192, 192, 191, 191, 190, 190, 190, 191,9999,9999, 190, 191, 190, 190
2010,14204010,204,CH4 ,10PPBC,11,18, 191, 191, 193, 192, 191, 190, 191, 192, 193, 192, 191, 189, 191, 190, 189, 187, 188, 190, 191, 193, 193, 194, 195, 196
2010,14204010,204,CH4 ,10PPBC,11,19, 194, 194, 192, 191, 191, 192, 192, 192, 192, 191, 190, 190, 190, 193, 197, 189, 189, 189, 192, 192, 192, 194, 211, 207
2010,14204010,204,CH4 ,10PPBC,11,20, 205, 199, 195, 195, 193, 193, 192, 193, 192, 192, 190, 191, 191, 191, 189, 189, 190, 193, 197, 198, 198, 197, 195, 194
2010,14204010,204,CH4 ,10PPBC,11,21, 193, 192, 191, 191, 191, 190, 190, 190, 190, 190, 189, 189, 188, 189, 190, 192, 193, 195, 198, 199, 201, 202, 204, 204
2010,14204010,204,CH4 ,10PPBC,11,22, 198, 195, 194, 192, 193, 193, 193, 193, 194, 194, 194, 194, 192, 190, 191, 192, 192, 192, 191, 191, 190, 191, 191, 191
2010,14204010,204,CH4 ,10PPBC,11,23, 190, 188, 186, 186, 186, 184, 184, 184, 184, 185, 185, 187, 187, 187, 187, 188, 191, 189, 189, 191, 191, 193, 191, 191
2010,14204010,204,CH4 ,10PPBC,11,24, 192, 191, 190, 189, 190, 191, 191, 193, 193, 192, 191, 192, 192, 191, 191, 190, 189, 191, 192, 192, 195, 197, 196, 196
2010,14204010,204,CH4 ,10PPBC,11,25, 204, 208, 207, 203, 199, 197, 199, 200, 198, 197, 197,9999, 199, 202, 201, 198, 197, 198, 200, 199, 198, 198, 197, 196
2010,14204010,204,CH4 ,10PPBC,11,26, 195, 195, 196, 194, 193, 194, 194, 193, 194, 195, 192, 191, 189, 188, 194, 197, 205, 194, 195, 196, 202, 199, 192, 192
2010,14204010,204,CH4 ,10PPBC,11,27, 191, 192, 191, 191, 191, 190, 191, 192, 191, 191, 191, 191, 193, 192, 188, 187, 189, 191, 191, 191, 191, 194, 198, 202
2010,14204010,204,CH4 ,10PPBC,11,28, 205, 204, 197, 187, 187, 188, 188, 188, 188, 189, 188, 188, 187, 187, 186, 186, 187, 188, 191, 191, 191, 190, 191, 191
2010,14204010,204,CH4 ,10PPBC,11,29, 192, 191, 191, 191, 192, 191, 192, 194, 198, 206, 198, 191, 189, 188, 188, 187, 188, 190, 190, 192, 193, 196, 197, 195
2010,14204010,204,CH4 ,10PPBC,11,30, 195, 197, 197, 194, 194, 194, 194, 195, 195, 193,9999, 195, 192, 191, 189, 188, 189, 191, 190, 189, 189, 189, 189, 190
2010,14204010,204,CH4 ,10PPBC,11,31,9998,9998,9998,9998,9998,9998,9998,9998,9998,9998,9998,9998,9998,9998,9998,9998,9998,9998,9998,9998,9998,9998,9998,9998
2010,14204010,204,CH4 ,10PPBC,12, 1, 193, 196, 197, 196, 197, 197, 198, 202, 203, 196, 195, 197, 199, 192, 192, 193, 195, 196, 197, 198, 198, 202, 205, 211
2010,14204010,204,CH4 ,10PPBC,12, 2, 202, 198, 197, 196, 196, 196, 195, 196, 195, 194, 194, 194, 196, 195, 195, 196, 196, 197, 198, 200, 201, 200, 200, 202
2010,14204010,204,CH4 ,10PPBC,12, 3, 201, 201, 199, 198, 190, 182, 182, 181, 180, 179, 179, 180, 181, 183, 182, 181, 181, 181, 185, 186, 188, 188, 188, 189
2010,14204010,204,CH4 ,10PPBC,12, 4, 189, 188, 188, 189, 189, 189, 191, 193, 194, 190, 188, 188, 188, 187, 187, 185, 187, 190, 190, 192, 191, 192, 192, 192
2010,14204010,204,CH4 ,10PPBC,12, 5, 193, 194, 194, 195, 195, 196, 194, 195, 195, 193, 197, 200, 196, 192, 191, 191, 192, 195, 197, 198, 197, 202, 217, 204
2010,14204010,204,CH4 ,10PPBC,12, 6, 198, 197, 195, 194, 195, 194, 194, 194, 194, 193, 196, 198, 195, 191, 190, 189, 191, 188, 187, 188, 192, 197, 198, 202
2010,14204010,204,CH4 ,10PPBC,12, 7, 204, 204, 202, 201, 198, 199, 211, 216, 209, 197,9999,9999,9999, 186, 186, 187, 189, 188, 188, 189, 189, 189, 188, 189
2010,14204010,204,CH4 ,10PPBC,12, 8, 189, 188, 189, 189, 188, 188, 188, 189, 191, 189, 188, 187, 187, 186, 186, 185, 186, 189, 189, 189, 192, 192, 192, 191
2010,14204010,204,CH4 ,10PPBC,12, 9, 192, 191, 191, 190, 190, 191, 192, 192, 193, 191, 189, 187, 186, 186, 186, 185, 187, 187, 188, 189, 191, 193, 197, 195
2010,14204010,204,CH4 ,10PPBC,12,10, 196, 195, 195, 194, 194, 193, 192, 192, 193, 192, 191, 192, 192, 191, 189, 188, 188, 190, 194, 196, 194, 193, 197, 198
2010,14204010,204,CH4 ,10PPBC,12,11, 196, 195, 195, 194, 207, 211, 201, 188, 188, 187, 187, 186, 186, 185, 184, 182, 184, 185, 186, 185, 184, 185, 185, 187
2010,14204010,204,CH4 ,10PPBC,12,12, 186, 190, 192, 193, 193, 191, 190, 190, 190, 190, 189, 189, 189, 193, 192, 189, 191, 191, 192, 190, 191, 191, 191, 193
2010,14204010,204,CH4 ,10PPBC,12,13, 192, 192, 193, 193, 192, 192, 192, 192, 192, 191, 191, 191, 190, 190, 191, 191, 191, 191, 191, 191, 192, 192, 193, 194
2010,14204010,204,CH4 ,10PPBC,12,14, 195, 196, 197, 197, 193, 190, 189, 189, 190,9999, 190, 189, 187, 187, 187, 187, 187, 190, 189, 191, 192, 194, 196, 195
2010,14204010,204,CH4 ,10PPBC,12,15, 197, 196, 188, 185, 185, 186, 187, 191, 191, 189, 190, 191, 190, 186, 186, 187, 188, 189, 188, 188, 188, 189, 189, 190
2010,14204010,204,CH4 ,10PPBC,12,16, 190, 190, 192, 195, 194, 194, 194, 194, 194, 195, 193, 189, 189, 189, 188, 189, 200, 194, 195, 195, 196, 195, 195, 197
2010,14204010,204,CH4 ,10PPBC,12,17, 197, 198, 197, 196, 194, 194, 198, 198, 196, 195, 193, 190, 189, 191, 193, 190, 191, 192, 193, 195, 195, 197, 209, 217
2010,14204010,204,CH4 ,10PPBC,12,18, 217, 209, 205, 201, 202, 201, 199, 199, 200, 192, 189, 189, 189, 193, 196, 202, 197, 191, 192, 192, 193, 194, 195, 195
2010,14204010,204,CH4 ,10PPBC,12,19, 195, 195, 193, 193, 193, 194, 195, 197, 197, 195, 194, 195, 194, 194, 195, 193, 194, 194, 199, 205, 208, 207, 204, 201
2010,14204010,204,CH4 ,10PPBC,12,20, 198, 199, 197, 196, 196, 196, 197, 199, 200, 201, 194, 187, 185, 185, 184, 184, 196, 216, 217, 208, 193, 192, 191, 191
2010,14204010,204,CH4 ,10PPBC,12,21, 192, 197, 203, 200, 203, 199, 197, 196, 197,9999,9999, 192, 193, 192, 192, 192, 193, 193, 193, 192, 192, 191, 191, 191
2010,14204010,204,CH4 ,10PPBC,12,22, 191, 191, 192, 193, 190, 188, 188, 188, 188, 188, 186, 182, 182, 182, 182, 181, 183, 184, 186, 187, 191, 196, 200, 199
2010,14204010,204,CH4 ,10PPBC,12,23, 199, 194, 192, 193, 193, 192, 192, 193, 193, 189, 187, 186, 186, 185, 185, 185, 186, 190, 192, 193, 195, 195, 197, 197
2010,14204010,204,CH4 ,10PPBC,12,24, 196, 194, 197, 198, 191, 189, 189, 190, 190, 189, 189, 188, 188, 187, 186, 184, 185, 187, 191, 192, 194, 196, 195, 196
2010,14204010,204,CH4 ,10PPBC,12,25, 195, 194, 194, 192, 190, 190, 188, 189, 189, 189, 187, 187, 187, 187, 187, 185, 186, 187, 187, 187, 188, 188, 188, 189
2010,14204010,204,CH4 ,10PPBC,12,26, 189, 189, 189, 189, 189, 188, 189, 191, 190, 188, 187, 187, 186, 186, 186, 186, 187, 188, 188, 189, 189, 190, 192, 193
2010,14204010,204,CH4 ,10PPBC,12,27, 190, 189, 190, 190, 190, 190, 190, 189, 190,9999, 188, 189, 189, 188, 187, 186, 187, 189, 193, 194, 197, 199, 201, 202
2010,14204010,204,CH4 ,10PPBC,12,28, 203, 201, 204, 202, 199, 200, 199, 199, 202, 201, 195, 189, 188, 187, 186, 185, 186, 187, 187, 187, 187, 186, 186, 189
2010,14204010,204,CH4 ,10PPBC,12,29, 196, 195, 192, 196, 198, 197, 195, 197, 198, 194, 192, 190, 190, 190, 189, 187, 188, 189, 191, 191, 192, 193, 194, 196
2010,14204010,204,CH4 ,10PPBC,12,30, 196, 196, 196, 195, 194, 194, 195, 196, 197, 201, 196, 192, 192, 192, 187, 187, 199, 197, 194, 194, 194, 195, 197, 196
2010,14204010,204,CH4 ,10PPBC,12,31, 197, 200, 204, 203, 201, 200, 200, 200, 199, 194, 191, 188, 188, 187, 187, 186, 187, 191, 195, 198, 199, 201, 200, 201
2010,14204010,204,CH4 ,10PPBC, 1, 1, 197, 197, 197, 196, 196, 195, 196, 195, 197, 193, 191, 190, 190, 192, 191, 192, 195, 197, 199, 200, 198, 199, 198, 200
2010,14204010,204,CH4 ,10PPBC, 1, 2, 201, 199, 192, 193, 204, 203, 201, 200, 198, 198, 198, 194, 194, 195, 194, 193, 192, 195, 196, 194, 195, 196, 195, 195
2010,14204010,204,CH4 ,10PPBC, 1, 3, 193, 194, 194, 194, 195, 194, 196, 195, 195, 196, 194, 192, 193, 193, 196, 193, 192, 193, 197, 201, 201, 205, 207, 201
2010,14204010,204,CH4 ,10PPBC, 1, 4, 196, 195, 194, 193, 193, 193, 193, 194, 194, 193, 192, 189, 189, 188, 188, 187, 188, 191, 193, 199, 199, 196, 196, 195
2010,14204010,204,CH4 ,10PPBC, 1, 5, 197, 194, 195, 195, 193, 194, 196, 198, 195, 193,9999,9999, 187, 189, 188, 187, 187, 187, 188, 188, 189, 191, 189, 193
2010,14204010,204,CH4 ,10PPBC, 1, 6, 192, 189, 188, 189, 188, 189, 191, 192, 191, 190, 189, 188, 187, 188, 188, 189, 190, 190, 190, 191, 192, 192, 192, 192
2010,14204010,204,CH4 ,10PPBC, 1, 7, 192, 191, 192, 192, 192, 193, 193, 193, 193, 192, 191, 190, 190, 189, 188, 188, 188, 190, 191, 191, 193, 193, 193, 192
2010,14204010,204,CH4 ,10PPBC, 1, 8, 193, 193, 194, 194, 194, 193, 193, 194, 194, 193, 192, 190, 190, 190, 189, 188, 189, 190, 190, 190, 196, 199, 198, 201
2010,14204010,204,CH4 ,10PPBC, 1, 9, 199, 199, 198, 196, 196, 195, 194, 192, 191, 189, 188, 187, 187, 187, 186, 185, 187, 195, 201, 194, 190, 192, 194, 193
2010,14204010,204,CH4 ,10PPBC, 1,10, 191, 192, 193, 193, 194, 194, 194, 194, 194, 193, 192, 192, 191, 191, 191, 191, 192, 193, 194, 195, 195, 196, 196, 195
2010,14204010,204,CH4 ,10PPBC, 1,11, 195, 194, 194, 194, 195, 195, 196, 197, 197, 198, 194, 192, 193, 196, 195, 193, 193, 194, 198, 199, 198, 198, 205, 197
2010,14204010,204,CH4 ,10PPBC, 1,12, 207, 207, 209, 203, 203, 200, 198, 198, 199, 198, 196, 193, 191,9999, 188, 187, 194, 198, 198, 191, 191, 191, 192, 192
2010,14204010,204,CH4 ,10PPBC, 1,13, 192, 193, 193, 192, 193, 193, 193, 194, 193, 192, 192, 191, 190, 190, 191, 192, 192, 191, 192, 193, 195, 195, 194, 196
2010,14204010,204,CH4 ,10PPBC, 1,14, 196, 196, 195, 195, 196, 197, 198, 200, 203, 202, 202, 197, 194, 192, 191, 190, 190, 192, 193, 195, 196, 205, 208, 207
2010,14204010,204,CH4 ,10PPBC, 1,15, 205, 201, 198, 199, 200, 200, 202, 207, 213, 197, 193, 189, 189, 188, 188, 188, 188, 189, 194, 196, 191, 193, 201, 198
2010,14204010,204,CH4 ,10PPBC, 1,16, 197, 197, 198, 196, 197, 197, 193, 193, 192, 192, 191, 191, 190, 189, 189, 189, 189, 191, 193, 193, 193, 193, 193, 192
2010,14204010,204,CH4 ,10PPBC, 1,17, 193, 193, 192, 193, 193, 194, 195, 197, 202, 200, 191, 190, 189, 188, 187, 187, 187, 189, 190, 192, 191, 192, 195, 196
2010,14204010,204,CH4 ,10PPBC, 1,18, 196, 196, 195, 196, 198, 197, 196, 203, 209, 205, 202,9999,9999, 188, 192, 191, 191, 195, 196, 195, 197, 204, 205, 198
2010,14204010,204,CH4 ,10PPBC, 1,19, 195, 195, 196, 197, 200, 199, 199, 201, 200, 199, 197, 195, 196, 195, 194, 191, 192, 195,9999,9999,9999, 195, 198, 201
2010,14204010,204,CH4 ,10PPBC, 1,20, 201, 201, 202, 202, 201, 199, 202, 203, 196, 196, 193, 193, 190, 190, 190, 189, 189, 191, 192, 193, 193, 194, 194, 194
2010,14204010,204,CH4 ,10PPBC, 1,21, 194, 194, 194, 194, 194, 194, 194, 194, 194, 193, 193, 192, 191, 191, 191, 191, 191, 193, 194, 197, 197, 199, 199, 197
2010,14204010,204,CH4 ,10PPBC, 1,22, 195, 195, 193, 194, 193, 193, 193, 195, 195, 192, 192, 190, 190, 190, 190, 189, 188, 191, 193, 196, 199, 200, 196, 198
2010,14204010,204,CH4 ,10PPBC, 1,23, 201, 201, 204, 205, 204, 204, 202, 201, 198, 197, 198, 199, 200, 202, 201, 196, 197, 197, 198, 200, 196, 196, 198, 199
2010,14204010,204,CH4 ,10PPBC, 1,24, 200, 199, 199, 199, 198, 199, 198, 198, 199, 199, 201, 202, 198, 197, 199, 200, 202, 203, 198, 197, 197, 195, 196, 197
2010,14204010,204,CH4 ,10PPBC, 1,25, 198, 198, 200, 199, 198, 198, 199, 200, 201, 199,9999, 194, 195, 195, 194, 193, 193, 196, 198, 195, 195, 194, 196, 197
2010,14204010,204,CH4 ,10PPBC, 1,26, 198, 198, 198, 199, 199, 199, 201, 203, 202, 198, 196, 196, 195, 194, 192, 191, 190, 192, 196, 196, 194, 195, 196, 196
2010,14204010,204,CH4 ,10PPBC, 1,27, 196, 197, 197, 198, 198, 198, 197, 200, 203, 199, 194, 193, 192, 192, 192, 190, 190, 193, 194, 194, 194, 195, 195, 196
2010,14204010,204,CH4 ,10PPBC, 1,28, 196, 196, 197, 197, 198, 198, 198, 198, 200, 198, 195, 194, 193, 193, 192, 192, 194, 196, 194, 194, 194, 194, 195, 196
2010,14204010,204,CH4 ,10PPBC, 1,29, 195, 195, 194, 194, 194, 195, 196, 197, 197, 197, 197, 195, 193, 193, 192, 191, 190, 193, 197, 199, 202, 211, 208, 203
2010,14204010,204,CH4 ,10PPBC, 1,30, 204, 202, 201, 202, 202, 197, 197, 197, 196, 193, 193, 193, 192, 191, 191, 191, 191, 194, 195, 196, 196, 197, 196, 197
2010,14204010,204,CH4 ,10PPBC, 1,31, 198, 198, 199, 199, 199, 201, 201, 200, 200, 197, 193, 193, 193, 193, 192, 191, 191, 194, 194, 196, 199, 199, 206, 212
2010,14204010,204,CH4 ,10PPBC, 2, 1, 211, 207, 206, 207, 205, 206, 205, 205, 204,9999,9999, 188, 188, 187, 186, 185, 186, 189, 192, 194, 193, 195, 195, 194
2010,14204010,204,CH4 ,10PPBC, 2, 2, 196, 193, 192, 191, 191, 192, 192, 192, 194, 193, 193, 194, 194, 189, 190, 192, 192, 192, 195, 196, 194, 192, 192, 205
2010,14204010,204,CH4 ,10PPBC, 2, 3, 207, 202, 198, 195, 195, 196, 197, 199, 198, 198, 199, 202, 196, 193, 190, 189, 188, 188, 190, 191, 189, 190, 195, 193
2010,14204010,204,CH4 ,10PPBC, 2, 4, 195, 195, 193, 193, 195, 198, 197, 196, 196, 197, 197, 191, 195, 200, 197, 192, 188, 190, 194, 196, 198, 200, 201, 205
2010,14204010,204,CH4 ,10PPBC, 2, 5, 212, 211, 202, 200, 199, 198, 198, 197, 196, 194, 191, 192, 193, 196, 193, 193, 194, 194, 198, 201, 202, 206, 208, 207
2010,14204010,204,CH4 ,10PPBC, 2, 6, 200, 195, 195, 201, 201, 203, 201, 199, 199, 199, 197, 194, 194, 193, 194, 194, 194, 195, 197, 198, 202, 205, 203, 200
2010,14204010,204,CH4 ,10PPBC, 2, 7, 200, 199, 198, 198, 198, 199, 197, 198, 198, 191, 189, 189, 188, 188, 188, 189, 190, 190, 190, 191, 191, 192, 192, 192
2010,14204010,204,CH4 ,10PPBC, 2, 8, 191, 191, 191, 190, 190, 191, 192, 194, 197, 195, 192,9999,9999,9999,9999,9999,9999,9999,9999,9999,9999,9999,9999,9999
2010,14204010,204,CH4 ,10PPBC, 2, 9,9999,9999,9999,9999,9999,9999,9999,9999,9999,9999,9999,9999,9999,9999,9999,9999, 184, 184, 186, 190, 192, 198, 195, 188
2010,14204010,204,CH4 ,10PPBC, 2,10, 185, 186, 185, 184, 184, 184, 185, 185, 185, 184, 184, 184, 185, 186, 186, 184, 183, 184, 186, 187, 187, 185, 184, 185
2010,14204010,204,CH4 ,10PPBC, 2,11, 184, 185, 185, 184, 185, 185, 185, 185, 185, 185, 185, 186, 186, 186, 186, 185, 186, 187, 187, 188, 189, 189, 189, 190
2010,14204010,204,CH4 ,10PPBC, 2,12, 190, 191, 192, 193, 193, 194, 193, 194, 193, 191, 191, 191, 191, 191, 189, 189, 189, 189, 190, 189, 190, 193, 196, 199
2010,14204010,204,CH4 ,10PPBC, 2,13, 199, 199, 198, 194, 192, 192, 194, 194, 191, 190, 189, 188, 188, 188, 189, 189, 187, 189, 193, 193, 194, 193, 193, 192
2010,14204010,204,CH4 ,10PPBC, 2,14, 193, 192, 192, 191, 192, 192, 192, 193, 193, 192, 192, 193, 191, 189, 191, 196, 192, 191, 191, 191, 191, 191, 190, 190
2010,14204010,204,CH4 ,10PPBC, 2,15, 189, 189, 188, 187, 188, 188, 188, 188, 187, 188,9999,9999, 189, 188, 188, 188, 188, 189, 190, 192, 192, 193, 192, 192
2010,14204010,204,CH4 ,10PPBC, 2,16, 193, 193, 196, 195, 196, 197, 198, 199, 198, 196, 196, 196, 195, 193, 190, 188, 187, 189, 191, 197, 192, 198, 196, 201
2010,14204010,204,CH4 ,10PPBC, 2,17, 198, 198, 198, 199, 200, 200, 202, 219, 227, 243, 225, 198, 196, 189, 185, 184, 183, 184, 185, 185, 185, 185, 184, 183
2010,14204010,204,CH4 ,10PPBC, 2,18, 182, 182, 181, 181, 181, 180, 180, 180, 183, 184, 185, 184, 183, 183, 183, 183, 184, 185, 187, 188, 188, 189, 189, 190
2010,14204010,204,CH4 ,10PPBC, 2,19, 189, 189, 190, 190, 190, 190, 190, 191, 190, 189, 189, 190, 191, 190, 189, 188, 189, 191, 191, 189, 192, 191, 193, 201
2010,14204010,204,CH4 ,10PPBC, 2,20, 198, 197, 198, 198, 195, 192, 193, 193, 193, 193, 193, 192, 191, 191, 192, 193, 192, 192, 192, 190, 190, 191, 192, 191
2010,14204010,204,CH4 ,10PPBC, 2,21, 191, 192, 190, 191, 191, 191, 192, 193, 192, 190, 189, 189, 189, 189, 188, 188, 187, 187, 188, 188, 189, 190, 195, 192
2010,14204010,204,CH4 ,10PPBC, 2,22, 192, 191, 192, 192, 192, 194, 197, 198, 196, 193, 190,9999, 191, 190, 189, 188, 187, 187, 189, 190, 190, 190, 190, 191
2010,14204010,204,CH4 ,10PPBC, 2,23, 191, 193, 194, 195, 194, 192, 192, 192, 191, 190, 192, 194, 193, 189, 188, 187, 187, 187, 188, 190, 192, 193, 193, 195
2010,14204010,204,CH4 ,10PPBC, 2,24, 200, 199, 197, 204, 197, 197, 198, 204, 206, 202, 202, 197, 189, 186, 187, 186, 186, 186, 185, 185, 185, 184, 184, 184
2010,14204010,204,CH4 ,10PPBC, 2,25, 184, 183, 183, 183, 183, 183, 183, 183, 182, 182, 182, 181, 181, 181, 180, 179, 179, 180, 182, 183, 185, 189, 188, 188
2010,14204010,204,CH4 ,10PPBC, 2,26, 189, 189, 189, 189, 190, 190, 191, 191, 191, 191, 191, 192, 192, 191, 190, 189, 188, 189, 190, 192, 194, 193, 193, 193
2010,14204010,204,CH4 ,10PPBC, 2,27, 193, 195, 201, 205, 205, 201, 200, 200, 193, 188, 187, 186, 186, 185, 185, 183, 182, 183, 185, 185, 186, 192, 193, 194
2010,14204010,204,CH4 ,10PPBC, 2,28, 200, 199, 204, 201, 194, 194, 193, 193, 192, 192, 191, 190, 190, 190, 191, 192, 191, 191, 191, 192, 193, 192, 192, 192
2010,14204010,204,CH4 ,10PPBC, 2,29,9998,9998,9998,9998,9998,9998,9998,9998,9998,9998,9998,9998,9998,9998,9998,9998,9998,9998,9998,9998,9998,9998,9998,9998
2010,14204010,204,CH4 ,10PPBC, 2,30,9998,9998,9998,9998,9998,9998,9998,9998,9998,9998,9998,9998,9998,9998,9998,9998,9998,9998,9998,9998,9998,9998,9998,9998
2010,14204010,204,CH4 ,10PPBC, 2,31,9998,9998,9998,9998,9998,9998,9998,9998,9998,9998,9998,9998,9998,9998,9998,9998,9998,9998,9998,9998,9998,9998,9998,9998
2010,14204010,204,CH4 ,10PPBC, 3, 1, 192, 191, 192, 192, 192, 192, 193, 194, 195, 193, 192,9999,9999, 198, 195, 192, 201, 197, 197, 194, 193, 194, 195, 196
2010,14204010,204,CH4 ,10PPBC, 3, 2, 196, 196, 196, 196, 198, 192, 193, 196, 199, 193, 191, 190, 190, 190, 190, 191, 190, 188, 189, 190, 191, 192, 193, 195
2010,14204010,204,CH4 ,10PPBC, 3, 3, 195, 193, 192, 192, 192, 192, 194, 193, 192, 190, 190, 190, 189, 189, 188, 190, 191, 190, 190, 190, 191, 191, 190, 192
2010,14204010,204,CH4 ,10PPBC, 3, 4, 193, 193, 193, 193, 194, 194, 194, 193, 192, 190, 190, 190, 189, 189, 189, 189, 189, 190, 191, 192, 193, 195, 196, 197
2010,14204010,204,CH4 ,10PPBC, 3, 5, 196, 197, 197, 195, 195, 199, 198, 195, 193, 191, 191, 191, 191, 190, 190, 189, 188, 188, 189, 190, 191, 190, 190, 191
2010,14204010,204,CH4 ,10PPBC, 3, 6, 190, 190, 190, 195, 199, 196, 196, 197, 190, 189, 188, 187, 187, 186, 185, 184, 183, 184, 186, 196, 192, 190, 191, 194
2010,14204010,204,CH4 ,10PPBC, 3, 7, 197, 199, 199, 198, 196, 193, 191, 191, 192, 192, 194, 193, 190, 190, 190, 191, 191, 195, 194, 192, 197, 197, 196, 194
2010,14204010,204,CH4 ,10PPBC, 3, 8, 192, 196, 195, 196, 198, 198, 201, 202, 198,9999, 192, 192, 193, 194, 194, 190, 189, 190, 192, 194, 193, 201, 204, 204
2010,14204010,204,CH4 ,10PPBC, 3, 9, 203, 202, 197, 197, 198, 198, 197, 196, 194, 196, 193, 191, 189, 190, 189, 185, 184, 185, 186, 187, 188, 188, 189, 190
2010,14204010,204,CH4 ,10PPBC, 3,10, 191, 192, 192, 192, 192, 193, 193, 193, 193, 192, 191, 191, 190, 189, 189, 188, 188, 189, 191, 192, 191, 191, 193, 199
2010,14204010,204,CH4 ,10PPBC, 3,11, 199, 198, 199, 199, 196, 194, 195, 196, 193, 191, 190, 189, 189, 188,9999, 186, 186, 186, 189, 189,9999, 190, 191, 192
2010,14204010,204,CH4 ,10PPBC, 3,12, 192, 193, 195, 195, 196, 198, 200, 196, 194, 192, 191, 192, 192, 191, 190, 191, 192, 194, 197, 196, 193, 193, 196, 197
2010,14204010,204,CH4 ,10PPBC, 3,13, 197, 197, 196, 196, 197, 197, 197, 198, 196, 193, 192, 192, 191, 191, 190, 189, 188, 187, 188, 187, 191, 196, 197, 196
2010,14204010,204,CH4 ,10PPBC, 3,14, 196, 196, 195, 194, 195, 196, 199, 191, 189, 187, 187, 186, 185, 185, 184, 185, 184, 185, 186, 185, 186, 185, 185, 185
2010,14204010,204,CH4 ,10PPBC, 3,15, 185, 184, 186, 189, 191, 191, 193, 191, 190, 190, 188, 191, 193, 191, 189, 188, 189, 189, 191, 194, 196, 192, 189, 188
2010,14204010,204,CH4 ,10PPBC, 3,16, 187, 193, 194, 189, 189, 189, 190, 193, 192, 192, 189, 188,9999, 185, 186,9999, 187, 188, 189, 190, 191, 192, 191, 192
2010,14204010,204,CH4 ,10PPBC, 3,17, 192, 192, 191, 193, 193, 193, 193, 192, 192,9999, 189, 188,9999, 188, 188, 188, 187,9999, 188, 189,9999, 190, 191, 192
2010,14204010,204,CH4 ,10PPBC, 3,18, 192, 192, 192, 191, 191, 192,9999, 191, 191,9999, 191, 191, 191, 190, 189, 188, 187, 187, 189, 189, 189, 189, 189, 189
2010,14204010,204,CH4 ,10PPBC, 3,19, 189, 189, 189, 188, 189, 189, 188, 188, 187, 187, 187, 187, 187, 186, 186, 184, 184, 184, 186, 188, 192, 194, 194, 191
2010,14204010,204,CH4 ,10PPBC, 3,20, 189, 193, 193, 191, 192, 192, 194, 194, 193, 197, 195, 192, 191, 191, 189, 186, 184, 184, 184, 184, 185, 184, 184, 183
2010,14204010,204,CH4 ,10PPBC, 3,21, 183, 183, 183, 182, 183, 183, 183, 184, 191, 191, 191, 190, 192, 193, 188, 188, 189, 190, 189, 189, 189, 189, 189, 189
2010,14204010,204,CH4 ,10PPBC, 3,22, 191, 197, 197, 195, 190, 190, 191, 191, 191,9999, 189, 189,9999, 189, 190, 189, 189, 190, 191, 191, 194, 197, 198, 200
2010,14204010,204,CH4 ,10PPBC, 3,23, 197, 196, 193, 191, 190, 191, 191, 193, 193, 192, 192, 192, 191, 190, 190, 190, 190, 190, 190, 191, 191, 191, 191, 190
2010,14204010,204,CH4 ,10PPBC, 3,24, 191, 193, 195, 196, 197, 197, 197, 198, 196, 193, 192,9999, 189, 189, 188, 188, 188, 188,9999, 188,9999, 190, 191, 191
2010,14204010,204,CH4 ,10PPBC, 3,25, 194, 193, 193, 192, 192, 193, 195, 197, 196, 194, 192, 190, 189, 189, 188, 187, 187, 188, 189, 189, 189, 190, 191, 191
2010,14204010,204,CH4 ,10PPBC, 3,26, 192, 193, 192, 192, 192, 192, 192, 192, 191, 190, 189, 188, 189, 189, 188, 188, 187, 187, 188, 189, 190, 191, 190, 191
2010,14204010,204,CH4 ,10PPBC, 3,27, 191, 192, 191, 191, 192, 193, 193, 192, 191, 190, 190, 190, 189, 190, 190, 188, 187, 188, 189, 191, 190, 191, 190, 191
2010,14204010,204,CH4 ,10PPBC, 3,28, 191, 191, 192, 191, 192, 193, 193, 194, 193, 191, 190, 191, 190, 189, 187, 187, 185, 186, 187, 188, 190, 191, 191, 190
2010,14204010,204,CH4 ,10PPBC, 3,29, 188, 189, 191, 191, 194, 195, 197, 195, 194, 191,9999, 187, 187, 189, 187, 186, 185, 185, 187, 190, 191, 194, 194, 192
2010,14204010,204,CH4 ,10PPBC, 3,30, 191, 192, 192, 192, 192, 193, 193, 192, 191, 191, 190, 189, 188, 187, 187, 185, 184, 184, 186, 189, 190, 192, 189, 188
2010,14204010,204,CH4 ,10PPBC, 3,31, 189, 190, 190, 190, 190, 191, 191, 192, 191, 189, 189, 188, 188, 187, 188, 186, 184, 184, 185, 188, 189, 189, 189, 189
2010,14205010,205,CH4 ,10PPBC, 4, 1, 188, 196, 191, 185, 185, 184, 185, 185, 184, 183, 183, 182, 182, 181, 181, 181, 182, 182, 183, 183, 183, 184, 182, 182
2010,14205010,205,CH4 ,10PPBC, 4, 2, 181, 181, 181, 181, 180, 180, 180, 180, 180, 180, 180, 181, 182, 183, 184, 193, 188,9999,9999,9999,9999,9999,9999,9999
2010,14205010,205,CH4 ,10PPBC, 4, 3,9999,9999,9999,9999,9999,9999,9999,9999,9999,9999,9999,9999,9999,9999,9999,9999,9999,9999,9999,9999,9999,9999,9999,9999
2010,14205010,205,CH4 ,10PPBC, 4, 4,9999,9999,9999,9999,9999,9999,9999,9999,9999,9999,9999,9999,9999,9999,9999,9999,9999,9999,9999,9999,9999,9999,9999,9999
2010,14205010,205,CH4 ,10PPBC, 4, 5,9999,9999,9999,9999,9999,9999,9999,9999,9999,9999,9999,9999, 188, 188, 187, 187, 187, 189, 187, 187, 189, 190, 190, 191
2010,14205010,205,CH4 ,10PPBC, 4, 6, 192, 191, 191, 191, 189, 190, 191, 191, 190, 186,9999,9999,9999,9999,9999,9999,9999,9999,9999,9999,9999,9999,9999,9999
2010,14205010,205,CH4 ,10PPBC, 4, 7,9999,9999,9999,9999,9999,9999,9999,9999,9999,9999,9999,9999,9999,9999,9999,9999,9999,9999,9999,9999,9999,9999,9999,9999
2010,14205010,205,CH4 ,10PPBC, 4, 8,9999,9999,9999,9999,9999,9999,9999,9999,9999,9999,9999,9999,9999,9999,9999,9999,9999,9999,9999,9999,9999,9999,9999, 192
2010,14205010,205,CH4 ,10PPBC, 4, 9, 196, 197, 194,9999, 196, 197, 197, 196, 197, 196,9999,9999,9999, 188, 186, 187, 185, 185, 186, 187,9999,9999, 199, 197
2010,14205010,205,CH4 ,10PPBC, 4,10, 198, 197, 196, 193, 192, 191, 193, 194, 193, 191, 192,9999,9999,9999,9999,9999,9999,9999,9999,9999,9999,9999,9999,9999
2010,14205010,205,CH4 ,10PPBC, 4,11,9999,9999,9999,9999,9999,9999,9999,9999,9999,9999,9999,9999,9999,9999,9999,9999,9999,9999,9999,9999,9999,9999,9999,9999
2010,14205010,205,CH4 ,10PPBC, 4,12,9999,9999,9999,9999,9999,9999,9999,9999,9999,9999,9999,9999,9999,9999,9999,9999,9999,9999,9999,9999,9999,9999,9999,9999
2010,14205010,205,CH4 ,10PPBC, 4,13,9999,9999,9999,9999,9999,9999,9999,9999,9999,9999,9999,9999,9999,9999,9999,9999,9999,9999,9999,9999,9999,9999,9999,9999
2010,14205010,205,CH4 ,10PPBC, 4,14,9999,9999,9999,9999,9999,9999,9999,9999,9999,9999,9999,9999,9999,9999,9999,9999,9999,9999,9999,9999,9999,9999,9999,9999
2010,14205010,205,CH4 ,10PPBC, 4,15,9999,9999,9999,9999,9999,9999,9999,9999,9999,9999,9999,9999,9999, 199, 194, 192, 189, 189, 189, 189, 190, 193, 198, 195
2010,14205010,205,CH4 ,10PPBC, 4,16, 196, 194, 189, 189, 189, 189, 190, 191, 190, 190, 189, 190, 190, 190, 190, 191, 191, 191, 190, 191, 191, 191, 191, 190
2010,14205010,205,CH4 ,10PPBC, 4,17, 190, 189, 189, 189, 189, 189, 188, 188, 190, 190, 189, 187, 186, 186, 185, 188, 188, 187, 188, 189, 189, 190, 195, 198
2010,14205010,205,CH4 ,10PPBC, 4,18, 196, 196, 193, 191, 193, 197, 202, 198, 193, 189, 188, 189, 189, 188, 185, 185, 185, 187, 188, 187, 188, 190, 191, 195
2010,14205010,205,CH4 ,10PPBC, 4,19, 197, 202, 198, 192, 191, 193, 193, 193, 192, 191, 191, 187, 186, 186, 186, 184, 184, 184, 185, 187, 188, 187, 187, 186
2010,14205010,205,CH4 ,10PPBC, 4,20, 186, 185, 185, 185, 184, 183, 184, 183, 183, 183, 183, 183, 182, 182, 182, 182, 182, 184, 184, 185, 188, 188, 190, 191
2010,14205010,205,CH4 ,10PPBC, 4,21, 194,9999, 192, 192, 192, 192, 196, 195, 191, 189,9999,9999, 188, 192, 186, 181, 181, 182, 184, 184, 186, 183, 185, 187
2010,14205010,205,CH4 ,10PPBC, 4,22, 189, 189, 190, 189, 191, 193, 193, 194, 193, 193, 194, 192, 192, 191,9999, 191, 191, 191, 191, 191, 191, 191, 191, 191
2010,14205010,205,CH4 ,10PPBC, 4,23, 190, 190, 190, 189, 189, 189, 189, 190, 191, 190, 191, 191, 192, 192, 191, 192, 193, 196, 194, 190, 190, 191, 195, 203
2010,14205010,205,CH4 ,10PPBC, 4,24, 197, 194, 192, 191, 200, 194, 192, 193, 193, 190, 189, 188, 189, 188, 189, 188, 188, 190, 190, 192, 193, 193, 192, 191
2010,14205010,205,CH4 ,10PPBC, 4,25, 192, 191, 191, 193, 194, 194, 193, 193, 192, 191,9999,9999,9999,9999,9999,9999,9999,9999,9999,9999,9999,9999,9999,9999
2010,14205010,205,CH4 ,10PPBC, 4,26,9999,9999,9999,9999,9999,9999,9999,9999,9999,9999,9999,9999,9999,9999,9999,9999,9999,9999,9999,9999,9999,9999,9999,9999
2010,14205010,205,CH4 ,10PPBC, 4,27,9999,9999,9999,9999,9999,9999,9999,9999,9999,9999,9999,9999,9999,9999, 179, 183, 185, 186, 186, 186, 183, 180, 181, 179
2010,14205010,205,CH4 ,10PPBC, 4,28, 179,9999, 184, 185, 185, 186, 186, 192, 190, 189, 188, 186, 186, 187, 186, 186, 185, 186, 187, 190, 192, 195, 202, 196
2010,14205010,205,CH4 ,10PPBC, 4,29, 190, 189, 190, 186, 183, 183, 184, 184, 183, 181, 180, 181, 181, 182, 182, 182, 182, 184, 185, 187, 188, 187, 188, 190
2010,14205010,205,CH4 ,10PPBC, 4,30, 189, 189, 190, 189, 189, 189, 189, 189, 189, 190, 188, 186, 185,9999,9999, 185, 186, 185, 186, 188, 190, 187, 188, 188
2010,14205010,205,CH4 ,10PPBC, 4,31,9998,9998,9998,9998,9998,9998,9998,9998,9998,9998,9998,9998,9998,9998,9998,9998,9998,9998,9998,9998,9998,9998,9998,9998
2010,14205010,205,CH4 ,10PPBC, 5, 1, 189, 190, 192, 194, 196, 197, 197, 192, 189, 190, 187, 188, 186, 185, 184, 183, 183, 184, 185, 187, 188, 192, 193, 192
2010,14205010,205,CH4 ,10PPBC, 5, 2, 195, 195, 195, 192, 193, 196, 191, 190, 189, 189, 188, 185, 185, 184, 184, 182, 182, 182, 184, 186, 187, 187, 188, 187
2010,14205010,205,CH4 ,10PPBC, 5, 3, 189, 192, 194, 195, 195, 194, 193, 193, 192, 192, 191, 189, 184, 182, 181, 182, 182, 183, 184, 185, 185, 185, 185, 185
2010,14205010,205,CH4 ,10PPBC, 5, 4, 184, 184, 185, 185, 185, 186, 186, 186, 184, 184, 184, 182, 182, 182, 184, 184, 182, 183, 184, 184, 184, 185, 186, 185
2010,14205010,205,CH4 ,10PPBC, 5, 5, 183, 183, 184, 186, 190, 191, 194, 190, 189, 188, 187, 187, 184, 182, 180, 178, 178, 180, 182, 183, 183, 183, 182, 183
2010,14205010,205,CH4 ,10PPBC, 5, 6, 183, 182, 182, 182, 182, 183, 181, 180, 179, 179, 177, 177, 177, 175, 175, 175, 174, 175, 175, 177, 177, 178, 178, 179
2010,14205010,205,CH4 ,10PPBC, 5, 7, 179, 179, 179, 179, 179, 178, 178, 178, 177,9999,9999, 177, 176,9999,9999, 175, 175, 175, 175, 176, 176, 176, 178, 184
2010,14205010,205,CH4 ,10PPBC, 5, 8, 185, 184, 183, 182, 182, 183, 184, 184, 185, 184, 183, 182, 181, 180, 179, 179, 179, 180, 182, 182, 183, 183, 183, 182
2010,14205010,205,CH4 ,10PPBC, 5, 9, 182, 182, 184, 187, 190, 191, 191, 188, 185, 184, 184, 186, 184, 184, 184, 183, 183, 183, 186, 185, 185, 189, 189, 185
2010,14205010,205,CH4 ,10PPBC, 5,10, 185, 187, 188, 187, 188, 188, 188, 188, 187, 185, 185, 186, 187, 186, 185, 184, 184, 186, 187, 187, 188, 187, 186, 185
2010,14205010,205,CH4 ,10PPBC, 5,11, 184, 183, 183, 183, 183, 185, 186, 193, 185, 184, 185, 183, 184, 185, 183, 185, 184, 184, 185, 186, 187, 189, 186, 187
2010,14205010,205,CH4 ,10PPBC, 5,12, 187, 187, 186, 186, 185, 185, 186, 187, 186, 185, 184, 183, 183, 184, 182, 182, 183, 183, 184, 185, 187, 189, 189, 191
2010,14205010,205,CH4 ,10PPBC, 5,13, 194,9999, 191, 191, 190, 191, 190, 189, 188, 187, 187,9999,9999, 186, 186, 186, 186, 187, 187, 187, 189, 187, 188, 188
2010,14205010,205,CH4 ,10PPBC, 5,14, 188, 188, 189, 188, 189, 188, 189, 189, 188, 187, 187, 188, 187, 187, 188, 188, 187, 188, 188, 187, 188, 189, 190, 188
2010,14205010,205,CH4 ,10PPBC, 5,15, 189, 192, 194, 192, 190, 191, 191, 191, 191, 188, 187, 187, 186, 186, 186, 186, 185, 185, 186, 187, 188, 187, 188, 188
2010,14205010,205,CH4 ,10PPBC, 5,16, 188, 188, 189, 190, 191, 193, 192, 189, 186, 185, 185, 184, 184, 184, 183, 183, 183, 183, 184, 185, 186, 187, 187, 188
2010,14205010,205,CH4 ,10PPBC, 5,17, 193, 192, 190, 190, 194, 196, 193, 191, 188, 187, 187, 186, 187, 185, 184, 184, 183, 182, 183, 184, 185, 185, 187, 187
2010,14205010,205,CH4 ,10PPBC, 5,18, 186, 186, 188, 190, 193, 190, 187, 186, 185, 185, 191, 184, 183, 183, 183, 183, 183, 183, 184, 184, 183, 183, 183, 183
2010,14205010,205,CH4 ,10PPBC, 5,19, 183, 183, 183, 183, 183, 183, 183, 183, 183, 183, 183, 183, 183, 183, 183, 182, 183, 183, 183, 184, 184, 184, 184, 183
2010,14205010,205,CH4 ,10PPBC, 5,20, 183,9999, 183, 182, 182, 182, 183, 183, 182, 182, 182,9999,9999,9999, 187, 188, 187, 188, 189, 189, 191, 192, 191, 191
2010,14205010,205,CH4 ,10PPBC, 5,21, 191, 192, 191, 188, 190, 190, 191, 192, 190, 190, 189, 190, 190, 190, 189, 189, 188, 188, 189, 190, 190, 190, 190, 191
2010,14205010,205,CH4 ,10PPBC, 5,22, 192, 193, 196, 197, 200, 201, 198, 199, 195, 192, 191, 191, 192, 195, 193, 189, 188, 188, 189, 189, 190, 190, 192, 190
2010,14205010,205,CH4 ,10PPBC, 5,23, 189, 189, 191, 192, 194, 196, 196, 194, 197, 195, 195, 191, 191, 192, 194, 190, 190, 192, 191, 192, 191, 191, 190, 189
2010,14205010,205,CH4 ,10PPBC, 5,24, 190, 189, 189, 190, 191, 193, 189, 190, 190, 189, 189, 189, 189, 189, 190, 189, 190, 191, 191, 188, 183, 186, 187, 186
2010,14205010,205,CH4 ,10PPBC, 5,25, 186, 186, 186, 186, 187, 187, 187, 187, 187, 186, 187, 186, 187, 186, 186, 187, 189, 190, 191, 192, 191, 189, 189, 189
2010,14205010,205,CH4 ,10PPBC, 5,26, 189, 188, 188, 188, 187, 188, 192, 191, 191, 190, 189, 189, 187, 187, 187, 189, 189, 187, 188, 188, 189, 191, 191, 189
2010,14205010,205,CH4 ,10PPBC, 5,27, 188,9999, 188, 188, 186, 186, 187, 188, 187, 186, 185,9999,9999, 184, 184, 184, 183, 184, 185, 185, 187, 189, 186, 185
2010,14205010,205,CH4 ,10PPBC, 5,28, 185, 185, 185, 185, 186, 185, 186, 186, 184, 183, 184, 184, 186, 185, 185, 185, 183, 183, 184, 185, 184, 184, 184, 184
2010,14205010,205,CH4 ,10PPBC, 5,29, 184, 184, 184, 184, 190, 188, 186, 185, 186, 185, 186, 186, 187, 188, 186, 187, 186, 186, 188, 187, 186, 192, 192, 188
2010,14205010,205,CH4 ,10PPBC, 5,30, 189, 187, 188, 188, 187, 188, 187, 187, 187, 187, 187, 187, 186, 188, 188, 185, 185, 185, 186, 187, 187, 187, 187, 188
2010,14205010,205,CH4 ,10PPBC, 5,31, 189, 191, 194, 195, 191, 192, 195, 204, 194, 191, 191, 189, 185, 186, 184, 185, 183, 183, 183, 184, 184, 184, 186, 186
2010,14205010,205,CH4 ,10PPBC, 6, 1, 185, 188, 186, 188, 188, 188, 197, 204, 192, 191, 189, 188, 188, 186, 185, 185, 183, 183, 184, 185, 185, 188, 190, 194
2010,14205010,205,CH4 ,10PPBC, 6, 2, 192, 189, 188, 189, 193, 197, 189, 188, 189, 188, 189, 191, 189, 186, 185, 185, 184, 184, 184, 184, 184, 185, 185, 186
2010,14205010,205,CH4 ,10PPBC, 6, 3, 190,9999, 194, 194, 196, 196, 192, 191, 189, 187, 187, 185, 184, 184, 183, 183, 182, 183, 182, 184, 184, 184, 184, 184
2010,14205010,205,CH4 ,10PPBC, 6, 4, 184, 184, 186, 187, 196, 195, 192, 188, 184,9999,9999,9999,9999,9999, 185, 184, 184, 184, 184, 188, 187, 187, 186, 187
2010,14205010,205,CH4 ,10PPBC, 6, 5, 188, 189, 189, 189, 189, 191, 190, 190, 191, 190, 190, 189, 190, 191, 188, 188, 190, 190, 189, 189, 188, 188, 187, 188
2010,14205010,205,CH4 ,10PPBC, 6, 6, 190, 190, 195, 194, 196, 198, 192, 191, 192, 192, 191, 190, 188, 188, 187, 186, 185, 186, 186, 187, 187, 188, 187, 187
2010,14205010,205,CH4 ,10PPBC, 6, 7, 187, 187, 186, 187, 193, 195, 193, 192, 189, 190, 189, 188, 186, 185, 185, 186, 187, 186, 186, 186, 186, 187, 187, 187
2010,14205010,205,CH4 ,10PPBC, 6, 8, 188, 187, 187, 187, 190, 193, 193, 191, 190, 189, 192, 190, 188, 189, 190, 189, 189, 189, 189, 190, 192, 195, 194, 195
2010,14205010,205,CH4 ,10PPBC, 6, 9, 195, 194, 191, 190, 189, 189, 190, 190, 191, 192, 196, 198, 193, 191, 198, 197, 190, 187, 187, 188, 190, 193, 194, 194
2010,14205010,205,CH4 ,10PPBC, 6,10, 191,9999, 189, 189, 189, 190, 190, 190, 190,9999,9999, 188, 189, 187, 186, 185, 186, 184, 183, 184, 184, 187, 191, 193
2010,14205010,205,CH4 ,10PPBC, 6,11, 190, 190, 190, 188, 190, 189, 189, 191, 189, 189, 188, 188, 185,9999, 183, 184, 184, 182, 184, 183, 183, 184, 184, 183
2010,14205010,205,CH4 ,10PPBC, 6,12, 183, 183, 182, 182, 183, 186, 189, 187, 186, 185, 185, 183, 182, 181, 181, 181, 181, 181, 182, 182, 181, 182, 182, 181
2010,14205010,205,CH4 ,10PPBC, 6,13, 181, 182, 182, 182, 181, 182, 182, 182, 182, 182, 181, 181, 181, 181, 182, 182, 182, 182, 184, 184, 183, 184, 184, 183
2010,14205010,205,CH4 ,10PPBC, 6,14, 183, 184, 184, 184, 183, 183, 184, 185, 186, 188, 188, 188, 189, 188, 187, 186, 185, 185, 185, 185, 186, 185, 185, 186
2010,14205010,205,CH4 ,10PPBC, 6,15, 187, 189, 191, 192, 193, 195, 194, 187, 185, 185, 184, 184, 184, 183, 184, 184, 186, 187, 186, 184, 183, 184, 185, 186
2010,14205010,205,CH4 ,10PPBC, 6,16, 186, 186, 182, 174, 172, 172, 172, 172, 172, 174, 175, 176, 179, 181, 182, 183, 183, 184, 185, 184, 184, 184, 185, 185
2010,14205010,205,CH4 ,10PPBC, 6,17, 184,9999, 187, 190, 194, 196, 195, 195, 189, 187,9999,9999, 190, 190, 188, 188, 187, 186, 186, 185, 184, 184, 184, 183
2010,14205010,205,CH4 ,10PPBC, 6,18, 183, 182, 183, 183, 183, 182, 184, 193, 184, 186, 185, 187, 181, 177, 175, 177, 179, 178, 184, 184, 185, 185, 188, 190
2010,14205010,205,CH4 ,10PPBC, 6,19, 189, 173, 173, 173, 173, 172, 173, 186, 188, 188, 184, 178, 177, 179, 182, 182, 182, 182, 182, 181, 177, 175, 175, 174
2010,14205010,205,CH4 ,10PPBC, 6,20, 174, 174, 173, 174, 175, 174, 174, 174, 175, 175, 176, 176, 176, 175, 177, 178, 176, 177, 177, 177, 178, 176, 175, 175
2010,14205010,205,CH4 ,10PPBC, 6,21, 176, 176, 175, 175, 175, 175, 175, 176, 176, 176, 176, 175, 175, 175, 175, 175, 176, 180, 180, 181, 182, 182, 183, 181
2010,14205010,205,CH4 ,10PPBC, 6,22, 178, 178, 180, 179, 177, 178, 178, 180, 179, 176, 176, 177, 176, 179, 176, 175, 176, 176, 176, 179, 179, 179, 179, 178
2010,14205010,205,CH4 ,10PPBC, 6,23, 177, 178, 178, 178, 179, 179, 177, 176, 175, 174, 174, 174, 174, 174, 174, 179, 184, 181, 179, 176, 180, 184, 187, 186
2010,14205010,205,CH4 ,10PPBC, 6,24, 187,9999, 187, 192, 190, 189, 187, 187, 186, 186,9999,9999, 193, 202, 196, 191, 191, 193, 190, 190, 190, 191, 190, 190
2010,14205010,205,CH4 ,10PPBC, 6,25, 193, 192, 191, 191, 190, 189, 187, 193, 194, 192, 194, 194, 193, 193, 190, 185, 182, 184, 185, 184, 184, 186, 185, 183
2010,14205010,205,CH4 ,10PPBC, 6,26, 183, 182, 181, 180, 181, 181, 183, 179, 177, 177, 177, 177, 177, 178, 178, 177, 177, 177, 178, 178, 178, 178, 178, 177
2010,14205010,205,CH4 ,10PPBC, 6,27, 177, 177, 177, 177, 176, 176, 176, 177, 177, 176, 176, 176, 176, 175, 175, 175, 175, 175, 176, 177, 177, 177, 177, 176
2010,14205010,205,CH4 ,10PPBC, 6,28, 176, 176, 176, 177, 177, 176, 177, 178, 183, 186, 185, 182, 183, 183, 181, 180, 182, 184, 185, 185, 185, 183, 187, 185
2010,14205010,205,CH4 ,10PPBC, 6,29, 187, 189, 189, 190, 183, 182, 184, 189, 189, 189, 190, 191, 187, 184, 186, 183, 182, 179, 177, 179, 177, 179, 178, 178
2010,14205010,205,CH4 ,10PPBC, 6,30, 179, 184, 187, 184, 182, 182, 182, 183, 183, 181, 180, 180, 182, 180, 181, 181, 181, 181, 182, 182, 182, 181, 180, 181
2010,14205010,205,CH4 ,10PPBC, 6,31,9998,9998,9998,9998,9998,9998,9998,9998,9998,9998,9998,9998,9998,9998,9998,9998,9998,9998,9998,9998,9998,9998,9998,9998
2010,14205010,205,CH4 ,10PPBC, 7, 1, 180,9999, 179, 179, 178, 179, 179, 180, 180, 178, 178,9999,9999,9999, 175, 175, 175, 176, 176, 178, 178, 178, 178, 180
2010,14205010,205,CH4 ,10PPBC, 7, 2, 182, 186, 187, 186, 187, 188, 190, 189, 190, 187, 184, 179, 178, 178, 178, 177, 176, 176, 177, 177, 177, 178, 178, 178
2010,14205010,205,CH4 ,10PPBC, 7, 3, 177, 177, 178, 188, 192, 185, 195, 195, 191, 189, 182, 181, 181, 180, 180, 180, 180, 179, 179, 178, 175, 175, 176, 175
2010,14205010,205,CH4 ,10PPBC, 7, 4, 175, 174, 174, 177, 180, 183, 190, 189, 186, 185, 185, 184, 184, 184, 184, 185, 184, 184, 184, 184, 184, 185, 188, 193
2010,14205010,205,CH4 ,10PPBC, 7, 5, 194, 195, 198, 198, 197, 190, 187, 189, 185, 186, 194, 189, 188, 188, 188, 186, 185, 186, 186, 187, 186, 186, 186, 184
2010,14205010,205,CH4 ,10PPBC, 7, 6, 184, 185, 187, 188, 191, 191, 194, 192, 188, 184, 183, 184, 184, 184, 185, 187, 189, 192, 195, 194, 196, 196, 194, 191
2010,14205010,205,CH4 ,10PPBC, 7, 7, 190, 190, 190, 190, 191, 192, 196, 195, 195, 193, 196, 192, 190, 190, 191, 190, 187, 186, 186, 185, 185, 186, 185, 184
2010,14205010,205,CH4 ,10PPBC, 7, 8, 186,9999, 183, 184, 187, 187, 187, 187, 186, 184,9999,9999, 185, 188, 188, 187, 185, 184, 182, 181, 181, 181, 179, 177
2010,14205010,205,CH4 ,10PPBC, 7, 9, 176, 176, 176, 177, 179, 179, 180, 181, 183, 180, 182, 186, 184, 178, 176, 178, 179, 178, 178, 176, 175, 174, 174, 175
2010,14205010,205,CH4 ,10PPBC, 7,10, 176, 177, 178, 178, 179, 180, 179, 179, 179, 179, 179, 179, 180, 181, 180, 180, 180, 181, 181, 183, 184, 187, 187, 188
2010,14205010,205,CH4 ,10PPBC, 7,11, 188, 192, 194, 196, 196, 200, 198, 197, 192, 193, 193, 193, 187, 178, 176, 175, 175, 173, 172, 173, 173, 173, 172, 171
2010,14205010,205,CH4 ,10PPBC, 7,12, 172, 172, 172, 172, 172, 172, 172, 173, 172, 172, 172, 172, 172, 172, 172, 172, 172, 172, 172, 173, 172, 173, 173, 173
2010,14205010,205,CH4 ,10PPBC, 7,13, 173, 173, 174, 174, 175, 176, 175, 176, 175, 173, 174, 174, 174, 175, 173, 172, 178, 188, 188, 189, 189, 191, 193, 194
2010,14205010,205,CH4 ,10PPBC, 7,14, 195, 200, 201, 198, 199, 200, 182, 173, 173, 173, 173, 174, 174, 173, 173, 173, 173, 173, 174, 175, 175, 175, 174, 174
2010,14205010,205,CH4 ,10PPBC, 7,15, 174,9999, 173, 173, 174, 173, 174, 173, 173, 173, 173,9999,9999, 172, 172, 172, 172, 172, 173, 173, 174, 174, 174, 174
2010,14205010,205,CH4 ,10PPBC, 7,16, 174, 174, 174, 173, 174, 173, 174, 173, 173, 173, 173, 173, 173, 172, 172, 172, 172, 172, 173, 173, 175, 174, 174, 174
2010,14205010,205,CH4 ,10PPBC, 7,17, 174, 174, 173, 174, 174, 174, 174, 174, 174, 174, 174, 174, 174, 174, 174, 173, 174, 173, 174, 175, 175, 175, 175, 174
2010,14205010,205,CH4 ,10PPBC, 7,18, 174, 174, 174, 175, 175, 176, 175, 174, 175, 175, 173, 173, 173, 173, 172, 172, 173, 173, 174, 175, 174, 174, 175, 174
2010,14205010,205,CH4 ,10PPBC, 7,19, 175, 174, 175, 174, 175, 175, 175, 175, 175, 175, 174, 174, 174, 174, 173, 173, 174, 174, 175, 176, 175, 176, 175, 175
2010,14205010,205,CH4 ,10PPBC, 7,20, 175, 175, 175, 176, 176, 176, 177, 177, 177, 177, 177, 175, 175, 174, 174, 173, 173, 174, 174, 175, 175, 175, 175, 175
2010,14205010,205,CH4 ,10PPBC, 7,21, 174, 175, 175, 175, 176, 177, 180, 190, 188, 185, 177, 176, 176, 176, 176, 174, 174, 174, 174, 175, 175, 176, 175, 175
2010,14205010,205,CH4 ,10PPBC, 7,22, 176,9999, 175, 175, 177, 177, 179, 178, 177,9999, 177, 178, 176, 175, 175, 174, 172, 172, 171, 172, 172, 172, 172, 173
2010,14205010,205,CH4 ,10PPBC, 7,23, 175, 176, 176, 176, 181, 180, 184, 186, 184, 183, 183, 183, 181, 180, 180, 176, 174, 172, 173, 172, 172, 173, 173, 174
2010,14205010,205,CH4 ,10PPBC, 7,24, 176, 175, 175, 176, 184, 185, 184, 183, 182, 182, 183, 184, 185, 183, 180, 176, 173, 179, 180, 176, 176, 175, 177, 179
2010,14205010,205,CH4 ,10PPBC, 7,25, 179, 179, 181, 180, 181, 181, 180, 175, 175, 174, 174, 173, 173, 173, 173, 173, 175, 174, 175, 177, 179, 177, 178, 180
2010,14205010,205,CH4 ,10PPBC, 7,26, 182, 182, 181, 179, 177, 178, 179, 178, 179, 178, 176, 173, 173, 173, 172, 172, 173, 174, 177, 177, 177, 179, 181, 184
2010,14205010,205,CH4 ,10PPBC, 7,27, 187, 184, 187, 183, 183, 182, 179, 173, 173, 172, 172, 171, 172, 171, 170, 170, 171, 172, 172, 173, 173, 173, 173, 172
2010,14205010,205,CH4 ,10PPBC, 7,28, 172, 172, 172, 172, 172, 172, 172, 172, 172, 172, 173, 173, 173, 174, 173, 174, 174, 174, 175, 175, 175, 175, 175, 175
2010,14205010,205,CH4 ,10PPBC, 7,29, 175,9999, 176, 176, 176, 177, 177, 177, 176,9999,9999, 176, 177, 176, 175, 176, 176, 175, 176, 176, 175, 175, 175, 175
2010,14205010,205,CH4 ,10PPBC, 7,30, 175, 175, 174, 174, 174, 174, 174, 174, 174, 174, 173, 174, 174, 175, 174, 175, 175, 175, 175, 175, 176, 179, 179, 177
2010,14205010,205,CH4 ,10PPBC, 7,31, 177, 179, 179, 181, 182, 181, 183, 184, 181, 179, 177, 177, 176, 176, 176, 175, 177, 178, 179, 179, 181, 180, 180, 180
2010,14205010,205,CH4 ,10PPBC, 8, 1, 179, 179, 180, 180, 179, 179, 179, 179, 179, 177, 177, 177, 177, 177, 179, 179, 179, 179, 177, 176, 174, 175, 176, 175
2010,14205010,205,CH4 ,10PPBC, 8, 2, 174, 174, 173, 173, 174, 175, 175, 174, 174, 174, 174, 174, 173, 172, 172, 172, 173, 174, 175, 175, 175, 176, 176, 175
2010,14205010,205,CH4 ,10PPBC, 8, 3, 175, 174, 174, 174, 174, 174, 174, 175, 174, 175, 174, 174, 174, 174, 173, 173, 174, 174, 175, 175, 175, 176, 176, 175
2010,14205010,205,CH4 ,10PPBC, 8, 4, 175, 175, 174, 175, 175, 175, 175, 175, 175, 175, 174, 174, 174, 174, 174, 174, 174, 174, 174, 175, 175, 175, 176, 175
2010,14205010,205,CH4 ,10PPBC, 8, 5, 174,9999, 172, 172, 172, 172, 172, 172, 173,9999,9999, 170, 170, 170, 170, 171, 171, 171, 171, 171, 172, 172, 172, 172
2010,14205010,205,CH4 ,10PPBC, 8, 6, 172, 172, 172, 172, 172, 172, 172, 173, 172, 172, 172, 172, 172, 172, 172, 173, 174, 175, 175, 176, 176, 176, 176, 176
2010,14205010,205,CH4 ,10PPBC, 8, 7, 176, 176, 176, 177, 177, 177, 177, 177, 177, 176, 177, 177, 176, 176, 175, 175, 173, 173, 173, 173, 174, 174, 174, 175
2010,14205010,205,CH4 ,10PPBC, 8, 8, 174, 174, 174, 174, 175, 176, 178, 176, 174, 175, 173, 173, 173, 173, 173, 172, 172, 173, 173, 173, 174, 173, 172, 173
2010,14205010,205,CH4 ,10PPBC, 8, 9, 172, 172, 172, 172, 173, 174, 175, 174, 175, 175, 175, 174, 174, 174, 173, 172, 172, 173, 173, 173, 173, 173, 174, 172
2010,14205010,205,CH4 ,10PPBC, 8,10, 172, 172, 172, 174, 173, 172, 172, 172, 172, 172, 171, 171, 171, 171, 171, 171, 171, 172, 172, 172, 172, 172, 172, 172
2010,14205010,205,CH4 ,10PPBC, 8,11, 171, 171, 171, 171, 171, 171, 170, 170, 170, 170, 170, 170, 170, 171, 170, 169, 169, 170, 170, 171, 170, 170, 172, 170
2010,14205010,205,CH4 ,10PPBC, 8,12, 169,9999, 173, 172, 172, 172, 172, 173, 173,9999,9999, 173, 174, 176, 177, 176, 176, 176, 176, 177, 178, 179, 179, 179
2010,14205010,205,CH4 ,10PPBC, 8,13, 178, 180, 180, 180, 181, 180, 177, 179, 180, 181, 183, 183, 185, 185, 181, 180, 179, 178, 182, 179, 187, 187, 191, 192
2010,14205010,205,CH4 ,10PPBC, 8,14, 192, 194, 193, 189, 176, 175, 175, 174, 174, 174, 174, 174, 175, 175, 175, 176, 176, 177, 177, 177, 177, 177, 177, 176
2010,14205010,205,CH4 ,10PPBC, 8,15, 176, 176, 176, 176, 176, 175, 175, 176, 176, 175, 174, 175, 176, 176, 175, 176, 176, 176, 176, 177, 179, 176, 176, 176
2010,14205010,205,CH4 ,10PPBC, 8,16, 176, 177, 177, 177, 180, 182, 180, 178, 177, 176, 176, 175, 175, 175, 175, 176, 178, 180, 182, 177, 175, 175, 174, 175
2010,14205010,205,CH4 ,10PPBC, 8,17, 176, 182, 184, 187, 192, 199, 201, 203, 207, 207, 199, 188, 184, 184, 182, 181, 176, 175, 175, 176, 176, 176, 177, 180
2010,14205010,205,CH4 ,10PPBC, 8,18, 183, 187, 187, 187, 185, 185, 187, 188, 186, 185, 184, 183, 186, 179, 179, 178, 177, 179, 179, 179, 179, 183, 184, 184
2010,14205010,205,CH4 ,10PPBC, 8,19, 182,9999, 177, 178, 179, 185, 189, 187, 188,9999,9999, 184, 185, 183, 182, 182, 182, 181, 181, 181, 182, 183, 184, 184
2010,14205010,205,CH4 ,10PPBC, 8,20, 184, 185, 185, 185, 185, 186, 192, 194, 191, 191, 191, 191, 192, 191, 189, 187, 185, 184, 184, 184, 187, 187, 187, 186
2010,14205010,205,CH4 ,10PPBC, 8,21, 185, 185, 186, 187, 190, 193, 194, 191, 189, 191, 190, 189, 185, 183, 182, 181, 180, 180, 181, 182, 181, 181, 182, 181
2010,14205010,205,CH4 ,10PPBC, 8,22, 180, 180, 180, 180, 180, 180, 180, 180, 180, 180, 180, 180, 179, 178, 178, 178, 178, 178, 179, 179, 180, 179, 179, 178
2010,14205010,205,CH4 ,10PPBC, 8,23, 179, 178, 178, 178, 179, 179, 179, 179, 181, 181, 178, 178, 178, 177, 176, 177, 177,9999, 179, 178, 178, 178, 179, 178
2010,14205010,205,CH4 ,10PPBC, 8,24, 178, 177, 177, 177, 177, 177, 177, 179, 178, 178, 178, 178, 178, 178, 177, 177, 178, 182, 178, 179, 179, 179, 180, 179
2010,14205010,205,CH4 ,10PPBC, 8,25, 178, 178, 178, 178, 178, 178, 178, 178, 178, 178, 178, 177, 177, 177, 176, 176, 176, 177, 177, 177, 177, 178, 178, 178
2010,14205010,205,CH4 ,10PPBC, 8,26, 177,9999, 186, 180, 180, 180, 179, 179, 178,9999, 177, 176, 178, 178, 178, 177, 178, 178, 179, 179, 180, 180, 180, 180
2010,14205010,205,CH4 ,10PPBC, 8,27, 180, 179, 179, 183, 187, 191, 190, 191, 187, 186, 184, 181, 179, 177, 173, 172, 172, 172, 173, 173, 173, 173, 174, 174
2010,14205010,205,CH4 ,10PPBC, 8,28, 173, 173, 173, 173, 173, 174, 174, 173, 173, 173, 173, 173, 173, 173, 173, 173, 173, 173, 174, 173, 175, 175, 176, 175
2010,14205010,205,CH4 ,10PPBC, 8,29, 175, 176, 177, 177, 180, 190, 190, 182, 175, 175, 174, 173, 174, 174, 173, 173, 173, 173, 174, 174, 175, 175, 176, 180
2010,14205010,205,CH4 ,10PPBC, 8,30, 176, 175, 183, 186, 189, 191, 190, 192, 187, 183, 187, 190, 189, 184, 178, 174, 173, 172, 172, 172, 173, 174, 173, 175
2010,14205010,205,CH4 ,10PPBC, 8,31, 175, 173, 173, 180, 192, 190, 191, 193, 195, 185, 182, 181, 176, 173, 173, 172, 173, 175, 175, 174, 174, 174, 174, 174
2010,14205010,205,CH4 ,10PPBC, 9, 1, 174, 174, 174, 173, 174, 175, 174, 173, 173, 172, 172, 173, 173, 173, 174, 174, 176, 179, 180, 180, 180, 180, 180, 179
2010,14205010,205,CH4 ,10PPBC, 9, 2, 179,9999, 178, 179, 179, 180, 180, 180, 180,9999,9999, 179, 179, 179, 178, 178, 178, 179, 180, 180, 179, 179, 179, 179
2010,14205010,205,CH4 ,10PPBC, 9, 3, 179, 179, 179, 181, 183, 186, 190, 182, 179, 179, 178, 177, 177, 176, 176, 176, 177, 176, 178, 179, 178, 178, 179, 178
2010,14205010,205,CH4 ,10PPBC, 9, 4, 178, 177, 177, 178, 178, 178, 179, 182, 180, 181, 182, 183, 183, 181, 178, 177, 177, 177, 178, 179, 179, 179, 178, 177
2010,14205010,205,CH4 ,10PPBC, 9, 5, 179, 179, 180, 182, 182, 184, 186, 184, 177, 176, 175, 175, 175, 175, 176, 176, 175, 175, 176, 177, 177, 177, 177, 175
2010,14205010,205,CH4 ,10PPBC, 9, 6, 175, 174, 172, 172, 172, 173, 172, 173, 172, 172, 172, 171, 170, 170, 170, 170, 171, 173, 174, 175, 173, 173, 173, 172
2010,14205010,205,CH4 ,10PPBC, 9, 7, 172, 172, 172, 172, 172, 171, 172, 172, 172, 172, 172, 172, 172, 172, 172, 172, 172, 172, 172, 173, 173, 173, 173, 172
2010,14205010,205,CH4 ,10PPBC, 9, 8, 172, 172, 172, 172, 173, 182, 182, 184, 186, 189, 191, 174, 172, 171, 177, 185, 186, 182, 181, 180, 180, 179, 179, 179
2010,14205010,205,CH4 ,10PPBC, 9, 9, 180,9999, 183, 183, 184, 184, 184, 185,9999,9999, 186, 185, 185, 184, 184, 184, 183, 183, 184, 185, 187, 185, 186, 187
2010,14205010,205,CH4 ,10PPBC, 9,10, 190, 198, 200, 197, 197, 198, 197, 191, 188, 189, 189, 188, 186, 186, 185, 184, 182, 182, 184, 182, 182, 182, 183, 189
2010,14205010,205,CH4 ,10PPBC, 9,11, 184, 182, 181, 182, 181, 193, 192, 185, 186, 190, 184, 181, 180, 179, 179, 178, 179, 180, 181, 181, 182, 182, 182, 182
2010,14205010,205,CH4 ,10PPBC, 9,12, 184, 187, 186, 187, 185, 183, 188, 189, 194, 191, 189, 191, 193, 189, 183, 183, 183, 184, 183, 181, 180, 180, 179, 177
2010,14205010,205,CH4 ,10PPBC, 9,13, 174, 175, 176, 173, 172, 176, 186, 185, 184, 186, 181, 180, 179, 178, 178, 177, 177, 179, 181, 182, 182, 186, 190, 188
2010,14205010,205,CH4 ,10PPBC, 9,14, 186, 183, 185, 189, 184, 181, 182, 182, 182, 182, 183, 182, 183, 183, 184, 184, 182, 182, 182, 183, 185, 186, 184, 184
2010,14205010,205,CH4 ,10PPBC, 9,15, 184, 186, 190, 189, 187, 186, 187, 187, 186, 186, 186, 187, 188, 187, 187, 188, 189, 190, 188, 186, 186, 189, 188, 187
2010,14205010,205,CH4 ,10PPBC, 9,16, 187,9999, 187, 186, 184, 186, 189, 188, 189,9999, 184, 184, 184, 184, 185, 185, 186, 185, 186, 187, 188, 187, 190, 191
2010,14205010,205,CH4 ,10PPBC, 9,17, 192, 197, 197, 193, 195, 195, 192, 188, 186, 186, 185, 184, 183, 184, 183, 182, 182, 186, 184, 184, 186, 189, 191, 199
2010,14205010,205,CH4 ,10PPBC, 9,18, 193, 189, 191, 191, 191, 194, 195, 193, 187, 186, 189, 187, 186, 184, 182, 182, 182, 183, 184, 184, 186, 185, 186, 186
2010,14205010,205,CH4 ,10PPBC, 9,19, 188, 192, 192, 191, 205, 201, 195, 191, 188, 185, 183, 182, 180, 180, 180, 180, 180, 181, 181, 181, 183, 184, 184, 185
2010,14205010,205,CH4 ,10PPBC, 9,20, 187, 190, 190, 192, 192, 194, 196, 199, 198, 191, 184, 182, 182, 183, 183, 182, 183, 184, 185, 184, 184, 184, 185, 190
2010,14205010,205,CH4 ,10PPBC, 9,21, 199, 196, 201, 203, 201, 199, 202, 195, 192, 190, 189, 187, 186, 185, 184, 183, 183, 184, 184, 184, 184, 189, 191, 191
2010,14205010,205,CH4 ,10PPBC, 9,22, 189, 195, 193, 192, 187, 185, 190, 186, 184, 183, 180, 179, 180, 181, 180, 178, 177, 178, 179, 180, 180, 187, 192, 197
2010,14205010,205,CH4 ,10PPBC, 9,23, 195,9999, 195, 192, 191, 189, 187, 188, 189, 188, 187, 188, 187, 187, 187, 187, 187, 186, 187, 187, 189, 189, 189, 189
2010,14205010,205,CH4 ,10PPBC, 9,24, 188, 188, 188, 190, 190, 190, 190, 190, 189,9999,9999,9999, 189, 188, 188, 186, 186, 186, 186, 186, 187, 187, 187, 187
2010,14205010,205,CH4 ,10PPBC, 9,25, 187, 186, 186, 186, 186, 186, 187, 186, 186, 186, 184, 184, 184, 184, 184, 184, 185, 187, 187, 189, 194, 197, 195, 192
2010,14205010,205,CH4 ,10PPBC, 9,26, 193, 194, 195, 195, 196, 198, 197, 193, 194, 197, 193, 188, 189, 186, 186, 187, 187, 186, 188, 187, 189, 192, 192, 191
2010,14205010,205,CH4 ,10PPBC, 9,27, 191, 191, 192, 190, 189, 189, 188, 188, 188, 187, 185, 184, 184, 184, 184, 184, 184, 184, 184, 185, 186, 186, 187, 189
2010,14205010,205,CH4 ,10PPBC, 9,28, 187, 186, 185, 185, 185, 184, 186, 188, 189, 188, 189, 191, 189, 188, 187, 187, 187, 188, 192, 194, 199, 203, 208, 211
2010,14205010,205,CH4 ,10PPBC, 9,29, 214, 218, 204, 193, 189, 187, 186, 185, 186, 185, 186, 186, 188, 189, 189, 189, 187, 187, 188, 188, 189, 192, 192, 192
2010,14205010,205,CH4 ,10PPBC, 9,30, 193,9999, 191, 191, 193, 191, 190, 191, 191, 192, 190, 189,9999, 191, 192, 192, 192, 192, 193, 195, 194, 192, 193, 192
2010,14205010,205,CH4 ,10PPBC, 9,31,9998,9998,9998,9998,9998,9998,9998,9998,9998,9998,9998,9998,9998,9998,9998,9998,9998,9998,9998,9998,9998,9998,9998,9998
2010,14205010,205,CH4 ,10PPBC,10, 1, 191, 191, 191, 190, 189, 189, 189, 188, 188, 187, 187, 186, 186, 186, 186, 186, 185, 185, 188, 190, 193, 193, 194, 194
2010,14205010,205,CH4 ,10PPBC,10, 2, 202, 206, 203, 195, 194, 194, 191, 191, 190, 186, 186, 187, 187, 187, 184, 184, 184, 184, 184, 186, 188, 188, 191, 198
2010,14205010,205,CH4 ,10PPBC,10, 3, 196, 192, 191, 191, 191, 191, 190, 187, 187, 187, 187, 186, 186, 186, 189, 190, 186, 185, 186, 186, 186, 187, 188, 187
2010,14205010,205,CH4 ,10PPBC,10, 4, 189, 194, 194, 198, 198, 198, 195, 190, 192, 195, 196, 193, 189, 186, 187, 189, 189, 190, 195, 192, 191, 189, 189, 190
2010,14205010,205,CH4 ,10PPBC,10, 5, 192, 194, 193, 191, 190, 189, 189, 190, 190, 190, 188, 187, 187, 186, 187, 187, 185, 186, 196, 191, 192, 192, 197, 193
2010,14205010,205,CH4 ,10PPBC,10, 6, 189, 191, 192, 190, 190, 188, 189, 188, 187, 185, 185, 185, 186, 187, 187, 185, 186, 187, 187, 187, 189, 191, 190, 190
2010,14205010,205,CH4 ,10PPBC,10, 7, 190,9999, 190, 189, 188, 189, 189, 190, 190,9999,9999, 188, 188, 187, 187, 189, 190, 190, 193, 192, 189, 189, 190, 189
2010,14205010,205,CH4 ,10PPBC,10, 8, 189, 189, 189, 189, 189, 189, 191, 192, 191, 190, 189, 189, 188, 187, 186, 187, 186, 186, 187, 187, 188, 187, 186, 191
2010,14205010,205,CH4 ,10PPBC,10, 9, 192, 191, 188, 188, 186, 186, 186, 187, 187, 187, 187, 186, 185, 185, 185, 186, 186, 186, 186, 186, 187, 188, 189, 188
2010,14205010,205,CH4 ,10PPBC,10,10, 186, 186, 187, 187, 186, 187, 188, 187, 188, 189, 189, 186, 184, 185, 184, 183, 184, 185, 186, 192, 194, 198, 201, 205
2010,14205010,205,CH4 ,10PPBC,10,11, 211, 208, 218, 213, 208, 205, 208, 195, 191, 185, 183, 185, 187, 189, 187, 186, 186, 187, 188, 188, 189, 192, 193, 194
2010,14205010,205,CH4 ,10PPBC,10,12, 197, 196, 198, 201, 208, 196, 198, 204, 189, 194, 195, 196, 196, 190, 184, 184, 183, 184, 184, 186, 189, 194, 196, 199
2010,14205010,205,CH4 ,10PPBC,10,13, 206, 201, 202, 198, 197, 196, 195, 196, 194, 191, 189, 188, 192, 191, 188, 189, 193, 193, 192, 191, 193, 195, 198, 200
2010,14205010,205,CH4 ,10PPBC,10,14, 204,9999, 209, 200, 191, 189, 188, 189, 190, 190, 190,9999,9999,9999, 190, 189, 188, 189, 190, 190, 189, 190, 198, 195
2010,14205010,205,CH4 ,10PPBC,10,15, 193, 193, 191, 190, 189, 190, 191, 192, 192, 191, 193, 193, 188, 186, 185, 186, 186, 187, 187, 190, 196, 201, 198, 200
2010,14205010,205,CH4 ,10PPBC,10,16, 201, 194, 193, 189, 188, 187, 188, 189, 190, 191, 191, 190, 187, 187, 187, 187, 187, 189, 191, 194, 196, 197, 199, 200
2010,14205010,205,CH4 ,10PPBC,10,17, 203, 195, 193, 192, 193, 192, 191, 191, 191, 190, 189, 187, 188, 189, 189, 191, 193, 195, 197, 200, 201, 199, 203, 200
2010,14205010,205,CH4 ,10PPBC,10,18, 198, 193, 194, 197, 197, 196, 193, 193, 192, 191, 191, 188, 189, 187, 187, 187, 188, 189, 189, 189, 189, 192, 195, 192
2010,14205010,205,CH4 ,10PPBC,10,19, 192, 190, 189, 189, 188, 189, 189, 189, 189, 189, 189, 189, 189, 189, 189, 189, 190, 190, 191, 191, 191, 191, 191, 191
2010,14205010,205,CH4 ,10PPBC,10,20, 190, 190, 191, 191, 191, 192, 193, 193, 194, 193, 190, 189, 190, 190, 192,9999, 209, 213, 193, 192, 193, 194, 193, 194
2010,14205010,205,CH4 ,10PPBC,10,21, 195,9999, 191, 192, 192, 191, 191, 194, 195, 195, 193, 192, 191, 197, 192, 191, 188, 188, 189, 190, 188, 189, 189, 189
2010,14205010,205,CH4 ,10PPBC,10,22, 188, 190, 192, 191, 189, 189, 191, 191, 190, 188, 188, 187, 188, 187, 188, 187, 189, 190, 190, 192, 189, 190, 190, 189
2010,14205010,205,CH4 ,10PPBC,10,23, 190, 192, 191, 190, 190, 190, 191, 191, 190, 190, 189, 187, 187, 187, 189, 190, 190, 188, 190, 190, 194, 193, 197, 207
2010,14205010,205,CH4 ,10PPBC,10,24, 204, 196, 193, 192, 191, 192, 193, 195, 196, 195, 195, 194, 193, 192, 193, 192, 192, 193, 193, 192, 193, 194, 192, 193
2010,14205010,205,CH4 ,10PPBC,10,25, 194, 195, 195, 195, 194, 195, 197, 198, 196, 190, 190, 190, 189, 187, 189, 201, 204, 206, 221, 220, 229, 231, 224, 227
2010,14205010,205,CH4 ,10PPBC,10,26, 212, 193, 189, 189, 188, 190, 195, 198, 191, 189, 188, 188, 189, 189, 188, 189, 191, 192, 194, 190, 190, 190, 189, 190
2010,14205010,205,CH4 ,10PPBC,10,27, 189, 189, 189, 189, 189, 189, 189, 189, 190, 191, 191, 190, 189, 188, 190, 192, 192, 192, 191, 192, 191, 192, 192, 196
2010,14205010,205,CH4 ,10PPBC,10,28, 195,9999, 189, 188, 189, 188, 188, 189, 189,9999,9999, 188, 188, 187, 187, 187, 187, 188, 188, 187, 187, 188, 188, 189
2010,14205010,205,CH4 ,10PPBC,10,29, 189, 189, 190, 191, 190, 189, 187, 187, 189, 188, 190, 188, 186, 185, 184, 184, 185, 188, 190, 187, 189, 188, 190, 190
2010,14205010,205,CH4 ,10PPBC,10,30, 188, 188, 187, 187, 187, 186, 186, 186, 187, 187, 187, 187, 187, 187, 187, 187, 186, 185, 185, 186, 185, 185, 185, 184
2010,14205010,205,CH4 ,10PPBC,10,31, 183, 184, 183, 183, 183, 184, 184, 184, 183, 183, 182, 182, 182, 182, 183, 184, 184, 184, 185, 186, 187, 189, 189, 189
2010,14205010,205,CH4 ,10PPBC,11, 1, 187, 186, 185, 183, 183, 182, 182, 183, 183, 183, 181, 181, 181, 180, 179, 179, 180, 180, 181, 181, 183, 187, 192, 195
2010,14205010,205,CH4 ,10PPBC,11, 2, 195, 195, 197, 200, 199, 198, 200, 197, 189, 189, 184, 183, 182, 180, 181, 181, 182, 185, 186, 188, 187, 191, 195, 199
2010,14205010,205,CH4 ,10PPBC,11, 3, 200, 200, 202, 192, 190, 190, 191, 190, 189, 188, 186, 185, 184, 187, 187, 190, 187, 187, 188, 188, 188, 189, 189, 189
2010,14205010,205,CH4 ,10PPBC,11, 4, 189,9999, 189, 190, 191, 190, 191, 190, 192, 191, 192, 193, 194, 191, 189,9999,9999,9999, 193, 197, 204, 213, 204, 196
2010,14205010,205,CH4 ,10PPBC,11, 5, 195, 200, 204, 204, 204, 205, 206, 206, 197, 193, 188, 184, 185, 184, 184, 183, 184, 188, 192, 195, 200, 203, 207, 206
2010,14205010,205,CH4 ,10PPBC,11, 6, 198, 193, 191, 191, 190, 192, 194, 193, 191, 189, 186, 185, 185, 195, 189, 189, 187, 189, 193, 200, 201, 211, 210, 200
2010,14205010,205,CH4 ,10PPBC,11, 7, 195, 189, 189, 188, 189, 190, 190, 189, 188, 188, 187, 186, 186, 184, 184, 184, 185, 188, 190, 197, 202, 206, 200, 194
2010,14205010,205,CH4 ,10PPBC,11, 8, 191, 189, 191, 193, 191, 193, 193, 196, 196, 191, 189, 190, 190, 189, 191, 190, 189, 186, 185, 187, 193, 196, 195, 198
2010,14205010,205,CH4 ,10PPBC,11, 9, 200, 200, 207, 206, 185, 181, 182, 182, 183, 183, 182, 182, 181, 181, 182, 183, 184, 186, 189, 190, 192, 191, 192, 191
2010,14205010,205,CH4 ,10PPBC,11,10, 189, 189, 191, 193, 196, 200, 205, 206, 202, 200, 188, 186, 184,9999,9999, 183, 184, 188, 190, 189, 188, 190, 197, 198
2010,14205010,205,CH4 ,10PPBC,11,11, 200,9999, 200, 200, 201, 203, 202, 200, 193, 192, 188, 186, 186, 185, 184, 185, 187, 190, 192, 199, 200, 210, 216, 209
2010,14205010,205,CH4 ,10PPBC,11,12, 209, 201, 204, 209, 208, 198, 199, 203, 201, 202, 199, 186, 184, 183, 183, 183, 184, 184, 189, 191, 192, 194, 198, 204
2010,14205010,205,CH4 ,10PPBC,11,13, 203, 204, 197, 193, 194, 195, 196, 195, 193, 192, 191, 189, 188, 189, 187, 186, 187, 190, 193, 195, 200, 206, 203, 198
2010,14205010,205,CH4 ,10PPBC,11,14, 194, 192, 192, 193, 194, 194, 195, 196, 194, 194, 194, 193, 192, 194, 191, 194, 191, 193, 200, 206, 209, 210, 204, 199
2010,14205010,205,CH4 ,10PPBC,11,15, 199, 201, 204, 206, 210, 205, 199, 199, 197, 190, 187, 187, 188, 188, 191, 186, 185, 187, 187, 188, 189, 189, 192, 193
2010,14205010,205,CH4 ,10PPBC,11,16, 192, 190, 190, 190, 192, 193, 195, 195, 191, 190, 188, 187, 187, 187, 187, 187, 188, 189, 190, 193, 193, 200, 204, 199
2010,14205010,205,CH4 ,10PPBC,11,17, 197, 195, 192, 193, 193, 194, 194, 195, 193,9999,9999, 189, 187, 186, 187, 187, 187, 187, 187, 188, 188, 187, 187, 187
2010,14205010,205,CH4 ,10PPBC,11,18, 188,9999, 189, 189, 188, 188, 188, 190, 191, 190, 188, 187, 187, 186, 186, 187, 188, 188, 189, 188, 189, 191, 191, 193
2010,14205010,205,CH4 ,10PPBC,11,19, 190, 189, 188, 187, 186, 187, 187, 189, 189, 188, 187, 186, 186, 186, 208, 205, 187, 189, 191, 198, 200, 203, 201, 198
2010,14205010,205,CH4 ,10PPBC,11,20, 194, 191, 190, 192, 191, 191, 191, 190, 189, 189, 188, 187, 187, 187, 187, 223, 200, 198, 197, 196, 198, 197, 195, 194
2010,14205010,205,CH4 ,10PPBC,11,21, 191, 192, 193, 190, 191, 190, 190, 189, 188, 188, 187, 186, 185, 186, 187, 188, 190, 192, 195, 198, 198, 199, 199, 198
2010,14205010,205,CH4 ,10PPBC,11,22, 190, 191, 189, 189, 190, 190, 192, 192, 195, 192, 192, 191, 188, 190, 190, 192, 192, 191, 190, 191, 191, 191, 191, 190
2010,14205010,205,CH4 ,10PPBC,11,23, 189, 187, 185, 184, 184, 183, 182, 182, 182, 183, 185, 186, 186, 185, 186, 187, 187, 191, 192, 190, 189, 189, 188, 189
2010,14205010,205,CH4 ,10PPBC,11,24, 189, 188, 188, 187, 187, 188, 188, 190, 188, 188, 189, 188, 188, 189, 189, 189, 189, 191, 191, 194, 198, 198, 201, 206
2010,14205010,205,CH4 ,10PPBC,11,25, 205,9999, 204, 198, 195, 195, 197, 197, 195, 194, 194, 194, 194, 194,9999,9999,9999, 198, 196, 193, 191, 188, 189, 186
2010,14205010,205,CH4 ,10PPBC,11,26, 186, 187, 187, 185, 187, 186, 187, 188, 190, 188, 184, 182, 181, 180, 180, 185, 198, 190, 192, 197, 192, 192, 192, 182
2010,14205010,205,CH4 ,10PPBC,11,27, 183, 183, 182, 181, 181, 181, 181, 182, 182, 182, 181, 180, 180, 182, 180, 179, 180, 181, 182, 181, 186, 190, 189, 193
2010,14205010,205,CH4 ,10PPBC,11,28, 192, 195, 195, 190, 182, 181, 182, 182, 186, 183, 181, 179, 178, 177, 178, 178, 179, 182, 185, 185, 182, 181, 181, 182
2010,14205010,205,CH4 ,10PPBC,11,29, 181, 182, 183, 183, 183, 183, 185, 187, 191, 194, 186, 182, 180, 179, 179, 179, 181, 182, 183, 186, 188, 193, 190, 188
2010,14205010,205,CH4 ,10PPBC,11,30, 190, 191, 191, 187, 184, 185, 187, 189, 185, 185, 183, 183, 184, 182, 181, 181, 182, 183, 183, 183, 183, 182, 182, 185
2010,14205010,205,CH4 ,10PPBC,11,31,9998,9998,9998,9998,9998,9998,9998,9998,9998,9998,9998,9998,9998,9998,9998,9998,9998,9998,9998,9998,9998,9998,9998,9998
2010,14205010,205,CH4 ,10PPBC,12, 1, 187, 189, 192, 191, 193, 190, 195, 196, 194, 187, 184, 182, 183, 181, 183, 181, 183, 190, 194, 205, 208, 206, 217, 208
2010,14205010,205,CH4 ,10PPBC,12, 2, 192,9999, 193, 192, 192, 191, 191, 191, 191, 191, 189, 189, 191, 191,9999,9999, 194, 194, 195, 197, 197, 195, 192, 196
2010,14205010,205,CH4 ,10PPBC,12, 3, 196, 194, 194, 193, 194, 189, 179, 177, 178, 177, 178, 180, 180, 180, 180, 179, 180, 181, 185, 186, 186, 187, 187, 186
2010,14205010,205,CH4 ,10PPBC,12, 4, 186, 186, 186, 186, 186, 187, 189, 192, 191, 189, 187, 185, 185, 184, 184, 184, 185, 189, 191, 189, 189, 191, 192, 192
2010,14205010,205,CH4 ,10PPBC,12, 5, 195, 199, 201, 200, 202, 201, 202, 203, 200, 195, 193,9999, 191, 188, 186, 188, 190, 193, 200, 206, 211, 210, 202, 198
2010,14205010,205,CH4 ,10PPBC,12, 6, 194, 194, 193, 191, 191, 191, 193, 194, 194, 193, 190, 189, 189, 187, 186, 187, 188, 186, 188, 193, 193, 196, 204, 204
2010,14205010,205,CH4 ,10PPBC,12, 7, 201, 198, 200, 202, 203, 206, 202, 204, 201, 198, 195, 193, 189, 186, 186, 187, 188, 187, 187, 188, 188, 188, 187, 187
2010,14205010,205,CH4 ,10PPBC,12, 8, 186, 186, 186, 186, 186, 186, 186, 187, 188, 188, 187, 186,9999,9999,9999,9999, 190, 190, 191, 191, 192, 192, 193, 193
2010,14205010,205,CH4 ,10PPBC,12, 9, 192,9999, 190, 189, 190, 191, 192, 192, 192, 191, 190, 188, 187, 186, 187, 188, 190, 193, 194, 195, 194, 196, 199, 203
2010,14205010,205,CH4 ,10PPBC,12,10, 207, 206, 208, 206, 204, 201, 198, 198, 192, 192, 190, 191, 192, 191, 190, 190, 190, 191, 193, 196, 199, 201, 200, 203
2010,14205010,205,CH4 ,10PPBC,12,11, 208, 209, 212, 213, 206, 207, 203, 188, 187, 188, 188, 187, 185, 185, 184, 183, 184, 185, 186, 186, 187, 186, 187, 189
2010,14205010,205,CH4 ,10PPBC,12,12, 190, 194, 195, 193, 192, 191, 189, 190, 190, 189, 189, 188, 188, 188, 190, 192, 192, 195, 194, 191, 192, 192, 193, 192
2010,14205010,205,CH4 ,10PPBC,12,13, 191, 190, 190, 190, 189, 189, 189, 189, 189, 189, 189, 190, 190, 189, 190, 190, 190, 190, 191, 192, 192, 193, 193, 194
2010,14205010,205,CH4 ,10PPBC,12,14, 196, 196, 200, 197, 193, 191, 190, 189, 192, 193, 194, 193, 190, 191, 195, 194, 195, 200, 197, 202, 208, 206, 208, 218
2010,14205010,205,CH4 ,10PPBC,12,15, 209, 202, 200, 192, 186, 188, 191, 190, 192, 190, 190, 190, 188, 186, 186, 188, 189, 190, 189, 189, 191, 192, 195, 195
2010,14205010,205,CH4 ,10PPBC,12,16, 197,9999, 193, 192, 192, 192, 192, 192, 193,9999,9999,9999, 190, 188, 188, 191, 194, 191, 192, 192, 194, 193, 194, 197
2010,14205010,205,CH4 ,10PPBC,12,17, 195, 195, 196, 199, 195, 200, 201, 200, 197, 192, 189, 187, 185, 186, 188, 188, 189, 190, 197, 200, 205, 211, 211, 204
2010,14205010,205,CH4 ,10PPBC,12,18, 198, 195, 196, 196, 196, 197, 202, 208, 212, 196, 188, 186, 185, 187, 189, 193, 192, 186, 187, 188, 188, 189, 189, 189
2010,14205010,205,CH4 ,10PPBC,12,19, 189, 189, 187, 187, 187, 189, 189, 189, 189, 188, 188, 188, 188, 189, 188, 187, 188, 189, 193, 200, 202, 197, 192, 192
2010,14205010,205,CH4 ,10PPBC,12,20, 195, 197, 195, 193, 195, 196, 198, 204, 206, 209, 188, 182, 181, 180, 180, 182, 189, 192, 203, 213, 197, 196, 191, 187
2010,14205010,205,CH4 ,10PPBC,12,21, 188, 192, 196, 197, 197, 196, 193, 191, 189, 189, 188, 188, 189, 188, 187, 188, 188, 189, 188, 187, 187, 186, 187, 186
2010,14205010,205,CH4 ,10PPBC,12,22, 187, 188, 187, 186, 185, 183, 184, 186, 189, 187, 184,9999,9999, 187, 185, 187, 191, 192, 199, 201, 205, 215, 216, 220
2010,14205010,205,CH4 ,10PPBC,12,23, 224,9999, 222, 222, 219, 216, 211, 216, 212, 208, 192, 186, 185, 184, 185, 185, 187, 190, 196, 205, 210, 213, 209, 216
2010,14205010,205,CH4 ,10PPBC,12,24, 214, 215, 212, 209, 199, 190, 190, 193, 193, 192, 191, 190, 189, 189, 187, 187, 187, 191, 193, 194, 195, 197, 196, 195
2010,14205010,205,CH4 ,10PPBC,12,25, 195, 195, 194, 195, 192, 191, 190, 190, 191, 190, 190, 189, 189, 188, 188, 188, 188, 189, 190, 192, 192, 191, 190, 190
2010,14205010,205,CH4 ,10PPBC,12,26, 190, 189, 188, 189, 189, 188, 189, 189, 190, 190, 190, 189, 188, 188, 187, 187, 187, 188, 189, 190, 193, 194, 193, 194
2010,14205010,205,CH4 ,10PPBC,12,27, 196, 199, 200, 189, 189, 189, 190, 192,9999,9999, 190, 190, 190, 189, 188, 188, 190, 193, 198, 200, 201, 209, 210, 208
2010,14205010,205,CH4 ,10PPBC,12,28, 207, 212, 212, 212, 213, 214, 216, 219, 215, 207, 199, 191, 190, 189, 188, 187, 188, 189, 189, 189, 191, 194, 190, 195
2010,14205010,205,CH4 ,10PPBC,12,29, 198, 200, 197, 204, 204, 208, 210, 212, 211, 203, 197, 193, 192, 192, 191, 191, 192, 193, 193, 192, 193, 194, 195, 197
2010,14205010,205,CH4 ,10PPBC,12,30, 200,9999, 200, 202, 201, 195, 193, 194, 195, 197, 193, 191, 191, 190, 188, 191, 196, 192, 190, 190, 191, 193, 193, 195
2010,14205010,205,CH4 ,10PPBC,12,31, 198, 200, 196, 197, 198, 198, 197, 200, 199, 192, 191, 188, 187, 187, 186, 187, 186, 191, 194, 204, 206, 205, 202, 208
2010,14205010,205,CH4 ,10PPBC, 1, 1, 207, 208, 209, 207, 207, 204, 209, 208, 211, 204, 192, 187, 188, 188, 189, 189, 191, 194, 201, 203, 198, 196, 194, 196
2010,14205010,205,CH4 ,10PPBC, 1, 2, 197, 199, 201, 199, 197, 195, 193, 194, 193, 194, 193, 189, 187, 186, 189, 189, 189, 191, 196, 195, 194, 199, 191, 190
2010,14205010,205,CH4 ,10PPBC, 1, 3, 191, 192, 192, 192, 195, 194, 193, 194, 192, 190, 188, 188, 187, 188, 189, 190, 187, 190, 196, 200, 204, 201, 199, 196
2010,14205010,205,CH4 ,10PPBC, 1, 4, 191, 189, 189, 188, 189, 188, 188, 191, 191, 190, 189, 188, 186, 186, 185, 186, 186, 191, 196, 194, 199, 203, 202, 202
2010,14205010,205,CH4 ,10PPBC, 1, 5,9999,9999, 208, 206, 208, 207, 205, 207, 201, 196, 192, 186, 185, 187, 186, 185, 184, 185, 185, 186, 189, 190, 191, 192
2010,14205010,205,CH4 ,10PPBC, 1, 6, 188,9999, 185, 186, 186, 187, 188, 189,9999,9999, 188, 187, 187, 187, 186, 187, 188, 187, 189, 189, 191, 192, 192, 192
2010,14205010,205,CH4 ,10PPBC, 1, 7, 190, 190, 190, 190, 190, 189, 189, 190, 190, 189, 189, 188, 188, 188, 187, 187, 188, 189, 192, 194, 194, 193, 192, 191
2010,14205010,205,CH4 ,10PPBC, 1, 8, 190, 192, 191, 192, 194, 195, 197, 198, 196, 196, 192, 189, 188, 189, 188, 188, 188, 190, 190, 191, 198, 200, 202, 205
2010,14205010,205,CH4 ,10PPBC, 1, 9, 209, 209, 210, 214, 209, 208, 205, 204, 196, 189, 187, 187, 186, 185, 184, 184, 186, 194, 204, 195, 192, 191, 189, 189
2010,14205010,205,CH4 ,10PPBC, 1,10, 189, 189, 190, 191, 191, 191, 192, 192, 192, 191, 189, 189, 189, 189, 189, 189, 189, 191, 191, 192, 194, 195, 194, 193
2010,14205010,205,CH4 ,10PPBC, 1,11, 193, 192, 192, 192, 192, 192, 193, 194, 193, 197, 197, 192, 190, 190, 190, 191, 191, 192, 196, 203, 207, 207, 207, 214
2010,14205010,205,CH4 ,10PPBC, 1,12, 205, 201, 199, 196, 197, 197, 196, 198, 197, 197, 194,9999,9999,9999, 189, 187, 187, 195, 196, 187, 186, 187, 187, 187
2010,14205010,205,CH4 ,10PPBC, 1,13, 187,9999, 189, 189, 188, 188, 189, 189, 190, 189, 188, 188, 187, 187, 187, 189, 189, 188, 189, 190, 192, 191, 191, 192
2010,14205010,205,CH4 ,10PPBC, 1,14, 194, 194, 192, 192, 193, 194, 198, 200, 201, 195, 194, 197, 196, 191, 188, 188, 188, 191, 196, 203, 206, 203, 202, 200
2010,14205010,205,CH4 ,10PPBC, 1,15, 197, 197, 196, 196, 199, 200, 203, 204, 208, 212, 194, 188, 187, 187, 189, 188, 186, 192, 200, 200, 203, 200, 199, 196
2010,14205010,205,CH4 ,10PPBC, 1,16, 196, 196, 197, 198, 199, 197, 191, 191, 188, 188, 188, 189, 188, 188, 187, 189, 189, 191, 191, 195, 193, 193, 191, 191
2010,14205010,205,CH4 ,10PPBC, 1,17, 190, 189, 189, 191, 194, 197, 201, 203, 205, 201, 189, 188, 187, 186, 185, 188, 187, 189, 188, 190, 189, 190, 193, 194
2010,14205010,205,CH4 ,10PPBC, 1,18, 196, 201, 201, 201, 201, 206, 207, 209, 203, 194, 196, 194, 190, 189, 187, 186, 187, 188, 192, 200, 202, 202, 198, 193
2010,14205010,205,CH4 ,10PPBC, 1,19, 193, 193, 194, 195, 197, 197, 201, 207, 207, 193, 190, 189, 187, 188, 188, 187, 188, 189, 194, 200, 198, 191, 193, 194
2010,14205010,205,CH4 ,10PPBC, 1,20, 194,9999, 195, 195, 197, 196, 198, 204,9999,9999, 191, 189, 188, 187, 187, 186, 187, 189, 189, 189, 189, 190, 189, 189
2010,14205010,205,CH4 ,10PPBC, 1,21, 191, 191, 191, 191, 189, 189, 189, 190, 190, 189, 189, 188, 188, 188, 187, 187, 188, 190, 192, 196, 199, 207, 197, 194
2010,14205010,205,CH4 ,10PPBC, 1,22, 192, 191, 190, 189, 191, 191, 192, 194, 193, 189, 188, 188, 187, 186, 185, 186, 186, 188, 194, 200, 205, 193, 192, 193
2010,14205010,205,CH4 ,10PPBC, 1,23, 194, 195, 197, 196, 199, 205, 200, 198, 198, 196, 194, 192, 193, 190, 194, 192, 192, 192, 195, 197, 193, 192, 194, 194
2010,14205010,205,CH4 ,10PPBC, 1,24, 193, 193, 194, 194, 193, 192, 193, 194, 194, 195, 195, 194, 193, 191, 196, 197, 199, 196, 194, 195, 193, 192, 193, 193
2010,14205010,205,CH4 ,10PPBC, 1,25, 194, 194, 194, 194, 194, 194, 195, 198, 198, 196, 193, 191, 191, 190, 191, 193, 192, 193, 199, 194, 193, 193, 193, 193
2010,14205010,205,CH4 ,10PPBC, 1,26, 195, 196, 196, 196, 197, 200, 204, 207, 200,9999,9999,9999,9999,9999,9999,9999,9999,9999,9999,9999,9999,9999,9999,9999
2010,14205010,205,CH4 ,10PPBC, 1,27,9999,9999,9999,9999,9999,9999,9999,9999,9999,9999,9999,9999,9999,9999,9999,9999,9999, 192, 192, 191, 191, 191, 192, 193
2010,14205010,205,CH4 ,10PPBC, 1,28, 193,9999, 194, 196, 197, 200, 201, 200, 200, 197,9999, 192, 192, 191, 190, 190, 191, 193, 191, 191, 191, 192, 192, 192
2010,14205010,205,CH4 ,10PPBC, 1,29, 193, 193, 193, 192, 192, 191, 192, 193, 194, 193, 194, 193, 193, 191, 190, 189, 188, 189, 195, 198, 203, 201, 204, 202
2010,14205010,205,CH4 ,10PPBC, 1,30, 201, 202, 200, 201, 205, 193, 195, 193, 191, 190, 189, 190, 189, 189, 189, 189, 188, 189, 192, 194, 194, 194, 194, 195
2010,14205010,205,CH4 ,10PPBC, 1,31, 196, 197, 197, 196, 200, 198, 201, 205, 198, 194, 191, 191, 191, 190, 189, 189, 189, 189, 190, 192, 203, 208, 212, 207
2010,14205010,205,CH4 ,10PPBC, 2, 1, 207, 211, 215, 218, 218, 220, 219, 220, 216, 205, 191, 192, 190, 188,9999,9999, 191, 192, 199, 203, 204, 197, 196, 195
2010,14205010,205,CH4 ,10PPBC, 2, 2, 195, 195, 194, 192, 192, 193, 193, 194, 194, 194, 195, 196, 196, 193, 190, 192, 192, 194, 197, 200, 204, 200, 204, 208
2010,14205010,205,CH4 ,10PPBC, 2, 3, 205, 200, 197, 196, 198, 197, 198, 204, 203, 197, 194, 194, 197, 195, 192, 190, 190, 191, 191, 192, 193, 198, 202, 199
2010,14205010,205,CH4 ,10PPBC, 2, 4, 199,9999, 205, 207, 205, 206, 201, 203, 201, 200, 198, 192, 191, 194, 200, 196, 192, 192, 201, 206, 209, 215, 218, 224
2010,14205010,205,CH4 ,10PPBC, 2, 5, 216, 202, 200, 197, 197, 197, 198, 199, 197, 198, 193, 193, 193, 196, 197, 194, 195, 198, 205, 207, 209, 214, 213, 208
2010,14205010,205,CH4 ,10PPBC, 2, 6, 207, 207, 203, 203, 201, 200, 199, 199, 201, 200, 201, 201, 196, 195, 195, 197, 197, 199, 199, 203, 206, 205, 203, 199
2010,14205010,205,CH4 ,10PPBC, 2, 7, 200, 202, 203, 206, 205, 205, 210, 211, 201, 194, 191, 191, 190, 188, 189, 189, 191, 190, 192, 192, 191, 193, 193, 192
2010,14205010,205,CH4 ,10PPBC, 2, 8, 192, 192, 191, 191, 190, 191, 192, 194, 196, 197, 193, 192, 194, 195, 192, 191, 191, 191, 193, 193, 191, 194, 193, 192
2010,14205010,205,CH4 ,10PPBC, 2, 9, 191, 190, 191, 192, 191, 190, 191, 191, 191, 191, 191, 191, 190, 190, 189,9999,9999, 191, 196, 203, 208, 212, 206, 197
2010,14205010,205,CH4 ,10PPBC, 2,10, 194, 193, 194, 193, 191, 191, 192, 193, 193, 193, 192, 192, 192, 192, 191, 191, 191, 192, 194, 197, 196, 194, 193, 193
2010,14205010,205,CH4 ,10PPBC, 2,11, 192, 193, 192, 192, 191, 191, 191, 191, 192, 192, 193, 192, 192, 193, 192, 193, 194, 195, 194, 195, 194, 194, 193, 192
2010,14205010,205,CH4 ,10PPBC, 2,12, 191, 190, 190, 190, 190, 190, 190, 191, 191, 189, 189, 189, 190, 189, 189, 189, 189, 190, 191, 191, 193, 195, 198, 200
2010,14205010,205,CH4 ,10PPBC, 2,13, 200, 201, 204, 206, 205, 205, 208, 207, 201, 194, 192, 191, 191, 191, 191, 190, 193, 193, 197, 200, 198, 197, 198, 197
2010,14205010,205,CH4 ,10PPBC, 2,14, 195, 195, 195, 196, 195, 195, 195, 196, 197, 196, 196, 197, 199, 199, 203, 200, 198, 197, 197, 196, 197, 197, 196, 194
2010,14205010,205,CH4 ,10PPBC, 2,15, 193, 193, 191, 191, 192, 193, 194, 194, 193, 194, 195, 194, 193, 192, 191, 191, 192, 194, 194, 195, 196, 196, 195, 196
2010,14205010,205,CH4 ,10PPBC, 2,16, 196, 198, 203, 205, 206, 207, 211, 210, 206, 203, 200, 198, 197, 195, 193, 192,9999, 195, 198, 199, 198, 201, 205, 204
2010,14205010,205,CH4 ,10PPBC, 2,17, 203, 204, 202, 203, 206, 206, 208, 210, 213,9999,9999, 233, 215, 196, 188, 188, 188, 189, 190, 190, 190, 189, 189, 189
2010,14205010,205,CH4 ,10PPBC, 2,18, 185, 184, 184, 183, 183, 182, 182, 182, 188, 187, 188, 187, 186, 187, 187, 187, 187, 189, 189, 191, 192, 191, 192, 191
2010,14205010,205,CH4 ,10PPBC, 2,19, 191, 192, 192, 192, 191, 192, 192, 193, 192, 193, 193, 192, 194, 195, 193, 193, 194, 195, 194, 191, 195, 195, 197, 204
2010,14205010,205,CH4 ,10PPBC, 2,20, 200, 199, 200, 200, 196, 195, 194, 195, 196, 196, 196, 196, 195, 195, 194, 196, 196, 197, 197, 194, 194, 193, 192, 195
2010,14205010,205,CH4 ,10PPBC, 2,21, 192, 193, 192, 192, 192, 192, 192, 193, 193, 193, 192, 192, 192, 192, 194, 191, 191, 192, 192, 192, 194, 196, 194, 194
2010,14205010,205,CH4 ,10PPBC, 2,22, 196, 196, 195, 196, 198, 200, 201, 200, 198, 196, 196, 195, 193, 192, 192, 192, 192, 193, 193, 194, 195, 195, 195, 197
2010,14205010,205,CH4 ,10PPBC, 2,23, 200, 199, 198, 198, 196, 195, 196, 197, 195, 194, 194, 195, 195, 193, 190, 189, 189, 193, 197, 200, 204, 207, 210, 214
2010,14205010,205,CH4 ,10PPBC, 2,24, 207, 209, 211, 200, 198, 199, 200, 203, 204,9999,9999, 200, 194, 190, 189, 188, 188, 188, 190, 189, 189, 188, 186, 186
2010,14205010,205,CH4 ,10PPBC, 2,25, 186, 185, 185, 185, 185, 185, 185, 185, 185, 184, 183, 183, 181, 181, 180, 179, 180, 181, 185, 189, 190, 190, 190, 190
2010,14205010,205,CH4 ,10PPBC, 2,26, 190, 191, 190, 191, 190, 191, 192, 193, 192, 192, 192, 194, 193, 192, 192, 191, 191, 193, 194, 194, 195, 196, 195, 197
2010,14205010,205,CH4 ,10PPBC, 2,27, 198, 201, 202, 201, 201, 199, 200, 201, 202, 197, 189, 188, 187, 187, 186, 185, 185, 187, 190, 193, 195, 195, 195, 196
2010,14205010,205,CH4 ,10PPBC, 2,28, 196, 196, 193, 192, 191, 191, 191, 192, 193, 193, 192, 192, 192, 192, 192, 192, 192, 193, 193, 193, 194, 194, 193, 192
2010,14205010,205,CH4 ,10PPBC, 2,29,9998,9998,9998,9998,9998,9998,9998,9998,9998,9998,9998,9998,9998,9998,9998,9998,9998,9998,9998,9998,9998,9998,9998,9998
2010,14205010,205,CH4 ,10PPBC, 2,30,9998,9998,9998,9998,9998,9998,9998,9998,9998,9998,9998,9998,9998,9998,9998,9998,9998,9998,9998,9998,9998,9998,9998,9998
2010,14205010,205,CH4 ,10PPBC, 2,31,9998,9998,9998,9998,9998,9998,9998,9998,9998,9998,9998,9998,9998,9998,9998,9998,9998,9998,9998,9998,9998,9998,9998,9998
2010,14205010,205,CH4 ,10PPBC, 3, 1, 192, 192, 193, 193, 192, 192, 194, 195, 195, 195, 194, 195, 195, 196, 199, 201, 200, 196, 196, 193, 193, 193, 194, 195
2010,14205010,205,CH4 ,10PPBC, 3, 2, 195, 195, 196, 196, 197, 200, 200, 202, 201, 193, 189, 190, 190, 191, 191, 188, 189, 188, 188, 190, 191, 192, 194, 195
2010,14205010,205,CH4 ,10PPBC, 3, 3, 194, 192, 190, 191, 191, 191, 192, 191, 190,9999,9999, 187, 188, 187, 187, 188, 189, 188, 189, 188, 188, 189, 189, 190
2010,14205010,205,CH4 ,10PPBC, 3, 4, 191, 192, 192, 193, 192, 193, 192, 193, 190, 190, 189, 188, 187, 186, 187, 188, 189, 189, 191, 193, 195, 195, 195, 200
2010,14205010,205,CH4 ,10PPBC, 3, 5, 198, 199, 199, 201, 203, 202, 199, 198, 193, 191, 189, 191, 192, 189, 188, 187, 188, 190, 191, 192, 192, 194, 191, 190
2010,14205010,205,CH4 ,10PPBC, 3, 6, 189, 194, 194, 196, 195, 196, 196, 198, 201, 192, 188, 187, 186, 184, 183, 183, 182, 184, 194, 200, 193, 193, 194, 193
2010,14205010,205,CH4 ,10PPBC, 3, 7, 195, 196, 195, 193, 191, 188, 187, 188, 189, 189, 191, 191, 190, 189, 189, 189, 190, 191, 191, 191, 193, 193, 193, 192
2010,14205010,205,CH4 ,10PPBC, 3, 8, 193, 193, 193, 195, 195, 196, 197, 198, 199, 194, 192, 192, 192, 192, 193, 191, 191, 192, 193, 197, 203, 201, 208, 208
2010,14205010,205,CH4 ,10PPBC, 3, 9, 206, 193, 193, 194, 195, 197, 200, 198, 193,9999,9999,9999, 191, 191, 188, 186, 186, 187, 188, 190, 190, 191, 189, 189
2010,14205010,205,CH4 ,10PPBC, 3,10, 189, 190, 190, 190, 190, 191, 192, 192, 191, 192, 190, 189, 188, 188, 187, 187, 188, 189, 191, 194, 193, 194, 195, 197
2010,14205010,205,CH4 ,10PPBC, 3,11, 196, 200, 201, 195, 194, 193, 193, 193, 191, 191, 189, 188, 188, 187, 188, 187, 186, 188, 189, 189, 190, 191, 192, 191
2010,14205010,205,CH4 ,10PPBC, 3,12, 193, 196, 199, 199, 201, 203, 206, 203, 197, 195, 191, 191, 191, 191, 190, 191, 191, 194, 197, 197, 198, 199, 200, 203
2010,14205010,205,CH4 ,10PPBC, 3,13, 209, 210, 199, 194, 196, 198, 204, 204, 197, 196, 192, 190, 189, 189, 188, 187, 187, 188, 191, 193, 196, 196, 195, 194
2010,14205010,205,CH4 ,10PPBC, 3,14, 196, 203, 207, 205, 200, 204, 213, 197, 189, 187, 184, 184, 184, 183, 182, 183, 182, 184, 185, 186, 187, 185, 185, 185
2010,14205010,205,CH4 ,10PPBC, 3,15, 187, 186, 192, 196, 191, 191, 191, 191, 191, 192, 191, 192, 192, 195, 198, 189,9999,9999,   9, 159, 198, 194, 189, 188
2010,14205010,205,CH4 ,10PPBC, 3,16, 189, 201, 191, 189, 189, 190, 191, 191, 191, 190, 188, 187, 186,9999,9999,   9, 191, 190, 191, 191, 192, 193, 193, 194
2010,14205010,205,CH4 ,10PPBC, 3,17, 194, 194, 194, 194, 194, 195, 196, 196, 195, 193,9999,9999,   8, 174,9999,9999, 206,9999,9999,9999, 201, 197, 196, 195
2010,14205010,205,CH4 ,10PPBC, 3,18, 195, 195, 195, 195, 195, 195, 199,9999,9999,  30, 137, 195, 191, 190, 190, 188, 188, 189, 189, 191, 191, 191, 191, 190
2010,14205010,205,CH4 ,10PPBC, 3,19, 190, 190, 189, 189, 189, 189, 189, 189, 188, 188, 187, 185, 184, 184, 183, 182, 182, 184, 188, 190, 192, 193, 198, 200
2010,14205010,205,CH4 ,10PPBC, 3,20, 206, 200, 200, 199, 201, 204, 207, 201, 191, 190, 189, 189, 188, 187, 186, 182, 181, 182, 182, 183, 184, 182, 182, 181
2010,14205010,205,CH4 ,10PPBC, 3,21, 182, 181, 181, 180, 180, 180, 180, 185, 189, 189, 189, 189, 189, 189, 190, 188, 188, 188, 189, 190, 190, 190, 190, 192
2010,14205010,205,CH4 ,10PPBC, 3,22, 194, 190, 190, 190, 190, 191, 190, 190, 190, 192,9999,9999,  10, 144, 192, 192, 192, 192, 193, 193, 196, 196, 197, 197
2010,14205010,205,CH4 ,10PPBC, 3,23, 197, 196, 193, 191, 191, 192, 191, 192, 192, 192, 191, 190, 191, 190, 190, 191, 192, 192, 192, 193, 194, 194, 192, 192
2010,14205010,205,CH4 ,10PPBC, 3,24,   0, 195, 198, 199, 197, 198, 199, 202, 199, 195, 193, 193, 191, 191,9999, 214, 190, 190, 192,9999,  88, 192, 193, 193
2010,14205010,205,CH4 ,10PPBC, 3,25, 195, 201, 201, 201, 205, 202, 204, 204, 200, 197, 192, 189, 187, 186, 185, 184, 186, 187, 188, 189, 189, 192, 194, 194
2010,14205010,205,CH4 ,10PPBC, 3,26, 194, 192, 191, 191, 193, 192, 194, 193, 193, 189, 188, 187, 187, 186, 186, 186, 186, 186, 187, 189, 189, 191, 191, 191
2010,14205010,205,CH4 ,10PPBC, 3,27, 191, 192, 192, 192, 192, 193, 193, 192, 192, 190, 189, 188, 188, 186, 186, 186, 186, 187, 188, 191, 191, 195, 189, 190
2010,14205010,205,CH4 ,10PPBC, 3,28, 191, 192, 193, 194, 193, 194, 195, 194, 192, 193, 191, 191, 189, 187, 186, 185, 184, 187, 188, 190, 191, 193, 193, 193
2010,14205010,205,CH4 ,10PPBC, 3,29,   0, 194, 192, 192, 194, 196, 198, 197, 194, 190, 188, 186, 185, 185, 183, 183, 183, 184, 188, 191, 193, 195, 195, 193
2010,14205010,205,CH4 ,10PPBC, 3,30, 192, 190, 189, 191, 193, 191, 193, 191, 190, 189, 187, 187, 185, 184, 183, 182, 182, 183, 185, 189, 189, 193, 188, 188
2010,14205010,205,CH4 ,10PPBC, 3,31, 188, 189, 190, 190, 190, 191, 192, 191, 191, 189, 187, 186, 184, 184,9999,9999,9999, 190, 192, 194, 196, 196, 196, 196
2010,14206010,206,CH4 ,10PPBC, 4, 1, 188, 202, 189, 193, 193, 196, 203, 192, 189, 186, 185, 186, 185, 184, 183, 183, 183, 184, 184, 187, 185, 183, 183, 183
2010,14206010,206,CH4 ,10PPBC, 4, 2, 183, 182, 183, 182, 181, 182, 181, 182, 181, 181, 181, 182, 184, 183, 183, 186, 190, 187, 188, 188, 188, 188, 188, 189
2010,14206010,206,CH4 ,10PPBC, 4, 3, 189, 187, 186, 189, 187, 187, 188, 188, 189, 187, 188, 188, 188, 187, 186, 186, 185, 185, 185, 186, 187, 188, 190, 189
2010,14206010,206,CH4 ,10PPBC, 4, 4, 190, 188, 188, 188, 189, 190, 193, 190, 191, 191, 190, 190, 189, 192, 189, 189, 194, 191, 192, 193, 191, 191, 194, 194
2010,14206010,206,CH4 ,10PPBC, 4, 5, 193, 199, 195, 196, 190, 194, 193, 194, 194, 196,9999,9999,9999, 196, 196, 195, 195, 196, 197, 196, 199, 198, 200, 200
2010,14206010,206,CH4 ,10PPBC, 4, 6, 200,9999, 199, 189, 194, 198, 196, 201, 193, 190, 190, 189, 190, 190, 188, 187, 187, 187, 189, 192, 195, 196, 197, 191
2010,14206010,206,CH4 ,10PPBC, 4, 7, 187, 187, 189, 188, 187, 190, 197, 188, 187, 189, 190, 190, 191, 193, 190, 189, 189, 190, 189, 190, 189, 191, 190, 195
2010,14206010,206,CH4 ,10PPBC, 4, 8, 192, 191, 193, 195, 190, 191, 190, 190, 191, 191, 190, 190, 190, 191, 190, 190, 190, 192, 191, 190, 190, 190, 190, 190
2010,14206010,206,CH4 ,10PPBC, 4, 9, 190, 190, 190, 190, 189, 189, 189, 191, 193, 194, 191, 191, 191, 189, 188, 189, 188, 187, 188, 187, 187, 187, 188, 186
2010,14206010,206,CH4 ,10PPBC, 4,10, 186, 186, 186, 187, 189, 191, 187, 187, 186, 186, 186, 187, 188, 187, 186, 188, 189, 187, 187, 189, 189, 187, 190, 188
2010,14206010,206,CH4 ,10PPBC, 4,11, 187, 186, 185, 188, 187, 194, 187, 191, 188, 190, 188, 187, 186, 186, 186, 185, 185, 185, 185, 187, 187, 187, 188, 187
2010,14206010,206,CH4 ,10PPBC, 4,12, 186, 186, 187, 186, 184, 187, 189, 187, 188, 188,9999,9999, 187, 190, 196, 189, 189, 189, 189, 190, 194, 189, 189, 191
2010,14206010,206,CH4 ,10PPBC, 4,13, 192, 195, 188, 188, 187, 187, 187, 188, 185, 185, 184, 183, 191, 188, 185, 185, 184, 183, 182, 183, 184, 184, 185, 187
2010,14206010,206,CH4 ,10PPBC, 4,14, 186, 185, 184, 185, 184, 185, 187, 187, 187, 187, 186, 187, 187, 187, 187, 187, 186, 186, 185, 186, 187, 187, 189, 189
2010,14206010,206,CH4 ,10PPBC, 4,15, 191, 189, 188, 188, 187, 186, 187, 189, 187, 187, 187, 188, 188, 188, 188, 189, 189, 191, 193, 193, 192, 191, 191, 192
2010,14206010,206,CH4 ,10PPBC, 4,16, 190, 188, 188, 188, 189, 189, 188, 189, 189, 190, 189, 189, 189, 189, 190, 189, 190, 191, 190, 191, 192, 190, 188, 190
2010,14206010,206,CH4 ,10PPBC, 4,17, 192, 187, 190, 189, 187, 187, 193, 188, 188, 187, 187, 188, 188, 187, 187, 187, 187, 187, 188, 189, 188, 188, 190, 191
2010,14206010,206,CH4 ,10PPBC, 4,18, 194, 192, 194, 192, 189, 194, 196, 193, 192, 189, 187, 188, 187, 188, 188, 188, 188, 188, 188, 187, 190, 188, 187, 189
2010,14206010,206,CH4 ,10PPBC, 4,19, 195, 189, 188, 190, 187, 194, 189, 190, 189, 189, 189,9999, 188, 188, 188, 187, 188, 188, 189, 190, 193, 190, 191, 194
2010,14206010,206,CH4 ,10PPBC, 4,20, 194, 188, 187, 186, 184, 185, 185, 183, 183, 183, 184, 183, 181, 182, 183, 185, 183, 185, 186, 186, 185, 185, 190, 187
2010,14206010,206,CH4 ,10PPBC, 4,21, 188, 187, 187, 186, 183, 187, 185, 185, 187, 187, 188, 188, 187, 186, 183, 182, 180, 182, 183, 184, 186, 185, 183, 183
2010,14206010,206,CH4 ,10PPBC, 4,22, 187, 189, 191, 189, 190, 191, 189, 188, 190, 190, 190, 189, 188, 191, 190, 191, 189, 189, 196, 191, 190, 190, 191, 193
2010,14206010,206,CH4 ,10PPBC, 4,23, 189, 191, 188, 191, 188, 188, 190, 191, 189, 188, 188, 187, 188, 187, 186, 187, 187, 187, 188, 189, 190, 189, 191, 192
2010,14206010,206,CH4 ,10PPBC, 4,24, 190, 192, 193, 196, 197, 194, 193, 190, 191, 190, 189, 189, 188, 188, 188, 188, 188, 188, 188, 188, 188, 188, 189, 188
2010,14206010,206,CH4 ,10PPBC, 4,25, 188, 189, 188, 188, 187, 188, 187, 188, 187, 191, 192, 191, 191, 189, 188, 187, 187, 187, 188, 191, 188, 188, 188, 187
2010,14206010,206,CH4 ,10PPBC, 4,26, 187, 187, 187, 188, 187, 187, 188, 189, 188, 187, 187,9999,9999, 189, 191, 190, 188, 187, 187, 187, 189, 188, 191, 194
2010,14206010,206,CH4 ,10PPBC, 4,27, 193, 193, 193, 194, 192, 190, 191, 192, 194, 191, 190, 190, 190, 190, 190, 189, 188, 189, 189, 190, 191, 190, 190, 191
2010,14206010,206,CH4 ,10PPBC, 4,28, 189, 196, 190, 190, 188, 188, 187, 190, 189, 193, 192, 188, 190, 190, 188, 187, 188, 188, 188, 189, 189, 189, 189, 188
2010,14206010,206,CH4 ,10PPBC, 4,29, 187, 186, 194, 188, 186, 185, 188, 187, 185, 184, 184, 184, 185, 186, 186, 186, 187, 188, 188, 188, 187, 187, 187, 187
2010,14206010,206,CH4 ,10PPBC, 4,30, 191, 196, 188, 190, 192, 190, 189, 188, 188, 188, 189, 189, 188, 187, 186, 189, 187, 187, 187, 187, 198, 191, 192, 189
2010,14206010,206,CH4 ,10PPBC, 4,31,9998,9998,9998,9998,9998,9998,9998,9998,9998,9998,9998,9998,9998,9998,9998,9998,9998,9998,9998,9998,9998,9998,9998,9998
2010,14206010,206,CH4 ,10PPBC, 5, 1, 188, 188, 187, 188, 188, 188, 189, 190, 187, 188, 186, 188, 188, 187, 188, 188, 188, 188, 188, 188, 189, 189, 191, 188
2010,14206010,206,CH4 ,10PPBC, 5, 2, 188, 188, 188, 188, 190, 189, 188, 189, 188, 189, 188, 189, 188, 188, 188, 186, 186, 188, 188, 188, 188, 188, 189, 186
2010,14206010,206,CH4 ,10PPBC, 5, 3, 187, 188, 187, 186, 188, 188, 187, 188, 188, 188, 188, 189, 188, 187, 187, 186, 186, 187, 187, 189, 190, 190, 191, 189
2010,14206010,206,CH4 ,10PPBC, 5, 4, 197, 189, 186, 186, 188, 186, 186, 186, 186, 187, 185, 185, 184, 185, 185, 186, 186, 187, 187, 189, 188, 189, 187, 188
2010,14206010,206,CH4 ,10PPBC, 5, 5, 188, 187, 187, 185, 186, 186, 187, 186, 185, 186, 185, 184, 184, 183, 184, 184, 185, 184, 187, 190, 187, 186, 189, 185
2010,14206010,206,CH4 ,10PPBC, 5, 6, 187, 185, 188, 184, 184, 184, 184, 184, 182, 181, 180, 179, 181, 180, 179, 178, 180, 179, 179, 179, 180, 179, 179, 180
2010,14206010,206,CH4 ,10PPBC, 5, 7, 180, 179, 180, 179, 179, 179, 179, 179, 179, 179, 178, 178, 178, 178, 177, 177, 177, 177, 178, 179, 180, 180, 180, 179
2010,14206010,206,CH4 ,10PPBC, 5, 8, 180, 179, 179, 179, 179, 181, 181, 181, 182, 183, 183, 186, 184, 183, 184, 183, 183, 183, 183, 184, 184, 185, 184, 183
2010,14206010,206,CH4 ,10PPBC, 5, 9, 183, 183, 183, 183, 183, 184, 184, 184, 186, 185, 185, 186, 186, 188, 187, 187, 188, 187, 186, 187, 186, 185, 186, 186
2010,14206010,206,CH4 ,10PPBC, 5,10, 188, 191, 188, 189, 189, 191, 189, 189, 187, 186, 186, 187, 188,9999,9999, 189, 189, 188, 190, 191, 188, 188, 187, 187
2010,14206010,206,CH4 ,10PPBC, 5,11, 186, 188, 186, 188, 188, 185, 185, 186, 188, 199, 188, 185, 186, 187, 192, 193, 187, 187, 188, 187, 189, 187, 188, 187
2010,14206010,206,CH4 ,10PPBC, 5,12, 187, 187, 188, 188, 190, 188, 188, 189, 189, 188, 188, 190, 187, 186, 187, 186, 187, 187, 188, 188, 188, 187, 188, 188
2010,14206010,206,CH4 ,10PPBC, 5,13, 188, 188, 190, 191, 188, 189, 189, 189, 187, 187, 187, 188, 187, 187, 188, 188, 188, 188, 188, 188, 188, 187, 188, 189
2010,14206010,206,CH4 ,10PPBC, 5,14, 187, 187, 187, 187, 187, 187, 187, 187, 188, 189, 189, 188, 188, 188, 188, 189, 188, 189, 189, 188, 188, 188, 188, 190
2010,14206010,206,CH4 ,10PPBC, 5,15, 190, 189, 189, 188, 188, 188, 188, 189, 191, 189, 190, 188, 189, 188, 188, 188, 188, 187, 187, 187, 187, 188, 187, 187
2010,14206010,206,CH4 ,10PPBC, 5,16, 185, 186, 185, 185, 185, 185, 186, 186, 186, 185, 185, 185, 185, 185, 184, 185, 184, 185, 184, 186, 186, 186, 186, 185
2010,14206010,206,CH4 ,10PPBC, 5,17, 185, 185, 185, 185, 185, 186, 186, 187, 186, 186,9999, 185, 185, 184, 184, 184, 184, 184, 186, 186, 185, 186, 186, 185
2010,14206010,206,CH4 ,10PPBC, 5,18, 186, 186, 186, 186, 185, 186, 186, 186, 185, 184, 184, 184, 185, 184, 184, 183, 184, 184, 184, 184, 186, 184, 186, 188
2010,14206010,206,CH4 ,10PPBC, 5,19, 191, 185, 186, 184, 184, 183, 183, 184, 184, 184, 183, 183, 184, 184, 182, 182, 183, 184, 184, 182, 184, 184, 184, 183
2010,14206010,206,CH4 ,10PPBC, 5,20, 183, 184, 183, 186, 183, 186, 188, 186, 186, 187, 184, 183, 182, 181, 182, 184, 186, 186, 186, 187, 186, 186, 187, 188
2010,14206010,206,CH4 ,10PPBC, 5,21, 188, 187, 189, 186, 187, 187, 185, 186, 187, 186, 186, 186, 187, 187, 187, 185, 185, 187, 187, 188, 188, 189, 188, 188
2010,14206010,206,CH4 ,10PPBC, 5,22, 187, 188, 187, 186, 188, 189, 188, 189, 189, 189, 191, 192, 190, 191, 189, 187, 186, 185, 186, 187, 187, 187, 186, 186
2010,14206010,206,CH4 ,10PPBC, 5,23, 186, 186, 186, 185, 185, 186, 187, 187, 186, 187, 185, 184, 186, 187, 187, 187, 188, 187, 185, 188, 188, 189, 187, 187
2010,14206010,206,CH4 ,10PPBC, 5,24, 186, 185, 185, 186, 187, 186, 187, 188, 189, 192,9999,9999, 186, 187, 186, 186, 186, 185, 186, 188, 189, 185, 184, 184
2010,14206010,206,CH4 ,10PPBC, 5,25, 185, 185, 188, 187, 187, 190, 189, 187, 187, 186, 186, 186, 187, 187, 187, 186, 188, 189, 190, 189, 188, 187, 186, 187
2010,14206010,206,CH4 ,10PPBC, 5,26, 187, 187, 189, 187, 187, 189, 189, 189, 188, 187, 187, 186, 186, 186, 187, 190, 187, 185, 187, 187, 188, 189, 189, 186
2010,14206010,206,CH4 ,10PPBC, 5,27, 187, 188, 189, 188, 188, 186, 186, 187, 187, 185, 185, 184, 184, 185, 185, 185, 186, 191, 186, 187, 185, 185, 186, 186
2010,14206010,206,CH4 ,10PPBC, 5,28, 185, 185, 186, 187, 188, 187, 186, 185, 186, 185, 185, 185, 184, 185, 185, 186, 186, 185, 184, 184, 184, 183, 187, 183
2010,14206010,206,CH4 ,10PPBC, 5,29, 183, 185, 185, 186, 186, 184, 184, 185, 186, 185, 186, 188, 187, 187, 187, 188, 188, 188, 190, 189, 188, 187, 187, 188
2010,14206010,206,CH4 ,10PPBC, 5,30, 186, 187, 187, 188, 185, 184, 185, 185, 185, 184, 185, 185, 186, 186, 186, 186, 187, 186, 186, 186, 187, 187, 186, 185
2010,14206010,206,CH4 ,10PPBC, 5,31, 187, 186, 185, 185, 186, 185, 187, 188, 189, 189, 192,9999,9999,9999,9999, 186, 185, 185, 185, 188, 185, 186, 186, 184
2010,14206010,206,CH4 ,10PPBC, 6, 1, 184, 184, 184, 185, 186, 188, 191, 191, 190, 188, 188, 189, 188, 187, 189, 188, 186, 185, 184, 185, 185, 186, 185, 186
2010,14206010,206,CH4 ,10PPBC, 6, 2, 185, 185, 185, 185, 187, 186, 188, 189, 190, 190, 190, 191, 190, 188, 189, 188, 186, 186, 184, 185, 187, 187, 186, 185
2010,14206010,206,CH4 ,10PPBC, 6, 3, 185, 185, 184, 184, 184, 185, 186, 187, 184, 183, 185, 186, 184, 184, 184, 183, 183, 182, 184, 184, 185, 184, 183, 183
2010,14206010,206,CH4 ,10PPBC, 6, 4, 184, 183, 184, 184, 184, 184, 186, 185, 186, 186, 185, 183, 182, 182, 182, 182, 184, 183, 183, 183, 184, 186, 184, 183
2010,14206010,206,CH4 ,10PPBC, 6, 5, 182, 183, 183, 183, 183, 184, 185, 184, 184, 184, 185, 185, 185, 187, 188, 190, 191, 190, 187, 188, 189, 186, 186, 185
2010,14206010,206,CH4 ,10PPBC, 6, 6, 186, 186, 185, 185, 185, 186, 186, 187, 188, 188, 188, 187, 182, 178, 176, 176, 176, 175, 175, 175, 176, 175, 176, 176
2010,14206010,206,CH4 ,10PPBC, 6, 7, 180, 181, 181, 181, 183, 182, 181, 183, 184, 184,9999,9999, 187, 184, 184, 182, 183, 183, 183, 183, 183, 181,9999,9999
2010,14206010,206,CH4 ,10PPBC, 6, 8,9999,9999,9999,9999,9999,9999,9999,9999,9999,9999,9999,9999,9999,9999,9999, 188, 187, 189, 191, 190, 189, 192, 189, 188
2010,14206010,206,CH4 ,10PPBC, 6, 9, 187,9999, 185, 186, 185, 185, 187, 187, 187, 187, 187, 187, 185, 190, 191, 192, 194, 193, 193, 195, 193, 191, 192, 193
2010,14206010,206,CH4 ,10PPBC, 6,10, 191, 189, 188, 187, 185, 184, 187, 188, 187, 186, 188, 188, 188, 187, 188, 186, 185, 184, 180, 180, 182, 183, 183, 184
2010,14206010,206,CH4 ,10PPBC, 6,11, 184, 183, 183, 187, 188, 187, 188, 187, 188, 187, 186, 186, 186, 184, 182, 183, 183, 183, 184, 184, 186, 185, 184, 183
2010,14206010,206,CH4 ,10PPBC, 6,12, 183, 183, 187, 190, 187, 184, 184, 185, 184, 184, 184, 183, 183, 183, 182, 181, 181, 181, 181, 181, 181, 182, 182, 183
2010,14206010,206,CH4 ,10PPBC, 6,13, 183, 184, 184, 185, 185, 184, 182, 184, 183, 181, 181, 181, 180, 180, 181, 181, 181, 181, 181, 182, 182, 181, 182, 183
2010,14206010,206,CH4 ,10PPBC, 6,14, 181, 181, 182, 182, 182, 182, 182, 182, 183, 184, 183, 184,9999, 184, 184, 184, 183, 186, 185, 184, 185, 186, 185, 184
2010,14206010,206,CH4 ,10PPBC, 6,15, 184, 184, 185, 184, 185, 186, 188, 185, 184, 183, 183, 182, 183, 183, 183, 183, 185, 185, 187, 187, 187, 189, 186, 186
2010,14206010,206,CH4 ,10PPBC, 6,16, 186, 185, 187, 189, 187, 189, 189, 189, 176, 179, 179, 179, 179, 183, 186, 184, 185, 186, 188, 188, 187, 189, 187, 186
2010,14206010,206,CH4 ,10PPBC, 6,17, 187, 188, 186, 185, 185, 185, 187, 187, 188, 187, 187, 188, 188, 188, 187, 186, 186, 183, 183, 183, 183, 184, 185, 185
2010,14206010,206,CH4 ,10PPBC, 6,18, 183, 182, 184, 183, 182, 183, 183, 186, 183, 182, 181, 182, 180, 177, 181, 184, 184, 186, 187, 184, 184, 183, 181, 176
2010,14206010,206,CH4 ,10PPBC, 6,19, 174, 172, 172, 172, 172, 172, 172, 179, 183, 184, 184, 179, 180, 183, 183, 183, 181, 183, 181, 178, 176, 175, 174, 174
2010,14206010,206,CH4 ,10PPBC, 6,20, 174, 177, 179, 178, 177, 178, 180, 180, 178, 178, 175, 175, 177, 174, 179, 178, 179, 177, 177, 177, 178, 176, 176, 177
2010,14206010,206,CH4 ,10PPBC, 6,21, 178, 176, 178, 180, 181, 181, 181, 178, 177, 176,9999,9999, 176, 176, 177, 177, 178, 181, 181, 181, 185, 181, 180, 181
2010,14206010,206,CH4 ,10PPBC, 6,22, 181, 183, 182, 183, 182, 184, 183, 183, 184, 179, 178, 178, 178, 178, 177, 177, 177, 182, 178, 181, 181, 181, 181, 181
2010,14206010,206,CH4 ,10PPBC, 6,23, 181, 181, 182, 183, 179, 179, 178, 178, 177, 175, 175, 175, 177, 177, 182, 175, 179, 181, 181, 182, 180, 179, 179, 180
2010,14206010,206,CH4 ,10PPBC, 6,24, 183, 190, 187, 187, 187, 186, 186, 190, 190, 190, 189, 188, 187, 188, 188, 189, 194, 196, 190, 190, 191, 191, 189, 189
2010,14206010,206,CH4 ,10PPBC, 6,25, 187, 188, 187, 188, 187, 187, 190, 189, 189, 189, 189, 189, 190, 190, 189, 189, 193, 189, 188, 189, 189, 190, 188, 186
2010,14206010,206,CH4 ,10PPBC, 6,26, 185, 188, 187, 184, 184, 184, 186, 186, 185, 182, 178, 178, 177, 177, 177, 178, 177, 177, 178, 178, 178, 178, 178, 178
2010,14206010,206,CH4 ,10PPBC, 6,27, 185, 178, 176, 177, 176, 176, 176, 177, 175, 177, 177, 176, 177, 176, 176, 177, 176, 175, 177, 177, 179, 179, 179, 179
2010,14206010,206,CH4 ,10PPBC, 6,28, 179, 178, 178, 177, 177, 176, 177, 179, 182, 182,9999,9999, 180, 178, 180, 180, 180, 183, 182, 182, 181, 181, 180, 180
2010,14206010,206,CH4 ,10PPBC, 6,29, 182, 185, 183, 185, 187, 188, 186, 186, 185, 187, 184, 185, 184, 183, 181, 180, 178, 178, 176, 176, 177, 178, 179, 180
2010,14206010,206,CH4 ,10PPBC, 6,30, 181, 179, 179, 180, 183, 182, 183, 182, 182, 181, 180, 180, 181, 182, 181, 181, 181, 185, 182, 181, 183, 182, 183, 184
2010,14206010,206,CH4 ,10PPBC, 6,31,9998,9998,9998,9998,9998,9998,9998,9998,9998,9998,9998,9998,9998,9998,9998,9998,9998,9998,9998,9998,9998,9998,9998,9998
2010,14206010,206,CH4 ,10PPBC, 7, 1, 182, 180, 182, 180, 181, 181, 182, 185, 183, 182, 181, 180, 179, 176, 175, 174, 175, 176, 178, 179, 181, 180, 180, 182
2010,14206010,206,CH4 ,10PPBC, 7, 2, 183, 183, 184, 183, 182, 182, 183, 183, 184, 183, 184, 183, 181, 181, 179, 181, 181, 188, 184, 180, 183, 184, 184, 182
2010,14206010,206,CH4 ,10PPBC, 7, 3, 180, 182, 184, 183, 184, 185, 189, 189, 190, 190, 189, 190, 185, 182, 182, 179, 179, 180, 183, 181, 181, 182, 181, 182
2010,14206010,206,CH4 ,10PPBC, 7, 4, 184, 183, 184, 182, 183, 186, 185, 184, 183, 185, 186, 186, 188, 186, 184, 184, 184, 187, 187, 190, 189, 185, 183, 184
2010,14206010,206,CH4 ,10PPBC, 7, 5, 184, 182, 184, 185, 187, 187, 192, 197, 195, 193,9999,9999, 191, 188, 187, 188, 186, 188, 190, 189, 190, 192, 192, 191
2010,14206010,206,CH4 ,10PPBC, 7, 6, 189, 188, 191, 189, 189, 189, 190, 192, 192, 195, 196, 188, 189, 188, 186, 185, 186, 188, 191, 193, 193, 196, 197, 197
2010,14206010,206,CH4 ,10PPBC, 7, 7, 196, 198, 196, 195, 196, 194, 196, 194, 193, 192, 193, 194, 196, 195, 195, 191, 190, 188, 190, 190, 189, 189, 188, 188
2010,14206010,206,CH4 ,10PPBC, 7, 8, 186, 186, 185, 185, 185, 185, 186, 187, 184, 184, 181, 183, 186, 186, 188, 187, 188, 188, 190, 189, 189, 188, 184, 188
2010,14206010,206,CH4 ,10PPBC, 7, 9, 188,9999, 186, 186, 186, 186, 187, 188, 186, 184, 185, 184, 181, 182, 179, 178, 179, 178, 177, 176, 176, 176, 176, 176
2010,14206010,206,CH4 ,10PPBC, 7,10, 176, 180, 180, 182, 184, 182, 180, 180, 180, 181, 180, 180, 180, 182, 182, 183, 184, 187, 187, 188, 187, 186, 185, 185
2010,14206010,206,CH4 ,10PPBC, 7,11, 185, 185, 185, 185, 186, 186, 186, 188, 186, 185, 185, 183, 179, 179, 180, 177, 175, 173, 172, 172, 173, 172, 173, 172
2010,14206010,206,CH4 ,10PPBC, 7,12, 172, 172, 172, 172, 172, 173, 173, 172, 172, 172,9999,9999, 173, 173, 173, 173, 173, 173, 174, 174, 174, 174, 173, 174
2010,14206010,206,CH4 ,10PPBC, 7,13, 175, 178, 177, 179, 178, 179, 181, 182, 182, 186, 177, 179, 177, 174, 174, 174, 173, 186, 188, 189, 189, 189, 190, 191
2010,14206010,206,CH4 ,10PPBC, 7,14, 191, 192, 193, 193, 192, 192, 195, 194, 194, 183, 175, 174, 174, 175, 174, 174, 174, 174, 175, 174, 174, 174, 175, 175
2010,14206010,206,CH4 ,10PPBC, 7,15, 175, 176, 175, 174, 176, 174, 174, 174, 174, 174, 174, 174, 175,9999, 174, 174, 174, 174, 175, 175, 175, 176, 176, 178
2010,14206010,206,CH4 ,10PPBC, 7,16, 178, 178, 178, 176, 180, 180, 177, 179, 176, 174, 175, 175, 175, 174, 175, 174, 175, 175, 175, 176, 177, 176, 178, 178
2010,14206010,206,CH4 ,10PPBC, 7,17, 179, 179, 180, 179, 178, 178, 178, 175, 175, 175, 175, 176, 175, 175, 175, 175, 175, 176, 176, 177, 177, 182, 179, 179
2010,14206010,206,CH4 ,10PPBC, 7,18, 178, 177, 177, 178, 178, 177, 179, 178, 177, 175, 175, 174, 175, 174, 174, 174, 174, 176, 176, 176, 178, 179, 178, 179
2010,14206010,206,CH4 ,10PPBC, 7,19, 179, 180, 180, 178, 178, 178, 178, 177, 176, 176, 176, 176, 176, 176, 176, 175, 175, 175, 176, 176, 177, 179, 178, 178
2010,14206010,206,CH4 ,10PPBC, 7,20, 178, 178, 177, 178, 177, 176, 178, 178, 178, 177, 175,9999,9999,9999, 177, 177, 176, 181, 178, 178, 178, 179, 179, 178
2010,14206010,206,CH4 ,10PPBC, 7,21, 178, 179, 178, 178, 178, 178, 177, 177, 179, 178, 178, 177, 179, 179, 181, 181, 179, 176, 175, 175, 178, 182, 183, 182
2010,14206010,206,CH4 ,10PPBC, 7,22, 183, 180, 180, 179, 179, 178, 179, 181, 182, 182, 182, 181, 180, 179, 176, 176, 177, 176, 176, 179, 177, 177, 179, 179
2010,14206010,206,CH4 ,10PPBC, 7,23, 180, 179, 179, 180, 180, 180, 180, 180, 181, 182, 183, 183, 184, 184, 182, 178, 176, 175, 175, 177, 179, 180, 181, 179
2010,14206010,206,CH4 ,10PPBC, 7,24, 178, 179, 180, 179, 178, 178, 178, 180, 181, 182, 182, 181, 183, 182, 181, 180, 175, 175, 177, 178, 179, 180, 180, 181
2010,14206010,206,CH4 ,10PPBC, 7,25, 180, 179, 179, 179, 182, 178, 178, 180, 179, 179, 179, 178, 178, 176, 175, 176, 178, 178, 179, 178, 178, 177, 178, 178
2010,14206010,206,CH4 ,10PPBC, 7,26, 181, 178, 177, 177, 177, 178, 182, 181, 180, 179, 180, 179, 176,9999,9999, 175, 178, 179, 179, 179, 177, 177, 178, 178
2010,14206010,206,CH4 ,10PPBC, 7,27, 179, 179, 180, 179, 178, 177, 176, 177, 176, 175, 175, 175, 174, 175, 175, 174, 175, 176, 176, 175, 176, 176, 177, 177
2010,14206010,206,CH4 ,10PPBC, 7,28, 177, 178, 177, 177, 176, 176, 176, 176, 174, 174, 174, 174, 174, 174, 175, 174, 175, 174, 175, 176, 176, 175, 176, 177
2010,14206010,206,CH4 ,10PPBC, 7,29, 178, 177, 177, 177, 177, 177, 178, 178, 177, 181, 177, 175, 175, 174, 174, 174, 174, 173, 174, 174, 173, 172, 172, 172
2010,14206010,206,CH4 ,10PPBC, 7,30, 172, 172, 172, 172, 172, 172, 173, 174, 174, 176, 175, 173, 172, 172, 173, 173, 172, 172, 174, 175, 177, 177, 178, 179
2010,14206010,206,CH4 ,10PPBC, 7,31, 178, 178, 177, 178, 178, 177, 178, 178, 177, 177, 179, 178, 176, 176, 176, 176, 175, 178, 182, 180, 180, 180, 180, 180
2010,14206010,206,CH4 ,10PPBC, 8, 1, 180, 179, 180, 179, 180, 179, 179, 180, 179, 179, 180, 178, 176, 175, 176, 177, 178, 178, 178, 179, 176, 176, 176, 177
2010,14206010,206,CH4 ,10PPBC, 8, 2, 177, 179, 179, 179, 180, 180, 183, 179, 174, 174, 172, 173, 172, 172, 172, 173, 175, 175, 175, 176, 174, 175, 175, 175
2010,14206010,206,CH4 ,10PPBC, 8, 3, 176, 175, 175, 175, 175, 175, 177, 176, 174, 173, 173,9999, 172, 172, 172, 172, 172, 172, 172, 172, 173, 174, 174, 174
2010,14206010,206,CH4 ,10PPBC, 8, 4, 174, 173, 175, 174, 174, 174, 174, 176, 173, 172, 173, 173, 172, 173, 172, 172, 173, 173, 173, 173, 174, 174, 174, 175
2010,14206010,206,CH4 ,10PPBC, 8, 5, 175, 174, 174, 174, 174, 174, 175, 175, 175, 173, 172, 172, 172, 171, 172, 171, 172, 172, 173, 174, 175, 175, 175, 175
2010,14206010,206,CH4 ,10PPBC, 8, 6, 175, 175, 175, 176, 174, 174, 174, 174, 173, 173, 172, 173, 173, 173, 173, 173, 173, 173, 174, 174, 175, 175, 174, 175
2010,14206010,206,CH4 ,10PPBC, 8, 7, 176, 176, 175, 176, 176, 176, 176, 176, 177, 176, 178, 177, 177, 176, 176, 177, 177, 176, 176, 177, 178, 178, 177, 177
2010,14206010,206,CH4 ,10PPBC, 8, 8, 176, 176, 176, 175, 175, 176, 176, 177, 177, 176, 176, 175, 175, 175, 174, 173, 173, 174, 173, 174, 175, 174, 174, 172
2010,14206010,206,CH4 ,10PPBC, 8, 9, 172, 172, 173, 175, 174, 174, 175, 175, 175, 174,9999,9999, 174, 183, 175, 173, 173, 173, 173, 174, 173, 174, 175, 176
2010,14206010,206,CH4 ,10PPBC, 8,10, 175, 174, 173, 173, 173, 173, 174, 177, 182, 173, 173, 173, 172, 172, 172, 173, 172, 173, 175, 174, 173, 172, 172, 173
2010,14206010,206,CH4 ,10PPBC, 8,11, 173, 173, 173, 173, 173, 173, 173, 173, 172, 172, 173, 172, 173, 172, 172, 171, 172, 172, 172, 173, 173, 173, 172, 171
2010,14206010,206,CH4 ,10PPBC, 8,12, 172, 172, 172, 172, 172, 172, 172, 173, 178, 173, 174, 174, 175, 176, 178, 177, 176, 178, 177, 178, 180, 180, 179, 178
2010,14206010,206,CH4 ,10PPBC, 8,13, 177, 178, 177, 177, 177, 178, 177, 178, 181, 182, 178, 181, 181, 180, 181, 180, 180, 181, 183, 183, 184, 184, 184, 184
2010,14206010,206,CH4 ,10PPBC, 8,14, 183, 184, 184, 187, 186, 186, 185, 184, 184, 179, 177, 177, 177, 177, 176, 176, 176, 177, 178, 178, 177, 178, 178, 177
2010,14206010,206,CH4 ,10PPBC, 8,15, 177, 177, 180, 181, 181, 180, 180, 178, 176, 175, 176, 176, 175, 175, 175, 175, 174, 173, 174, 174, 175, 173, 175, 175
2010,14206010,206,CH4 ,10PPBC, 8,16, 176, 177, 176, 176, 178, 176, 176, 177, 177, 177,9999,9999, 178, 176, 178, 177, 177, 181, 180, 179, 178, 178, 180, 179
2010,14206010,206,CH4 ,10PPBC, 8,17, 180, 178, 178, 178, 178, 178, 179, 181, 186, 186, 187, 187, 188, 193, 184, 186, 186, 175, 179, 182, 178, 179, 180, 181
2010,14206010,206,CH4 ,10PPBC, 8,18, 185, 184, 183, 182, 182, 184, 184, 184, 183, 182, 181, 183, 187, 184, 180, 179, 181, 177, 174, 174, 175, 175, 176, 180
2010,14206010,206,CH4 ,10PPBC, 8,19, 179, 180, 184, 183, 188, 187, 183, 183, 183, 182, 182, 183, 184, 184, 183, 181, 182, 183, 182, 181, 181, 182, 183, 184
2010,14206010,206,CH4 ,10PPBC, 8,20, 185, 186, 189, 190, 190, 189, 189, 190, 191, 197, 190, 188, 188, 188, 190, 191, 191, 186, 184, 184, 185, 184, 185, 184
2010,14206010,206,CH4 ,10PPBC, 8,21, 185, 185, 185, 184, 186, 185, 185, 186, 186, 186, 187, 187, 186, 184, 185, 185, 185, 184, 184, 185, 185, 186, 185, 183
2010,14206010,206,CH4 ,10PPBC, 8,22, 183, 182, 184, 183, 182, 182, 183, 183, 182, 182, 181, 181, 180, 181, 179, 179, 179, 179, 181, 184, 180, 179, 182, 181
2010,14206010,206,CH4 ,10PPBC, 8,23, 180, 179, 180, 180, 180, 179, 180, 181, 180, 181, 180, 179, 179,9999,9999, 178, 178, 179, 180, 180, 179, 180, 179, 179
2010,14206010,206,CH4 ,10PPBC, 8,24, 179, 178, 179, 179, 179, 179, 179, 180, 180, 179, 179, 179, 179, 178, 179, 178, 178, 179, 180, 180, 179, 180, 181, 180
2010,14206010,206,CH4 ,10PPBC, 8,25, 181, 180, 180, 181, 179, 178, 179, 180, 179, 178, 178, 178, 178, 178, 178, 178, 177, 177, 178, 179, 180, 179, 179, 179
2010,14206010,206,CH4 ,10PPBC, 8,26, 179, 179, 179, 178, 178, 178, 179, 178, 179, 178, 177, 177, 178, 178, 178, 178, 178, 179, 181, 180, 180, 181, 182, 181
2010,14206010,206,CH4 ,10PPBC, 8,27, 180, 180, 180, 180, 179, 179, 180, 181, 183, 185, 184, 179, 179, 178, 175, 173, 173, 177, 178, 177, 178, 177, 176, 178
2010,14206010,206,CH4 ,10PPBC, 8,28, 176, 175, 175, 174, 174, 174, 174, 175, 176, 175, 174, 173, 173, 173, 173, 173, 174, 175, 176, 176, 175, 176, 177, 175
2010,14206010,206,CH4 ,10PPBC, 8,29, 175, 175, 175, 175, 175, 175, 175, 176, 176, 176, 175, 174, 174, 174, 174, 173, 174, 174, 174, 175, 176, 175, 176, 175
2010,14206010,206,CH4 ,10PPBC, 8,30, 174, 175, 176, 175, 175, 175, 176, 176, 176, 176, 175,9999,9999, 177, 177, 175, 174, 174, 175, 176, 176, 176, 176, 176
2010,14206010,206,CH4 ,10PPBC, 8,31, 175, 176, 175, 175, 175, 174, 177, 179, 178, 179, 182, 184, 177, 177, 176, 177, 182, 177, 175, 177, 176, 177, 178, 177
2010,14206010,206,CH4 ,10PPBC, 9, 1, 176, 176, 175, 175, 175, 175, 178, 179, 180, 176, 174, 175, 174, 174, 173, 174, 175, 175, 175, 175, 175, 175, 176, 175
2010,14206010,206,CH4 ,10PPBC, 9, 2, 177, 178, 178, 177, 177, 178, 179, 180, 180, 181, 180, 179, 180, 179, 179, 179, 179, 179, 180, 179, 180, 180, 179, 179
2010,14206010,206,CH4 ,10PPBC, 9, 3, 180, 180, 180, 180, 180, 180, 181, 182, 182, 181, 180, 179, 179, 179, 179, 180, 180, 181, 183, 180, 180, 180, 181, 180
2010,14206010,206,CH4 ,10PPBC, 9, 4, 179, 178, 179, 179, 179, 178, 179, 181, 181, 180, 181, 182, 185, 184, 184, 181, 179, 179, 179, 179, 180, 180, 179, 180
2010,14206010,206,CH4 ,10PPBC, 9, 5, 179, 179, 179, 178, 178, 179, 179, 180, 179, 179, 179, 179, 178, 177, 177, 177, 177, 177, 179, 179, 179, 179, 180, 179
2010,14206010,206,CH4 ,10PPBC, 9, 6, 178, 178, 178, 177, 177, 177, 177, 177, 177, 176, 174,9999,9999, 172, 172, 173, 173, 174, 174, 176, 176, 175, 175, 174
2010,14206010,206,CH4 ,10PPBC, 9, 7, 174, 174, 174, 179, 176, 176, 176, 175, 177, 174, 174, 175, 175, 174, 174, 174, 173, 174, 173, 174, 174, 176, 175, 174
2010,14206010,206,CH4 ,10PPBC, 9, 8, 174, 173, 173, 173, 175, 178, 180, 180, 183, 183, 183, 184, 188, 190, 193, 197, 192, 200, 195, 189, 185, 184, 180, 180
2010,14206010,206,CH4 ,10PPBC, 9, 9, 181, 181, 181, 180, 179, 181, 183, 184, 185, 187, 185, 189, 193, 185, 185, 185, 186, 185, 186, 186, 186, 186, 185, 186
2010,14206010,206,CH4 ,10PPBC, 9,10, 185, 185, 185, 186, 185, 185, 185, 187, 188, 185, 186, 187, 187, 186, 186, 185, 184, 184, 184, 186, 185, 186, 185, 184
2010,14206010,206,CH4 ,10PPBC, 9,11, 184, 184, 184, 183, 184, 184, 184, 185, 185, 185, 185, 185, 182, 181, 181, 181, 182, 184, 185, 184, 184, 184, 184, 183
2010,14206010,206,CH4 ,10PPBC, 9,12, 183, 183, 183, 183, 184, 184, 183, 184, 185, 187, 189, 190, 193, 190, 190, 190, 190, 187, 186, 183, 181, 180, 180, 180
2010,14206010,206,CH4 ,10PPBC, 9,13, 182, 181, 181, 182, 182, 179, 179, 182, 188, 184,9999, 182, 181, 186, 180, 181, 182, 186, 188, 189, 186, 184, 185, 185
2010,14206010,206,CH4 ,10PPBC, 9,14, 184, 184, 185, 186, 184, 185, 187, 188, 185, 183, 184, 183, 184, 183, 184, 183, 183, 182, 182, 182, 181, 182, 187, 188
2010,14206010,206,CH4 ,10PPBC, 9,15, 185, 185, 184, 185, 186, 186, 186, 185, 185, 186, 186, 185, 185, 186, 188, 188, 195, 192, 188, 187, 187, 185, 184, 184
2010,14206010,206,CH4 ,10PPBC, 9,16, 183, 184, 182, 182, 185, 183, 183, 185, 187, 191, 190, 184, 182, 185, 186, 185, 186, 185, 185, 185, 186, 185, 184, 186
2010,14206010,206,CH4 ,10PPBC, 9,17, 186, 185, 185, 185, 183, 184, 186, 187, 186, 189, 186, 184, 182, 183, 183, 183, 183, 184, 187, 185, 185, 184, 184, 185
2010,14206010,206,CH4 ,10PPBC, 9,18, 185, 185, 185, 184, 183, 184, 184, 184, 185, 186, 186, 186, 188, 188, 187, 184, 185, 185, 185, 184, 184, 185, 183, 184
2010,14206010,206,CH4 ,10PPBC, 9,19, 184, 184, 184, 184, 183, 183, 183, 185, 185, 185, 189, 185, 183, 181, 182, 182, 182, 183, 185, 183, 183, 183, 182, 183
2010,14206010,206,CH4 ,10PPBC, 9,20, 183, 182, 183, 183, 183, 184, 185, 186, 187, 188, 193, 191, 189, 188, 188, 187, 187, 187, 187, 187, 186, 186, 185, 185
2010,14206010,206,CH4 ,10PPBC, 9,21, 185, 185, 185, 184, 184, 185, 186, 188, 189, 188,9999,9999, 187, 187, 187, 187, 188, 187, 187, 187, 185, 185, 185, 185
2010,14206010,206,CH4 ,10PPBC, 9,22, 185, 186, 186, 186, 186, 185, 186, 186, 185, 184, 185, 185, 183, 181, 179, 179, 180, 181, 183, 179, 179, 179, 179, 180
2010,14206010,206,CH4 ,10PPBC, 9,23, 187, 188, 186, 185, 185, 186, 187, 187, 187, 187, 184, 185, 187, 186, 185, 185, 185, 185, 185, 185, 185, 185, 185, 185
2010,14206010,206,CH4 ,10PPBC, 9,24, 185, 185, 185, 185, 185, 185, 185, 185, 191, 186, 188, 191, 191, 197, 193, 193, 197, 196, 188, 188, 187, 187, 188, 186
2010,14206010,206,CH4 ,10PPBC, 9,25, 187, 186, 186, 187, 187, 187, 187, 187, 186, 186, 186, 185, 186, 186, 186, 186, 186, 188, 188, 189, 188, 187, 187, 188
2010,14206010,206,CH4 ,10PPBC, 9,26, 188, 189, 188, 189, 188, 187, 188, 189, 189, 189, 190, 192, 191, 191, 191, 190, 190, 188, 187, 188, 189, 189, 189, 189
2010,14206010,206,CH4 ,10PPBC, 9,27, 189, 188, 190, 190, 189, 189, 190, 191, 190, 187,9999,9999, 188, 185, 185, 185, 185, 185, 187, 187, 187, 186, 188, 187
2010,14206010,206,CH4 ,10PPBC, 9,28, 187, 187, 188, 193, 190, 189, 191, 188, 192, 192, 191, 188, 192, 189, 186, 186, 187, 186, 188, 187, 186, 185, 186, 187
2010,14206010,206,CH4 ,10PPBC, 9,29, 187, 185, 184, 188, 187, 189, 187, 189, 189, 189, 186, 187, 186, 186, 188, 189, 188, 187, 187, 188, 189, 188, 187, 187
2010,14206010,206,CH4 ,10PPBC, 9,30, 186, 186, 189, 187, 189, 188, 190, 193, 190, 188, 189, 189, 188, 187, 187, 189, 189, 192, 191, 189, 190, 189, 189, 189
2010,14206010,206,CH4 ,10PPBC, 9,31,9998,9998,9998,9998,9998,9998,9998,9998,9998,9998,9998,9998,9998,9998,9998,9998,9998,9998,9998,9998,9998,9998,9998,9998
2010,14206010,206,CH4 ,10PPBC,10, 1, 190, 190, 190, 190, 189, 189, 192, 190, 189, 190, 190, 190, 187, 188, 186, 187, 186, 187, 187, 187, 187, 187, 186, 188
2010,14206010,206,CH4 ,10PPBC,10, 2, 187, 188, 189, 189, 186, 187, 188, 187, 186, 186, 186, 186, 186, 185, 186, 186, 186, 186, 186, 186, 187, 187, 186, 187
2010,14206010,206,CH4 ,10PPBC,10, 3, 188, 189, 190, 186, 186, 186, 185, 185, 185, 184, 185, 184, 185, 184, 185, 185, 186, 187, 185, 185, 186, 186, 186, 187
2010,14206010,206,CH4 ,10PPBC,10, 4, 187, 188, 188, 189, 189, 190, 189, 189, 192, 191,9999, 188, 189, 189, 190, 190, 189, 189, 191, 193, 192, 194, 193, 191
2010,14206010,206,CH4 ,10PPBC,10, 5, 189, 189, 189, 189, 188, 186, 185, 186, 189, 187, 188, 189, 189, 188, 188, 188, 188, 188, 186, 187, 188, 187, 187, 187
2010,14206010,206,CH4 ,10PPBC,10, 6, 186, 186, 186, 187, 186, 188, 188, 190, 190, 187, 186, 186, 186, 187, 187, 188, 192, 191, 189, 189, 189, 189, 189, 188
2010,14206010,206,CH4 ,10PPBC,10, 7, 188, 187, 185, 186, 187, 186, 189, 189, 189, 187, 191, 188, 188, 189, 192, 192, 192, 193, 189, 189, 189, 189, 188, 189
2010,14206010,206,CH4 ,10PPBC,10, 8, 188, 189, 188, 191, 190, 188, 188, 188, 187, 187, 190, 193, 190, 192, 192, 190, 190, 189, 189, 190, 191, 192, 194, 192
2010,14206010,206,CH4 ,10PPBC,10, 9, 191, 189, 189, 189, 188, 188, 188, 186, 189, 187, 186, 186, 187, 186, 186, 185, 186, 186, 187, 190, 190, 189, 189, 191
2010,14206010,206,CH4 ,10PPBC,10,10, 190, 189, 191, 188, 189, 190, 188, 187, 186, 186, 186, 186, 186, 185, 185, 184, 185, 184, 186, 187, 184, 183, 183, 183
2010,14206010,206,CH4 ,10PPBC,10,11, 184, 183, 182, 183, 186, 185, 183, 185, 185, 184, 184, 185, 186, 185, 185, 186, 186, 187, 185, 184, 184, 185, 184, 185
2010,14206010,206,CH4 ,10PPBC,10,12, 185, 185, 185, 185, 184, 185, 187, 186, 188, 194, 191, 190, 188,9999,9999,9999,9999, 190, 188, 185, 184, 185, 183, 183
2010,14206010,206,CH4 ,10PPBC,10,13, 183,9999, 189, 186, 184, 184, 185, 185, 185, 186, 187, 188, 191, 190, 190, 189, 189, 191, 188, 189, 187, 187, 186, 186
2010,14206010,206,CH4 ,10PPBC,10,14, 184, 185, 184, 185, 188, 187, 187, 186, 186, 189, 188, 189, 188, 189, 190, 188, 191, 190, 189, 189, 189, 191, 190, 190
2010,14206010,206,CH4 ,10PPBC,10,15, 190, 190, 189, 189, 189, 189, 189, 189, 187, 188, 188, 188, 187, 187, 188, 188, 187, 188, 188, 188, 188, 188, 188, 187
2010,14206010,206,CH4 ,10PPBC,10,16, 186, 187, 186, 186, 186, 186, 185, 186, 189, 188, 189, 190, 189, 189, 189, 187, 187, 188, 188, 188, 187, 187, 186, 187
2010,14206010,206,CH4 ,10PPBC,10,17, 187, 188, 189, 188, 187, 188, 187, 189, 188, 189, 188, 186, 185, 186, 186, 187, 187, 187, 186, 186, 185, 187, 187, 188
2010,14206010,206,CH4 ,10PPBC,10,18, 187, 186, 186, 186, 185, 186, 187, 190, 187, 190,9999,9999, 188, 189, 187, 187, 188, 189, 187, 187, 188, 189, 188, 187
2010,14206010,206,CH4 ,10PPBC,10,19, 186, 185, 185, 186, 186, 186, 186, 185, 185, 186, 188, 186, 184, 187, 187, 185, 186, 187, 186, 187, 188, 187, 187, 184
2010,14206010,206,CH4 ,10PPBC,10,20, 185, 185, 185, 184, 184, 187, 186, 186, 186, 186, 189, 187, 186, 186, 187, 186, 188, 186, 185, 184, 184, 184, 185, 184
2010,14206010,206,CH4 ,10PPBC,10,21, 183, 184, 183, 183, 183, 183, 184, 184, 186, 186, 185, 185, 185, 185, 187, 184, 184, 184, 184, 184, 184, 184, 184, 184
2010,14206010,206,CH4 ,10PPBC,10,22, 185, 186, 186, 190, 186, 186, 191, 185, 186, 186, 186, 186, 186, 186, 187, 188, 189, 189, 189, 188, 188, 188, 188, 189
2010,14206010,206,CH4 ,10PPBC,10,23, 188, 188, 188, 190, 189, 186, 187, 186, 186, 186, 186, 186, 186, 187, 187, 187, 187, 187, 187, 186, 187, 188, 189, 189
2010,14206010,206,CH4 ,10PPBC,10,24, 188, 188, 186, 186, 184, 185, 187, 185, 187, 186, 186, 185, 186, 188, 188, 188, 188, 189, 189, 191, 191, 191, 190, 191
2010,14206010,206,CH4 ,10PPBC,10,25, 190, 193, 191, 192, 191, 193, 195, 192, 190, 191,9999,9999, 189, 189, 188, 188, 188, 190, 191, 194, 195, 198, 195, 195
2010,14206010,206,CH4 ,10PPBC,10,26, 194, 192, 192, 193, 188, 186, 185, 185, 186, 188, 191, 189, 189, 193, 189, 187, 189, 189, 189, 189, 190, 189, 188, 189
2010,14206010,206,CH4 ,10PPBC,10,27, 188, 189, 189, 188, 189, 188, 188, 189, 189, 191, 190, 189, 189, 188, 188, 189, 188, 190, 189, 188, 189, 190, 189, 190
2010,14206010,206,CH4 ,10PPBC,10,28, 191, 190, 189, 189, 189, 188, 188, 188, 189, 191, 190, 192, 190, 187, 189, 190, 191, 192, 192, 189, 192, 192, 191, 188
2010,14206010,206,CH4 ,10PPBC,10,29, 191, 189, 187, 187, 189, 192, 192, 193, 193, 190, 190, 190, 191, 190, 190, 193, 191, 190, 190, 189, 188, 188, 191, 189
2010,14206010,206,CH4 ,10PPBC,10,30, 187, 186, 186, 186, 186, 187, 188, 188, 188, 189, 189, 188, 187, 189, 187, 188, 187, 187, 187, 186, 187, 186, 186, 189
2010,14206010,206,CH4 ,10PPBC,10,31, 186, 185, 184, 187, 184, 188, 187, 185, 187, 185, 185, 184, 184, 184, 184, 185, 190, 186, 189, 188, 187, 187, 188, 188
2010,14206010,206,CH4 ,10PPBC,11, 1, 185, 187, 187, 186, 187, 187, 191, 190, 191, 187, 185,9999, 185, 184, 183, 184, 186, 188, 187, 186, 185, 186, 189, 188
2010,14206010,206,CH4 ,10PPBC,11, 2, 189, 187, 186, 187, 187, 190, 188, 189, 189, 186, 187, 186, 186, 185, 185, 186, 186, 193, 188, 187, 190, 194, 190, 188
2010,14206010,206,CH4 ,10PPBC,11, 3, 188, 186, 187, 188, 189, 190, 189, 188, 188, 189, 190, 190, 189, 188, 189, 190, 189, 189, 192, 191, 191, 189, 188, 189
2010,14206010,206,CH4 ,10PPBC,11, 4, 189, 189, 188, 187, 187, 189, 189, 189, 192, 191, 189, 189, 189, 190, 190, 190, 190, 190, 189, 190, 190, 190, 191, 194
2010,14206010,206,CH4 ,10PPBC,11, 5, 194, 191, 191, 191, 189, 188, 190, 193, 190, 197, 189, 189, 189, 188, 187, 188, 188, 188, 191, 188, 188, 188, 188, 187
2010,14206010,206,CH4 ,10PPBC,11, 6, 188, 187, 187, 187, 187, 189, 189, 189, 188, 189, 189, 189, 189, 190, 189, 189, 191, 188, 188, 189, 188, 188, 187, 187
2010,14206010,206,CH4 ,10PPBC,11, 7, 187, 188, 188, 187, 188, 188, 187, 188, 190, 188, 188, 187, 188, 188, 188, 190, 189, 189, 189, 189, 189, 188, 188, 187
2010,14206010,206,CH4 ,10PPBC,11, 8, 187, 187, 187, 188, 187, 187, 190, 190, 194, 198,9999,9999, 189, 189, 189, 188, 189, 188, 189, 189, 191, 190, 187, 189
2010,14206010,206,CH4 ,10PPBC,11, 9, 191, 193, 191, 188, 188, 188, 190, 191, 188, 189, 188, 189, 190, 189, 189, 190, 190, 191, 192, 190, 191, 190, 190, 190
2010,14206010,206,CH4 ,10PPBC,11,10, 193, 194, 198, 192, 191, 191, 191, 193, 193, 191, 190, 189, 188, 187, 188, 187, 187, 201, 195, 191, 216, 225, 260, 249
2010,14206010,206,CH4 ,10PPBC,11,11, 232, 248, 248, 216, 216, 225, 260, 199, 192, 193, 188, 188, 188, 189, 188, 190, 231, 194, 227, 255, 256, 249, 234, 236
2010,14206010,206,CH4 ,10PPBC,11,12, 279,9999, 231, 209, 246, 293, 254, 257, 202, 196,9999,9999,9999,9999, 188, 188, 189, 188, 189, 191, 190, 196, 192, 188
2010,14206010,206,CH4 ,10PPBC,11,13, 190, 189, 189, 189, 192, 191, 189, 191, 190, 189, 190, 188, 188, 189, 189, 190, 190, 190, 191, 194, 195, 195, 193, 191
2010,14206010,206,CH4 ,10PPBC,11,14, 193, 189, 189, 189, 187, 189, 190, 193, 191, 192, 189, 190, 190, 190, 189, 190, 191, 189, 189, 188, 188, 188, 190, 188
2010,14206010,206,CH4 ,10PPBC,11,15, 186, 186, 187, 187, 188, 188, 189, 191, 190, 188, 186, 188, 188, 188, 190, 194, 197, 195, 189, 188, 189, 189, 192, 190
2010,14206010,206,CH4 ,10PPBC,11,16, 190, 191, 189, 190, 189, 190, 191, 191, 191, 192, 191, 192, 193, 190, 190, 190, 190, 190, 191, 192, 192, 193, 193, 194
2010,14206010,206,CH4 ,10PPBC,11,17, 192, 191, 191, 191, 195, 197, 193, 192, 192, 192, 200, 199, 191, 190, 190, 190, 191, 191, 191, 190, 191, 191, 190, 189
2010,14206010,206,CH4 ,10PPBC,11,18, 189, 190, 190, 194, 188, 188, 188, 188, 189, 188, 189, 190, 189, 189, 187, 189, 189, 189, 188, 188, 188, 188, 187, 187
2010,14206010,206,CH4 ,10PPBC,11,19, 189, 189, 192, 188, 188, 189, 191, 193, 194, 190, 189, 189, 189, 188, 188, 189, 189, 189, 188, 189, 190, 192, 191, 191
2010,14206010,206,CH4 ,10PPBC,11,20, 190, 190, 190, 191, 190, 191, 193, 192, 191, 190, 189, 188, 188, 188, 188, 189, 189, 189, 189, 189, 190, 189, 188, 189
2010,14206010,206,CH4 ,10PPBC,11,21, 189, 189, 188, 188, 190, 191, 191, 199, 192, 188, 187, 187, 187, 186, 187, 188, 188, 187, 187, 189, 188, 189, 187, 188
2010,14206010,206,CH4 ,10PPBC,11,22, 187, 189, 189, 189, 189, 198, 190, 195, 193, 192,9999,9999, 190, 190, 189, 198, 193, 194, 192, 194, 190, 187, 187, 186
2010,14206010,206,CH4 ,10PPBC,11,23, 190, 187, 188, 184, 184, 188, 190, 188, 184, 185, 184, 185, 186, 188, 190, 190, 189, 188, 189, 189, 190, 193, 192, 190
2010,14206010,206,CH4 ,10PPBC,11,24, 191, 192, 191, 192, 191, 192, 191, 191, 190, 191, 191, 190, 189, 189, 190, 191, 192, 193, 192, 192, 193, 192, 193, 193
2010,14206010,206,CH4 ,10PPBC,11,25, 193, 193, 193, 191, 190, 191, 194, 193, 193, 193, 193, 195, 195, 195, 195, 195, 195, 195, 195, 196, 196, 198, 199, 197
2010,14206010,206,CH4 ,10PPBC,11,26, 200, 198, 198, 198, 189, 188, 188, 189, 189, 195, 192, 188, 188, 189, 188, 189, 189, 188, 188, 190, 196, 198, 197, 202
2010,14206010,206,CH4 ,10PPBC,11,27, 194, 192, 189, 190, 190, 190, 193, 189, 189, 189, 189, 189, 189, 189, 189, 190, 190, 189, 189, 189, 190, 193, 190, 189
2010,14206010,206,CH4 ,10PPBC,11,28, 190, 194, 188, 190, 189, 190, 191, 190, 191, 191, 190, 193, 190, 190, 190, 190, 188, 189, 189, 192, 192, 191, 189, 188
2010,14206010,206,CH4 ,10PPBC,11,29, 189, 188, 187, 191, 190, 192, 198, 192, 191, 195,9999,9999, 188, 188, 189, 190, 192, 195, 193, 194, 194, 198, 192, 191
2010,14206010,206,CH4 ,10PPBC,11,30, 190, 190, 189, 190, 190, 190, 191, 198, 200, 193, 191, 190, 190, 190, 190, 191, 191, 192, 192, 194, 197, 193, 195, 194
2010,14206010,206,CH4 ,10PPBC,11,31,9998,9998,9998,9998,9998,9998,9998,9998,9998,9998,9998,9998,9998,9998,9998,9998,9998,9998,9998,9998,9998,9998,9998,9998
2010,14206010,206,CH4 ,10PPBC,12, 1, 196, 192, 190, 188, 189, 189, 196, 193, 194, 192, 189, 189, 190, 190, 192, 192, 191, 194, 193, 195, 195, 193, 195, 194
2010,14206010,206,CH4 ,10PPBC,12, 2, 196, 191, 190, 190, 189, 187, 192, 195, 193, 199, 198, 197, 196, 198, 189, 189, 188, 193, 194, 193, 194, 194, 192, 192
2010,14206010,206,CH4 ,10PPBC,12, 3, 192, 188, 189, 192, 190, 197, 195, 190, 187, 189, 187, 186, 189, 190, 189, 187, 188, 189, 189, 190, 190, 191, 190, 189
2010,14206010,206,CH4 ,10PPBC,12, 4, 189, 189, 189, 189, 189, 191, 193, 193, 192, 189, 188, 188, 188, 187, 187, 188, 189, 188, 188, 190, 188, 190, 190, 189
2010,14206010,206,CH4 ,10PPBC,12, 5, 188, 188, 188, 188, 190, 188, 190, 193, 202, 189, 189, 189, 190, 190, 189, 189, 189, 189, 190, 189, 191, 191, 192, 192
2010,14206010,206,CH4 ,10PPBC,12, 6, 190, 192, 191, 191, 191, 191, 191, 194, 198, 195,9999,9999,9999, 190, 191, 207, 199, 191, 190, 190, 188, 193, 190, 195
2010,14206010,206,CH4 ,10PPBC,12, 7, 197, 195, 192, 189, 193, 191, 191, 195, 197, 193, 193, 190, 189, 190, 191, 192, 194, 192, 192, 189, 189, 189, 190, 190
2010,14206010,206,CH4 ,10PPBC,12, 8, 189, 190, 190, 191, 190, 190, 190, 191, 192, 190, 189, 189, 189, 189, 189, 189, 188, 189, 190, 190, 191, 197, 190, 190
2010,14206010,206,CH4 ,10PPBC,12, 9, 189, 188, 192, 189, 189, 192, 190, 191, 196, 194, 191, 192, 190, 191, 191, 192, 192, 191, 190, 200, 192, 189, 192, 192
2010,14206010,206,CH4 ,10PPBC,12,10, 197, 199, 193, 192, 194, 191, 192, 195, 195, 194, 192, 190, 190, 190, 192, 192, 191, 192, 192, 191, 190, 197, 190, 190
2010,14206010,206,CH4 ,10PPBC,12,11, 189, 189, 192, 197, 198, 199, 209, 196, 189, 189, 188, 187, 186, 187, 186, 185, 186, 187, 193, 190, 190, 188, 187, 186
2010,14206010,206,CH4 ,10PPBC,12,12, 190, 191, 191, 188, 194, 189, 191, 193, 195, 190,9999, 185, 189, 188, 188, 189, 190, 190, 189, 189, 195, 190, 193, 194
2010,14206010,206,CH4 ,10PPBC,12,13, 192, 199, 196, 195, 192, 192, 193, 192, 193, 192,9999,9999, 190, 194, 193, 192, 190, 189, 193, 191, 189, 190, 191, 189
2010,14206010,206,CH4 ,10PPBC,12,14, 189, 190, 191, 192, 194, 193, 195, 196, 195, 194, 191, 189, 190, 189, 190, 191, 193, 192, 190, 190, 193, 200, 190, 190
2010,14206010,206,CH4 ,10PPBC,12,15, 199, 199, 189, 188, 187, 187, 187, 189, 189, 187, 187, 188, 187, 187, 186, 189, 188, 191, 193, 189, 189, 190, 190, 192
2010,14206010,206,CH4 ,10PPBC,12,16, 191, 191, 192, 192, 195, 194, 193, 194, 192, 191, 190, 190, 191, 201, 206, 197, 198, 206, 198, 197, 196, 194, 192, 191
2010,14206010,206,CH4 ,10PPBC,12,17, 193, 191, 190, 191, 192, 189, 191, 192, 197, 192, 190, 190, 190, 190, 190, 191, 191, 193, 191, 190, 191, 194, 191, 194
2010,14206010,206,CH4 ,10PPBC,12,18, 193, 197, 197, 190, 191, 195, 195, 200, 203, 193, 191, 190, 190, 190, 189, 192, 192, 197, 195, 193, 195, 193, 192, 192
2010,14206010,206,CH4 ,10PPBC,12,19, 195, 194, 193, 193, 196, 199, 193, 194, 194, 193, 193, 190, 189, 190, 191, 191, 191, 191, 192, 192, 196, 199, 200, 201
2010,14206010,206,CH4 ,10PPBC,12,20, 194, 193, 199, 198, 199, 194, 196, 197, 204, 205,9999,9999, 189, 190, 190, 195, 189, 192, 189, 188, 188, 187, 186, 188
2010,14206010,206,CH4 ,10PPBC,12,21, 188, 187, 186, 188, 187, 188, 191, 194, 195, 195, 194, 190, 193, 189, 191, 189, 190, 191, 191, 190, 189, 192, 190, 190
2010,14206010,206,CH4 ,10PPBC,12,22, 191, 192, 195, 190, 191, 190, 215, 196, 195, 193, 191, 188, 189, 187, 187, 186, 185, 188, 188, 188, 187, 204, 196, 187
2010,14206010,206,CH4 ,10PPBC,12,23, 187, 187, 188, 190, 201, 189, 188, 192, 202, 190, 189, 189, 188, 186, 186, 187, 187, 188, 188, 187, 189, 188, 188, 194
2010,14206010,206,CH4 ,10PPBC,12,24, 190, 190, 191, 189, 188, 189, 189, 190, 190, 190, 189, 189, 189, 190, 189, 188, 188, 188, 188, 189, 190, 189, 191, 191
2010,14206010,206,CH4 ,10PPBC,12,25, 190, 189, 188, 189, 188, 188, 188, 188, 188, 188, 188, 188, 188, 188, 189, 188, 189, 188, 188, 188, 188, 188, 188, 188
2010,14206010,206,CH4 ,10PPBC,12,26, 187, 188, 192, 189, 188, 192, 190, 192, 190, 188, 188, 188, 188, 188, 189, 188, 188, 188, 189, 188, 189, 192, 202, 203
2010,14206010,206,CH4 ,10PPBC,12,27, 197, 195, 202, 203, 193, 193, 190, 189, 190, 190, 190, 190, 190, 189, 189, 189, 189, 195, 192, 194, 192, 190, 192, 190
2010,14206010,206,CH4 ,10PPBC,12,28, 190, 190, 192, 190, 193, 193, 192, 198, 204, 194, 190, 195, 189, 189, 189, 188, 188, 189, 188, 188, 191, 196, 190, 189
2010,14206010,206,CH4 ,10PPBC,12,29, 194, 193, 193, 191, 201, 199, 193, 201, 199,9999,9999,9999,9999,9999,9999,9999, 185, 191, 196, 193, 193, 191, 196, 196
2010,14206010,206,CH4 ,10PPBC,12,30, 191, 194, 193, 193, 196, 196, 193, 194, 193, 193, 192, 192, 193, 191, 189, 188, 197, 197, 198, 198, 199, 196, 196, 195
2010,14206010,206,CH4 ,10PPBC,12,31, 203, 199, 196, 196, 195, 195, 194, 194, 194, 193, 192, 191, 190, 192, 191, 191, 192, 192, 201, 196, 192, 194, 195, 193
2010,14206010,206,CH4 ,10PPBC, 1, 1, 195, 202, 204, 194, 194, 194, 201, 204, 211, 194, 195, 192, 192, 192, 193, 191, 192, 192, 194, 194, 195, 194, 194, 194
2010,14206010,206,CH4 ,10PPBC, 1, 2, 200, 198, 194, 197, 191, 195, 193, 196, 196, 193, 192, 191, 191, 191, 192, 193, 191, 191, 193, 195, 192, 198, 191, 191
2010,14206010,206,CH4 ,10PPBC, 1, 3, 195, 191, 199, 196, 193, 198, 193, 193, 193, 192, 189, 189, 190, 189, 188, 189, 189, 189, 190, 191, 191, 195, 193, 197
2010,14206010,206,CH4 ,10PPBC, 1, 4, 195, 192, 192, 193, 190, 195, 191, 196, 194, 192, 190, 190, 190, 190, 191, 190, 202, 190, 191, 191, 191, 191, 190, 191
2010,14206010,206,CH4 ,10PPBC, 1, 5, 191, 189, 189, 191, 196, 194, 194, 197, 199, 197,9999, 189, 189, 188, 188, 190, 191, 190, 190, 190, 192, 202, 195, 190
2010,14206010,206,CH4 ,10PPBC, 1, 6, 188, 188, 188, 188, 189, 191, 192, 193, 191, 190, 189, 189, 188, 188, 189, 193, 191, 191, 191, 191, 194, 193, 195, 191
2010,14206010,206,CH4 ,10PPBC, 1, 7, 204, 190, 191, 193, 199, 195, 191, 195, 197, 202, 200, 190, 189, 189, 189, 189, 190, 195, 191, 191, 193, 202, 192, 191
2010,14206010,206,CH4 ,10PPBC, 1, 8, 193, 191, 190, 193, 195, 191, 191, 194, 196, 194, 190, 189, 189, 190, 190, 189, 190, 190, 191, 192, 194, 190, 191, 192
2010,14206010,206,CH4 ,10PPBC, 1, 9, 197, 199, 198, 195, 201, 203, 193, 205, 202, 189, 190, 187, 188, 189, 188, 189, 188, 188, 189, 192, 189, 190, 190, 191
2010,14206010,206,CH4 ,10PPBC, 1,10, 192, 189, 190, 192, 191, 190, 192, 191, 195, 193, 191, 192, 192, 191, 191, 191, 191, 191, 191, 193, 192, 192, 194, 198
2010,14206010,206,CH4 ,10PPBC, 1,11, 192, 191, 194, 191, 193, 194, 201, 196, 197, 206, 198,9999,9999, 204, 190, 190, 191, 191, 192, 194, 191, 191, 192, 193
2010,14206010,206,CH4 ,10PPBC, 1,12, 194, 195, 192, 191, 193, 193, 193, 199, 201, 201, 191, 191, 191, 191, 190, 189, 190, 194, 191, 194, 198, 196, 192, 195
2010,14206010,206,CH4 ,10PPBC, 1,13, 192, 192, 191, 194, 206, 197, 193, 196, 201, 198, 192, 191, 190, 190, 190, 189, 193, 196, 192, 192, 191, 194, 193, 196
2010,14206010,206,CH4 ,10PPBC, 1,14, 192, 193, 193, 193, 191, 204, 198, 196, 196, 194, 193, 191, 191, 193, 193, 193, 198, 194, 201, 195, 192, 196, 193, 196
2010,14206010,206,CH4 ,10PPBC, 1,15, 191, 193, 195, 194, 192, 199, 197, 198, 196, 192, 190, 189, 190, 189, 189, 189, 189, 189, 190, 190, 189, 192, 189, 188
2010,14206010,206,CH4 ,10PPBC, 1,16, 190, 202, 192, 194, 191, 196, 196, 194, 191, 192, 191, 191, 190, 191, 190, 191, 190, 190, 190, 190, 190, 191, 191, 192
2010,14206010,206,CH4 ,10PPBC, 1,17, 201, 196, 192, 190, 191, 191, 192, 191, 192, 192,9999,9999, 192, 190, 191, 192, 192, 190, 199, 192, 189, 196, 200, 194
2010,14206010,206,CH4 ,10PPBC, 1,18, 192, 195, 195, 191, 194, 201, 201, 197, 194, 196, 195, 194, 192, 191, 189, 190, 191, 192, 192, 191, 191, 194, 194, 194
2010,14206010,206,CH4 ,10PPBC, 1,19, 190, 192, 190, 190, 195, 197, 190, 201, 199, 198, 190, 189, 189, 189, 189, 190, 191, 190, 190, 191, 192, 191, 193, 191
2010,14206010,206,CH4 ,10PPBC, 1,20, 191, 191, 190, 193, 192, 193, 197, 194, 198, 194, 189, 189, 188, 188, 188, 188, 189, 193, 193, 190, 194, 195, 192, 194
2010,14206010,206,CH4 ,10PPBC, 1,21, 191, 198, 191, 191, 193, 196, 196, 198, 201, 200, 191, 191, 191, 190, 190, 189, 189, 190, 190, 191, 191, 193, 199, 193
2010,14206010,206,CH4 ,10PPBC, 1,22, 190, 193, 190, 190, 190, 191, 192, 197, 193, 190, 189, 188, 188, 189, 188, 187, 189, 193, 189, 189, 190, 190, 191, 195
2010,14206010,206,CH4 ,10PPBC, 1,23, 194, 189, 192, 193, 191, 191, 199, 205, 197, 190, 189, 190, 189, 189, 190, 192, 194, 193, 193, 191, 193, 195, 198, 193
2010,14206010,206,CH4 ,10PPBC, 1,24, 193, 195, 193, 193, 195, 198, 198, 193, 196, 193,9999, 193, 190, 192, 193, 192, 192, 194, 194, 192, 198, 196, 197, 196
2010,14206010,206,CH4 ,10PPBC, 1,25, 192, 194, 192, 195, 195, 197, 192, 200, 198, 195, 193, 191, 192, 192, 191, 191, 191, 193, 193, 196, 203, 193, 192, 197
2010,14206010,206,CH4 ,10PPBC, 1,26, 209, 192, 191, 192, 191, 197, 196, 197, 199, 198, 192, 191, 190, 192, 192, 188, 191, 191, 190, 189, 192, 196, 205, 194
2010,14206010,206,CH4 ,10PPBC, 1,27, 194, 205, 213, 191, 190, 196, 197, 201, 209, 204, 191, 190, 190, 189, 189, 189, 188, 197, 195, 193, 191, 191, 192, 191
2010,14206010,206,CH4 ,10PPBC, 1,28, 191, 193, 194, 195, 194, 195, 195, 201, 200, 192, 191, 190, 191, 190, 190, 190, 192, 191, 191, 197, 195, 191, 191, 194
2010,14206010,206,CH4 ,10PPBC, 1,29, 195, 198, 192, 193, 203, 194, 194, 194, 193, 191, 190, 190, 191, 190, 190, 191, 193, 192, 191, 193, 194, 201, 202, 193
2010,14206010,206,CH4 ,10PPBC, 1,30, 189, 189, 189, 191, 203, 193, 197, 201, 190, 189, 189, 189, 190, 189, 189, 189, 189, 189, 194, 194, 194, 190, 193, 198
2010,14206010,206,CH4 ,10PPBC, 1,31, 207, 198, 191, 190, 190, 190, 193, 196, 196, 198,9999,9999, 189, 189, 189, 190, 191, 192, 195, 198, 200, 203, 194, 191
2010,14206010,206,CH4 ,10PPBC, 2, 1, 201, 190, 189, 191, 192, 199, 194, 194, 202, 193, 189, 189, 188, 188, 189, 188, 188, 189, 190, 190, 191, 191, 193, 191
2010,14206010,206,CH4 ,10PPBC, 2, 2, 193, 191, 190, 207, 195, 198, 198, 200, 200, 192, 191, 191, 190, 189, 191, 191, 191, 193, 191, 191, 195, 192, 192, 197
2010,14206010,206,CH4 ,10PPBC, 2, 3, 199, 194, 193, 191, 192, 191, 194, 199, 194, 193, 192, 190, 191, 191, 191, 191, 191, 193, 189, 189, 191, 196, 214, 194
2010,14206010,206,CH4 ,10PPBC, 2, 4, 202, 207, 213, 196, 212, 197, 207, 195, 203, 196, 189, 189, 189, 189, 190, 191, 194, 195, 193, 194, 195, 192, 202, 192
2010,14206010,206,CH4 ,10PPBC, 2, 5, 194, 191, 191, 190, 192, 196, 198, 196, 197, 195, 192, 193, 192, 192, 191, 191, 191, 193, 192, 194, 194, 190, 196, 196
2010,14206010,206,CH4 ,10PPBC, 2, 6, 200, 194, 197, 197, 196, 198, 201, 198, 198, 197, 195, 194, 194, 192, 193, 193, 195, 194, 193, 194, 201, 193, 198, 200
2010,14206010,206,CH4 ,10PPBC, 2, 7, 204, 200, 212, 197, 197, 197, 195, 197, 198, 194, 192,9999,9999,9999,9999,9999,9999,9999,9999,9999,9999,9999,9999,9999
2010,14206010,206,CH4 ,10PPBC, 2, 8,9999,9999,9999,9999,9999,9999,9999,9999,9999,9999,9999,9999,9999,9999,9999, 190, 196, 205, 195, 194, 193, 195, 195, 194
2010,14206010,206,CH4 ,10PPBC, 2, 9, 193, 194, 193, 192, 191, 190, 190, 194, 193, 199, 193, 190, 190, 188, 190, 189, 190, 192, 192, 193, 191, 191, 189, 191
2010,14206010,206,CH4 ,10PPBC, 2,10, 193,9999, 194, 195, 193, 197, 194, 195, 193, 192, 192, 191, 191, 191, 190, 189, 190, 193, 190, 190, 190, 193, 194, 194
2010,14206010,206,CH4 ,10PPBC, 2,11, 196, 191, 192, 193, 192, 189, 189, 190, 189, 189, 189, 189, 190, 189, 189, 190, 191, 191, 193, 192, 195, 197, 194, 198
2010,14206010,206,CH4 ,10PPBC, 2,12, 198, 196, 195, 195, 197, 196, 195, 197, 195, 194, 194, 196, 194, 194, 192, 194, 193, 193, 192, 194, 194, 196, 194, 195
2010,14206010,206,CH4 ,10PPBC, 2,13, 198, 206, 192, 192, 193, 194, 195, 195, 197, 195, 193, 193, 192, 192, 191, 192, 193, 191, 193, 193, 193, 195, 195, 196
2010,14206010,206,CH4 ,10PPBC, 2,14, 194, 191, 192, 192, 194, 196, 193, 194, 196, 197,9999,9999, 190, 192, 191, 197, 207, 202, 193, 194, 192, 196, 193, 191
2010,14206010,206,CH4 ,10PPBC, 2,15, 192, 190, 191, 189, 192, 191, 189, 194, 191, 192, 192, 189, 189, 189, 190, 190, 189, 190, 192, 190, 201, 197, 194, 191
2010,14206010,206,CH4 ,10PPBC, 2,16, 191, 191, 191, 193, 196, 192, 194, 196, 196, 193, 191, 190, 190, 190, 191, 190, 190, 191, 189, 190, 194, 190, 197, 191
2010,14206010,206,CH4 ,10PPBC, 2,17, 198, 201, 196, 194, 191, 194, 197, 195, 198, 200, 193, 196, 197, 196, 187, 186, 188, 185, 187, 188, 190, 187, 188, 188
2010,14206010,206,CH4 ,10PPBC, 2,18, 190, 190, 198, 204, 193, 203, 189, 186, 193, 186, 187, 186, 186, 186, 187, 185, 185, 186, 186, 189, 190, 191, 191, 193
2010,14206010,206,CH4 ,10PPBC, 2,19, 190, 188, 195, 194, 190, 192, 191, 189, 190, 189, 190, 188, 188, 188, 188, 188, 189, 189, 188, 189, 190, 189, 190, 190
2010,14206010,206,CH4 ,10PPBC, 2,20, 189, 190, 191, 194, 200, 193, 192, 192, 190, 191, 189, 189, 190, 188, 187, 187, 188, 188, 190, 189, 190, 189, 189, 187
2010,14206010,206,CH4 ,10PPBC, 2,21, 187, 191, 188, 192, 190, 191, 187, 188, 189, 189,9999,9999, 190, 189, 189, 189, 189, 191, 191, 194, 194, 192, 194, 190
2010,14206010,206,CH4 ,10PPBC, 2,22, 190, 190, 189, 190, 192, 199, 197, 195, 195, 193, 192, 191, 189, 189, 189, 188, 189, 189, 191, 192, 191, 191, 193, 201
2010,14206010,206,CH4 ,10PPBC, 2,23, 202, 192, 196, 197, 192, 192, 194, 195, 193, 190, 193, 187, 187, 188, 188, 190, 191, 195, 190, 190, 190, 191, 194, 194
2010,14206010,206,CH4 ,10PPBC, 2,24, 190, 189, 189, 195, 191, 192, 198, 194, 190, 192, 194, 192, 189, 187, 186, 191, 190, 190, 193, 188, 192, 194, 192, 206
2010,14206010,206,CH4 ,10PPBC, 2,25, 189, 186, 191, 187, 185, 184, 183, 184, 183, 183, 183, 183, 183, 184, 184, 184, 184, 184, 184, 184, 184, 184, 187, 188
2010,14206010,206,CH4 ,10PPBC, 2,26, 188, 189, 190, 189, 192, 191, 193, 194, 190, 188, 189, 188, 189, 189, 189, 189, 190, 191, 190, 189, 191, 194, 190, 189
2010,14206010,206,CH4 ,10PPBC, 2,27, 189, 194, 195, 194, 191, 193, 192, 193, 189, 187, 186, 186, 186, 185, 185, 184, 184, 185, 184, 185, 186, 188, 190, 191
2010,14206010,206,CH4 ,10PPBC, 2,28, 192, 191, 192, 190, 191, 190, 191, 192, 191, 190,9999,9999,9999, 193, 192, 194, 191, 195, 190, 190, 191, 192, 190, 190
2010,14206010,206,CH4 ,10PPBC, 2,29,9998,9998,9998,9998,9998,9998,9998,9998,9998,9998,9998,9998,9998,9998,9998,9998,9998,9998,9998,9998,9998,9998,9998,9998
2010,14206010,206,CH4 ,10PPBC, 2,30,9998,9998,9998,9998,9998,9998,9998,9998,9998,9998,9998,9998,9998,9998,9998,9998,9998,9998,9998,9998,9998,9998,9998,9998
2010,14206010,206,CH4 ,10PPBC, 2,31,9998,9998,9998,9998,9998,9998,9998,9998,9998,9998,9998,9998,9998,9998,9998,9998,9998,9998,9998,9998,9998,9998,9998,9998
2010,14206010,206,CH4 ,10PPBC, 3, 1, 190, 195, 189, 193, 198, 192, 191, 190, 191, 191, 190, 190, 193, 191, 190, 192, 193, 197, 193, 192, 200, 194, 193, 196
2010,14206010,206,CH4 ,10PPBC, 3, 2, 191, 192, 193, 193, 192, 192, 190, 191, 191, 192, 191, 191, 195, 194, 197, 199, 193, 194, 190, 190, 189, 189, 190, 191
2010,14206010,206,CH4 ,10PPBC, 3, 3, 191, 196, 193, 193, 194, 193, 193, 195, 196, 191, 190, 190, 189, 189, 190, 189, 190, 188, 190, 189, 189, 192, 191, 190
2010,14206010,206,CH4 ,10PPBC, 3, 4, 190, 191, 188, 189, 192, 193, 191, 191, 191, 199, 189, 189, 188, 189, 189, 189, 190, 191, 189, 189, 189, 191, 190, 190
2010,14206010,206,CH4 ,10PPBC, 3, 5, 195, 191, 195, 190, 195, 194, 195, 196, 193, 191, 190, 190, 190, 190, 190, 189, 190, 190, 191, 192, 190, 192, 196, 191
2010,14206010,206,CH4 ,10PPBC, 3, 6, 192, 200, 198, 198, 190, 200, 192, 194, 190, 189, 188, 188, 187, 188, 187, 187, 187, 188, 188, 190, 189, 198, 194, 188
2010,14206010,206,CH4 ,10PPBC, 3, 7, 193, 190, 188, 196, 192, 192, 190, 191, 190, 192,9999,9999,9999, 188, 187, 188, 188, 189, 189, 189, 191, 192, 191, 192
2010,14206010,206,CH4 ,10PPBC, 3, 8, 191, 194, 192, 190, 190, 191, 193, 193, 192, 196, 196, 191, 191, 192, 191, 191, 192, 191, 192, 191, 195, 199, 193, 191
2010,14206010,206,CH4 ,10PPBC, 3, 9, 207, 201, 190, 190, 197, 192, 192, 194, 193, 191, 190, 191, 189, 188, 189, 188, 188, 188, 188, 187, 187, 188, 189, 193
2010,14206010,206,CH4 ,10PPBC, 3,10, 193, 191, 192, 190, 194, 201, 197, 195, 193, 191, 190, 190, 189, 189, 189, 189, 189, 190, 191, 191, 191, 190, 191, 190
2010,14206010,206,CH4 ,10PPBC, 3,11, 191, 195, 191, 190, 190, 196, 192, 191, 192, 190, 188, 188, 189, 188, 188, 202, 194, 193, 191, 198, 192, 193, 194, 191
2010,14206010,206,CH4 ,10PPBC, 3,12, 190, 192, 191, 192, 192, 198, 192, 196, 192, 190, 190, 190, 190, 190, 193, 191, 190, 192, 191, 192, 191, 191, 194, 192
2010,14206010,206,CH4 ,10PPBC, 3,13, 190, 195, 192, 192, 194, 192, 192, 191, 191, 190, 190, 189, 190, 190, 190, 189, 188, 189, 191, 225, 190, 192, 190, 192
2010,14206010,206,CH4 ,10PPBC, 3,14, 189, 192, 198, 190, 193, 201, 191, 192, 191, 188, 187, 186, 186, 186, 187, 186, 185, 185, 186, 192, 189, 189, 196, 196
2010,14206010,206,CH4 ,10PPBC, 3,15, 193, 187, 185, 189, 200, 194, 193, 188, 189, 189, 190, 189, 190, 190, 189, 190, 192, 194, 194, 194, 193, 192, 192, 197
2010,14206010,206,CH4 ,10PPBC, 3,16, 194, 189, 190, 190, 199, 193, 207, 196, 191, 189, 188, 187, 188, 187, 189, 189, 188, 191,9999,9999,9999,9999,9999,9999
2010,14206010,206,CH4 ,10PPBC, 3,17, 184, 188, 193, 193, 193, 193, 193, 201, 191, 192, 190, 190, 189, 189, 189,9999,9999,9999,9999,9999, 192, 194, 199, 193
2010,14206010,206,CH4 ,10PPBC, 3,18, 193, 196, 203, 196, 197, 205, 191, 193, 192, 191, 190, 189,9999,9999,9999,9999,9999, 189, 189, 199, 192, 191, 190, 189
2010,14206010,206,CH4 ,10PPBC, 3,19, 189, 196, 195, 191, 193, 198, 188, 189, 188, 187, 187, 187, 187, 188, 187, 187, 188, 188, 189, 187, 187, 191, 190, 188
2010,14206010,206,CH4 ,10PPBC, 3,20, 185, 188, 189, 189, 188, 188, 191, 188, 189, 188, 187, 188, 187, 187, 186, 186, 185, 186, 185, 184, 183, 183, 183, 183
2010,14206010,206,CH4 ,10PPBC, 3,21, 183, 183, 183, 183, 182, 183, 183, 185, 187, 189, 190, 189, 187, 188, 189, 190, 189, 189, 189, 189, 189, 191, 192, 191
2010,14206010,206,CH4 ,10PPBC, 3,22, 196, 192, 189, 190, 190, 188, 188, 189, 192, 194, 191, 189, 189, 188, 188,9999,9999,9999,9999,9999, 191, 191, 191, 189
2010,14206010,206,CH4 ,10PPBC, 3,23, 195, 192, 192, 194, 199, 193, 192, 190, 190, 190, 190, 190, 194, 190, 190, 190, 189, 189, 190, 189, 188, 188, 188, 190
2010,14206010,206,CH4 ,10PPBC, 3,24, 191, 196, 192, 189, 190, 189, 189, 191, 190, 190, 190, 190, 191,9999,9999, 188, 188, 188, 189, 189, 189, 190, 192, 194
2010,14206010,206,CH4 ,10PPBC, 3,25, 190, 191, 192, 188, 189, 195, 193, 191, 190, 192, 193, 191, 191, 190, 189, 189, 188, 189, 189, 188, 190, 188, 188, 195
2010,14206010,206,CH4 ,10PPBC, 3,26, 195, 198, 189, 190, 189, 190, 192, 192, 189, 190, 190, 189, 189, 190, 190, 188, 188, 188, 189, 189, 191, 189, 189, 189
2010,14206010,206,CH4 ,10PPBC, 3,27, 192, 191, 191, 190, 190, 200, 193, 190, 189, 188, 188, 188, 188, 188, 189, 188, 188, 188, 188, 192, 194, 189, 190, 189
2010,14206010,206,CH4 ,10PPBC, 3,28, 189, 190, 200, 190, 190, 189, 196, 191, 189, 189,9999,9999, 189, 189, 189, 189, 188, 189, 189, 188, 189, 190, 193, 190
2010,14206010,206,CH4 ,10PPBC, 3,29, 188, 188, 187, 188, 193, 189, 193, 189, 189, 189, 188, 188, 188, 187, 188, 188, 189, 188, 189, 191, 191, 188, 188, 189
2010,14206010,206,CH4 ,10PPBC, 3,30, 188, 188, 191, 187, 213, 190, 198, 191, 190, 188, 188, 188, 188, 188, 189, 188, 187, 186, 189, 189, 189, 190, 198, 193
2010,14206010,206,CH4 ,10PPBC, 3,31, 192, 193, 192, 189, 191, 188, 191, 191, 190, 188, 189, 189, 189, 188, 187, 187, 188, 188, 192, 190, 188, 194, 189, 188
2010,14207010,207,CH4 ,10PPBC, 4, 1, 198, 200, 199, 193, 185, 185, 185, 185, 185,9999, 184, 184, 184, 183, 182, 181, 182, 182, 182, 182, 182, 183, 182, 182
2010,14207010,207,CH4 ,10PPBC, 4, 2, 181, 181, 181, 180, 180, 180, 180, 181, 181, 180, 180, 181, 182, 183, 184, 185, 186, 186, 186, 187, 187, 188, 188, 190
2010,14207010,207,CH4 ,10PPBC, 4, 3, 189, 192, 187, 186, 187, 187, 187, 188, 188, 188, 188, 187, 188, 187, 186, 186, 185, 186, 188, 189, 189, 189, 190, 191
2010,14207010,207,CH4 ,10PPBC, 4, 4, 192, 192, 190, 189, 191, 192, 193, 192, 191, 191, 192, 193, 192, 192, 192, 192, 191, 191, 192, 192, 193, 193, 194, 192
2010,14207010,207,CH4 ,10PPBC, 4, 5, 191, 190, 190, 191, 191, 190, 191, 191, 191, 192, 192,9999,9999,9999, 193, 194, 193, 192, 192, 192, 193, 194, 193, 193
2010,14207010,207,CH4 ,10PPBC, 4, 6, 193, 193, 193, 192, 191, 191, 191, 193, 194, 193, 192, 190, 190, 190, 188, 187, 186, 185, 186, 187, 188, 191, 190, 188
2010,14207010,207,CH4 ,10PPBC, 4, 7, 186, 185, 184, 183, 184, 184, 188, 193, 193, 191, 191, 191, 191, 189, 193, 189, 189, 188, 188, 188, 189, 190, 191, 191
2010,14207010,207,CH4 ,10PPBC, 4, 8, 192, 192, 191, 190, 190, 191, 191, 191, 191, 191, 191, 191, 191, 192, 190, 190, 190, 191, 191, 191, 191, 191, 191, 192
2010,14207010,207,CH4 ,10PPBC, 4, 9, 196, 193, 193, 194, 195, 195, 195, 194, 193, 194, 194, 191, 189, 189, 189, 188, 188, 188, 188, 186, 190, 192, 194, 192
2010,14207010,207,CH4 ,10PPBC, 4,10, 196, 191, 189, 188, 188, 188, 190, 190, 189, 189, 189, 190, 191, 189, 191, 190, 187, 184, 184, 186, 187, 187, 186, 188
2010,14207010,207,CH4 ,10PPBC, 4,11, 186, 184, 184, 185, 189, 191, 193, 191, 189, 188, 188, 187, 188, 187, 185, 185, 185, 185, 187, 187, 187, 188, 189, 189
2010,14207010,207,CH4 ,10PPBC, 4,12, 189, 187, 187, 187, 187, 187, 188, 188, 188,9999,9999,9999, 189, 189, 188, 188, 188, 188, 188, 188, 188, 187, 186, 186
2010,14207010,207,CH4 ,10PPBC, 4,13, 185, 185, 185, 185, 185, 185, 186, 186, 186, 185, 185, 184, 184, 183, 183, 183, 182, 182, 182, 182, 182, 183, 183, 186
2010,14207010,207,CH4 ,10PPBC, 4,14, 186, 187, 187, 186, 186, 187, 187, 187, 187, 187, 188, 188, 188, 188, 188, 187, 186, 186, 187, 188, 188, 189, 189, 189
2010,14207010,207,CH4 ,10PPBC, 4,15, 188, 187, 187, 187, 187, 187, 188, 188, 187, 188, 188, 187, 187, 189, 191, 193, 193, 191, 189, 189, 190, 194, 195, 193
2010,14207010,207,CH4 ,10PPBC, 4,16, 193, 192, 191, 189, 189, 189, 189, 190, 190, 191, 191, 190, 191, 189, 189, 189, 189, 189, 188, 189, 189, 189, 189, 188
2010,14207010,207,CH4 ,10PPBC, 4,17, 189, 189, 188, 186, 187, 187, 187, 187, 188, 190, 189, 188, 186, 188, 188, 189, 189, 191, 192, 193, 191, 192, 194, 197
2010,14207010,207,CH4 ,10PPBC, 4,18, 197, 197, 197, 197, 197, 198, 205, 199, 193, 191, 190, 192, 193, 190, 189, 188, 189, 191, 190, 189, 190, 192, 192, 194
2010,14207010,207,CH4 ,10PPBC, 4,19, 196, 198, 195, 192, 193, 193, 193, 193, 193, 193, 192, 191, 190, 190, 189, 187, 187, 187, 187, 188, 188, 188, 189, 189
2010,14207010,207,CH4 ,10PPBC, 4,20, 189, 187, 186, 187, 186, 185, 185, 185, 186,9999, 184, 184, 181, 183, 183, 182, 182, 183, 183, 188, 188, 190, 192, 191
2010,14207010,207,CH4 ,10PPBC, 4,21, 197, 191, 188, 189, 189, 191, 193, 193, 191, 187, 185, 184, 185, 188, 185, 182, 183, 183, 182, 183, 184, 185, 185, 187
2010,14207010,207,CH4 ,10PPBC, 4,22, 188, 187, 189, 189, 191, 191, 190, 191, 191, 191, 191, 190, 189, 188, 188, 188, 188, 188, 187, 188, 188, 187, 187, 188
2010,14207010,207,CH4 ,10PPBC, 4,23, 188, 187, 187, 187, 187, 188, 188, 188, 188, 187, 188, 187, 188, 188, 188, 188, 190, 191, 191, 192, 194, 195, 197, 196
2010,14207010,207,CH4 ,10PPBC, 4,24, 199, 196, 208, 216, 208, 200, 199, 196, 191, 189, 188, 188, 188, 191, 189, 189, 188, 188, 189, 191, 189, 191, 194, 191
2010,14207010,207,CH4 ,10PPBC, 4,25, 192, 193, 192, 194, 194, 194, 193, 190, 191, 191, 192, 192, 191, 189, 189, 188, 188, 188, 188, 190, 191, 190, 191, 192
2010,14207010,207,CH4 ,10PPBC, 4,26, 192, 196, 198, 201, 201, 202, 198, 193, 191, 190, 190, 193,9999, 191, 188, 189, 187, 187, 187, 187, 189, 191, 194, 192
2010,14207010,207,CH4 ,10PPBC, 4,27, 193, 197, 193, 191, 190, 191, 190, 191, 190, 191, 191, 193, 196, 194, 194, 193, 192, 191, 190, 192, 194, 192, 190, 191
2010,14207010,207,CH4 ,10PPBC, 4,28, 191, 187, 187, 190, 189, 188, 188, 190, 188, 187, 186, 187, 187, 187, 186, 185, 185, 186, 185, 188, 189, 190, 194, 195
2010,14207010,207,CH4 ,10PPBC, 4,29, 188, 188, 187, 184, 183, 183, 184, 184, 184, 183, 183, 183, 183, 184, 184, 184, 185, 185, 186, 187, 188, 188, 189, 188
2010,14207010,207,CH4 ,10PPBC, 4,30, 188, 188, 188, 189, 188, 187, 187, 187, 188, 188, 189, 188, 187, 187, 186, 185, 186, 186, 185, 186, 187, 187, 187, 188
2010,14207010,207,CH4 ,10PPBC, 4,31,9998,9998,9998,9998,9998,9998,9998,9998,9998,9998,9998,9998,9998,9998,9998,9998,9998,9998,9998,9998,9998,9998,9998,9998
2010,14207010,207,CH4 ,10PPBC, 5, 1, 188, 189, 190, 196, 195, 196, 198, 195, 190, 189, 189, 188, 188, 185, 186, 186, 187, 187, 188, 188, 188, 189, 189, 189
2010,14207010,207,CH4 ,10PPBC, 5, 2, 190, 194, 193, 194, 194, 194, 194, 191, 189, 189, 191, 189, 188, 189, 188, 187, 187, 187, 187, 189, 188, 188, 189, 190
2010,14207010,207,CH4 ,10PPBC, 5, 3, 190, 194, 199, 202, 204, 200, 195, 194, 191, 189, 190, 191, 187, 186, 185, 185, 185, 185, 186, 185, 186, 186, 186, 186
2010,14207010,207,CH4 ,10PPBC, 5, 4, 185, 186, 187, 186, 186, 188, 189, 190, 187, 185, 185, 184, 184, 185, 187, 188, 186, 186, 185, 185, 185, 187, 189, 189
2010,14207010,207,CH4 ,10PPBC, 5, 5, 184, 186, 201, 204, 207, 200, 201, 191, 191, 190, 188, 186, 185, 185, 182, 183, 183, 185, 185, 185, 184, 184, 184, 183
2010,14207010,207,CH4 ,10PPBC, 5, 6, 184, 184, 183, 184, 183, 183, 184, 183, 183,9999,9999,9999, 180, 179, 179, 178, 178, 178, 179, 179, 179, 179, 179, 179
2010,14207010,207,CH4 ,10PPBC, 5, 7, 180, 179, 179, 179, 179, 179, 179, 179, 178, 179, 178, 178, 178, 178, 177, 177, 177, 177, 177, 177, 177, 178, 182, 185
2010,14207010,207,CH4 ,10PPBC, 5, 8, 185, 184, 183, 183, 183, 184, 185, 185, 185, 185, 186, 186, 185, 184, 184, 184, 184, 184, 184, 184, 185, 185, 184, 185
2010,14207010,207,CH4 ,10PPBC, 5, 9, 185, 186, 189, 190, 189, 190, 191, 189, 188, 186, 187, 188, 188, 189, 189, 188, 189, 188, 188, 187, 187, 191, 196, 188
2010,14207010,207,CH4 ,10PPBC, 5,10, 189, 193, 191, 190, 190, 190, 191, 190, 189, 188, 187, 188, 189, 189, 188,9999, 187, 187, 186, 189, 188, 189, 187, 187
2010,14207010,207,CH4 ,10PPBC, 5,11, 186, 187, 186, 187, 191, 195, 197, 196, 191, 187, 186, 185, 184, 185, 186, 187, 190, 193, 190, 190, 189, 187, 186, 187
2010,14207010,207,CH4 ,10PPBC, 5,12, 187, 188, 188, 187, 187, 186, 187, 187, 187, 187, 185, 187, 186, 184, 184, 183, 184, 184, 186, 187, 188, 188, 190, 189
2010,14207010,207,CH4 ,10PPBC, 5,13, 192, 195, 198, 193, 191, 189, 188, 187, 186, 186, 186, 186, 185, 186, 186, 186, 186, 186, 186, 186, 188, 188, 187, 188
2010,14207010,207,CH4 ,10PPBC, 5,14, 187, 187, 189, 189, 187, 189, 188, 187, 187, 187, 185, 185, 188, 188, 187, 187, 187, 187, 187, 187, 187, 189, 189, 188
2010,14207010,207,CH4 ,10PPBC, 5,15, 188, 191, 192, 188, 187, 189, 189, 189, 188, 186, 186, 188, 187, 187, 187, 187, 187, 186, 186, 187, 188, 188, 190, 189
2010,14207010,207,CH4 ,10PPBC, 5,16, 189, 188, 191, 195, 193, 194, 190, 191, 187, 186, 186, 185, 184, 184, 185, 184, 184, 184, 184, 185, 186, 187, 187, 189
2010,14207010,207,CH4 ,10PPBC, 5,17, 189, 195, 198, 200, 201, 201, 196, 191, 187, 187, 187, 186, 185,9999, 184, 183, 183, 183, 183, 184, 185, 186, 187, 187
2010,14207010,207,CH4 ,10PPBC, 5,18, 186, 187, 190, 198, 192, 189, 187, 186, 185, 184, 184, 184, 182, 183, 182, 182, 183, 182, 183, 183, 183, 183, 183, 183
2010,14207010,207,CH4 ,10PPBC, 5,19, 183, 182, 182, 182, 182, 182, 183, 182, 183, 183, 183, 182, 182, 182, 181, 181, 181, 181, 182, 181, 181, 182, 181, 181
2010,14207010,207,CH4 ,10PPBC, 5,20, 181, 181, 181, 181, 181, 181, 182, 182, 181, 181, 181, 181, 180, 182, 187, 185, 185, 185, 186, 187, 187, 186, 187, 185
2010,14207010,207,CH4 ,10PPBC, 5,21, 186, 186, 187, 186, 187, 188, 187, 186, 187, 187, 186, 186, 187, 186, 188, 186, 186, 185, 185, 186, 187, 187, 188, 195
2010,14207010,207,CH4 ,10PPBC, 5,22, 197, 197, 199, 197, 194, 192, 190, 192, 193, 192, 191, 190, 193, 192, 191, 186, 186, 185, 186, 187, 187, 186, 187, 186
2010,14207010,207,CH4 ,10PPBC, 5,23, 186, 186, 187, 188, 189, 193, 191, 191, 194, 190, 189, 187, 187, 188, 190, 189, 188, 188, 188, 188, 187, 187, 185, 186
2010,14207010,207,CH4 ,10PPBC, 5,24, 187, 188, 187, 187, 187, 187, 185, 185, 185, 185, 185, 184, 184, 185, 185, 184, 185, 187, 187, 185, 184, 183, 182, 182
2010,14207010,207,CH4 ,10PPBC, 5,25, 182, 182, 182, 183, 184, 184, 185, 185, 184, 183,9999,9999,9999, 183, 183, 184, 186, 186, 187, 187, 187, 185, 185, 185
2010,14207010,207,CH4 ,10PPBC, 5,26, 185, 185, 185, 184, 184, 187, 188, 187, 186, 186, 186, 186, 185, 183, 183, 184, 185, 186, 184, 184, 184, 189, 187, 188
2010,14207010,207,CH4 ,10PPBC, 5,27, 185, 186, 189, 189, 189, 188, 187, 186, 185, 184, 184, 183, 184, 183, 183, 183, 182, 183, 183, 185, 187, 190, 186, 186
2010,14207010,207,CH4 ,10PPBC, 5,28, 185, 186, 186, 185, 186, 187, 186, 185, 184, 183, 184, 184, 185, 185, 184, 185, 184, 183, 184, 183, 184, 184, 185, 185
2010,14207010,207,CH4 ,10PPBC, 5,29, 184, 184, 185, 185, 189, 190, 189, 188, 188, 190, 191, 188, 189, 191, 189, 187, 190, 190, 193, 191, 192, 188, 188, 187
2010,14207010,207,CH4 ,10PPBC, 5,30, 186, 187, 187, 186, 186, 185, 185, 185, 185, 186, 186, 186, 186, 186, 186, 186, 186, 185, 186, 187, 187, 187, 189, 189
2010,14207010,207,CH4 ,10PPBC, 5,31, 190, 191, 191, 194, 193, 192, 190, 195, 196, 193, 191, 190, 187,9999, 185, 184, 185, 184, 184, 185, 184, 184, 185, 186
2010,14207010,207,CH4 ,10PPBC, 6, 1, 186, 187, 188, 188, 189, 194, 195, 188, 188, 187, 188, 187, 188, 188, 187, 187, 185, 183, 183, 184, 185, 185, 190, 193
2010,14207010,207,CH4 ,10PPBC, 6, 2, 192, 191, 193, 193, 198, 197, 194, 193, 195, 192, 188, 187, 188, 187, 187, 185, 184, 185, 184, 184, 185, 185, 184, 184
2010,14207010,207,CH4 ,10PPBC, 6, 3, 187, 192, 201, 199, 199, 198, 196, 190, 187, 187, 186, 185, 185, 184, 183, 183, 182, 182, 184, 183, 182, 184, 186, 187
2010,14207010,207,CH4 ,10PPBC, 6, 4, 186, 191, 188, 194, 196, 193, 192, 190, 184, 184, 184, 183, 183, 183, 182, 182, 181, 181, 182, 183, 183, 185, 184, 184
2010,14207010,207,CH4 ,10PPBC, 6, 5, 186, 186, 187, 187, 188, 187, 187, 187, 187, 186, 186, 186, 186, 188, 188, 186, 187, 187, 186, 187, 185, 186, 185, 188
2010,14207010,207,CH4 ,10PPBC, 6, 6, 188, 190, 191, 190, 192, 192, 191, 191, 191, 190, 189, 187, 185, 185, 185, 184, 183, 184, 184, 184, 185, 184, 184, 184
2010,14207010,207,CH4 ,10PPBC, 6, 7, 183, 183, 189, 195, 193, 190, 190, 189, 188,9999,9999,9999, 183, 182, 183, 183, 185, 183, 183, 183, 184, 184, 183, 183
2010,14207010,207,CH4 ,10PPBC, 6, 8, 184, 185, 184, 184, 190, 193, 193, 191, 189, 190, 191, 195, 192, 189, 190, 188, 190, 188, 192, 191, 191, 190, 188, 189
2010,14207010,207,CH4 ,10PPBC, 6, 9, 189, 188, 187, 186, 186, 186, 187, 187, 187, 187, 188, 191, 192, 191, 192, 194, 196, 188, 186, 187, 188, 192, 195, 189
2010,14207010,207,CH4 ,10PPBC, 6,10, 189, 189, 189, 188, 186, 188, 187, 184, 187, 189, 188, 187, 186, 187, 186, 183, 184, 184, 181, 181, 182, 181, 185, 189
2010,14207010,207,CH4 ,10PPBC, 6,11, 188, 188, 188, 186, 185, 186, 187, 187, 188, 188, 187, 186, 184, 184, 183, 185, 184, 183, 183, 183, 184, 182, 184, 185
2010,14207010,207,CH4 ,10PPBC, 6,12, 182, 182, 182, 182, 183, 189, 188, 186, 186, 184, 183, 182, 181, 181, 179, 180, 181, 180, 181, 181, 181, 181, 181, 180
2010,14207010,207,CH4 ,10PPBC, 6,13, 181, 180, 181, 181, 180, 181, 181, 181, 181, 181, 181, 181, 182, 181, 181, 182, 182, 182, 182, 183, 183, 183, 182, 182
2010,14207010,207,CH4 ,10PPBC, 6,14, 182, 181, 182, 183, 182, 182, 183, 183, 184, 185, 185,9999, 186, 186, 185, 184, 183, 184, 184, 184, 184, 184, 185, 185
2010,14207010,207,CH4 ,10PPBC, 6,15, 186, 188, 189, 190, 193, 197, 195, 186, 183, 183, 182, 182, 183, 182, 183, 184, 185, 186, 184, 182, 180, 181, 183, 184
2010,14207010,207,CH4 ,10PPBC, 6,16, 184, 185, 182, 175, 180, 171, 170, 170, 171, 172, 173, 174, 177, 178, 181, 182, 182, 183, 183, 184, 185, 184, 184, 183
2010,14207010,207,CH4 ,10PPBC, 6,17, 182, 182, 187, 190, 188, 190, 190, 190, 187, 185, 186, 188, 188, 186, 186, 185, 185, 183, 182, 181, 181, 181, 180, 180
2010,14207010,207,CH4 ,10PPBC, 6,18, 180, 180, 180, 182, 194, 193, 196, 195, 180, 186, 188, 186, 178, 174, 172, 176, 178, 180, 183, 179, 185, 183, 185, 187
2010,14207010,207,CH4 ,10PPBC, 6,19, 185, 175, 170, 170, 168, 170, 174, 184, 185, 186, 184, 179, 177, 178, 179, 180, 180, 181, 181, 180, 176, 173, 172, 173
2010,14207010,207,CH4 ,10PPBC, 6,20, 172, 171, 172, 172, 173, 174, 183, 186, 174, 173, 174, 173, 173, 172, 175, 175, 175, 175, 175, 175, 175, 174, 172, 173
2010,14207010,207,CH4 ,10PPBC, 6,21, 174, 173, 172, 171, 172, 173, 173, 173, 173, 173, 173, 173, 170, 172, 172, 173, 174, 176, 178, 178, 180, 180, 182, 180
2010,14207010,207,CH4 ,10PPBC, 6,22, 179, 180, 178, 181, 176, 177, 177, 178, 177,9999,9999, 176, 175, 174, 174, 174, 174, 174, 175, 175, 176, 177, 176, 176
2010,14207010,207,CH4 ,10PPBC, 6,23, 176, 177, 176, 176, 175, 176, 175, 173, 172, 171, 171, 171, 170, 171, 171, 181, 182, 179, 176, 175, 176, 181, 181, 182
2010,14207010,207,CH4 ,10PPBC, 6,24, 184, 183, 185, 191, 190, 188, 187, 186, 186, 185, 185, 186, 189, 199, 189, 191, 189, 187, 186, 186, 187, 188, 189, 190
2010,14207010,207,CH4 ,10PPBC, 6,25, 194, 197, 194, 189, 189, 212, 210, 202, 190, 192, 191, 189, 189, 190, 186, 182, 181, 182, 184, 183, 184, 187, 185, 184
2010,14207010,207,CH4 ,10PPBC, 6,26, 184, 182, 182, 179, 180, 181, 184, 178, 177, 175, 174, 176, 176, 176, 176, 176, 175, 176, 176, 175, 176, 176, 175, 175
2010,14207010,207,CH4 ,10PPBC, 6,27, 175, 175, 175, 174, 174, 174, 174, 173, 174, 174, 174, 173, 173, 173, 173, 173, 173, 173, 174, 175, 174, 174, 174, 178
2010,14207010,207,CH4 ,10PPBC, 6,28, 176, 174, 174, 175, 175, 173, 173, 175, 179, 181,9999, 181, 182, 180, 178, 178, 182, 182, 182, 182, 181, 179, 177, 178
2010,14207010,207,CH4 ,10PPBC, 6,29, 182, 182, 188, 192, 184, 180, 183, 187, 184, 184, 184, 185, 183, 179, 179, 175, 177, 175, 175, 176, 174, 175, 176, 178
2010,14207010,207,CH4 ,10PPBC, 6,30, 182, 183, 184, 181, 180, 180, 179, 180, 181, 179, 180, 179, 179, 178, 178, 178, 178, 179, 179, 178, 179, 178, 178, 177
2010,14207010,207,CH4 ,10PPBC, 6,31,9998,9998,9998,9998,9998,9998,9998,9998,9998,9998,9998,9998,9998,9998,9998,9998,9998,9998,9998,9998,9998,9998,9998,9998
2010,14207010,207,CH4 ,10PPBC, 7, 1, 177, 178, 177, 177, 178, 178, 180, 180, 180, 178, 177, 177, 174, 174, 174, 174, 173, 174, 174, 176, 176, 175, 176, 179
2010,14207010,207,CH4 ,10PPBC, 7, 2, 181, 184, 185, 185, 186, 187, 189, 189, 189, 186, 184, 179, 177, 176, 177, 176, 174, 174, 175, 175, 175, 176, 175, 175
2010,14207010,207,CH4 ,10PPBC, 7, 3, 176, 176, 190, 194, 192, 190, 190, 192, 187, 187, 184, 181, 178, 178, 177, 177, 176, 175, 176, 175, 174, 175, 174, 172
2010,14207010,207,CH4 ,10PPBC, 7, 4, 172, 172, 170, 175, 182, 189, 187, 183, 181, 181, 181, 181, 182, 181, 182, 183, 181, 181, 180, 181, 184, 185, 182, 185
2010,14207010,207,CH4 ,10PPBC, 7, 5, 190, 195, 197, 198, 201, 197, 193, 189, 188, 189, 188,9999,9999,9999, 186, 187, 188, 187, 187, 187, 187, 187, 185, 185
2010,14207010,207,CH4 ,10PPBC, 7, 6, 186, 189, 190, 192, 195, 196, 192, 189, 191, 188, 186, 185, 184, 186, 185, 188, 189, 192, 195, 194, 196, 196, 195, 192
2010,14207010,207,CH4 ,10PPBC, 7, 7, 192, 192, 191, 191, 192, 194, 200, 195, 196, 195, 195, 198, 194, 191, 191, 190, 187, 187, 186, 185, 185, 185, 185, 185
2010,14207010,207,CH4 ,10PPBC, 7, 8, 186, 186, 191, 192, 199, 200, 201, 204, 197, 189, 183, 185, 190, 191, 192, 191, 187, 187, 185, 184, 186, 184, 181, 180
2010,14207010,207,CH4 ,10PPBC, 7, 9, 178, 179, 179, 184, 190, 194, 190, 190, 187, 184, 189, 189, 186, 183, 179, 180, 180, 180, 180, 179, 178, 176, 175, 177
2010,14207010,207,CH4 ,10PPBC, 7,10, 179, 179, 180, 181, 182, 182, 184, 182, 183, 182, 182, 183, 183, 183, 184, 184, 184, 184, 187, 189, 189, 189, 187, 189
2010,14207010,207,CH4 ,10PPBC, 7,11, 189, 195, 197, 200, 205, 206, 209, 206, 196, 196, 197, 192, 187, 180, 179, 178, 177, 177, 176, 175, 175, 175, 175, 174
2010,14207010,207,CH4 ,10PPBC, 7,12, 174, 174, 174, 174, 174, 174, 174, 174, 175,9999, 174, 174, 175, 174, 174, 174, 174, 175, 174, 176, 174, 176, 175, 175
2010,14207010,207,CH4 ,10PPBC, 7,13, 175, 176, 177, 178, 179, 178, 180, 188, 196, 184, 205, 194, 195, 190, 176, 176, 190, 191, 191, 191, 192, 193, 194, 194
2010,14207010,207,CH4 ,10PPBC, 7,14, 195, 197, 199, 200, 200, 200, 199, 177, 176, 176, 176, 176, 174, 176, 176, 176, 176, 177, 176, 177, 177, 177, 177, 177
2010,14207010,207,CH4 ,10PPBC, 7,15, 177, 177, 176, 176, 176, 176, 177, 176, 177, 177, 177, 176, 176, 176, 176, 176, 176, 176, 176, 177, 177, 176, 177, 177
2010,14207010,207,CH4 ,10PPBC, 7,16, 177, 176, 177, 177, 176, 177, 177, 177, 177, 177, 177, 178, 177, 176, 176, 177, 177, 176, 177, 177, 177, 178, 178, 177
2010,14207010,207,CH4 ,10PPBC, 7,17, 178, 177, 177, 177, 177, 177, 177, 178, 178, 178, 178, 178, 178, 179, 178, 178, 178, 178, 179, 178, 178, 178, 179, 178
2010,14207010,207,CH4 ,10PPBC, 7,18, 178, 178, 178, 179, 183, 181, 180, 179, 179, 179, 178, 177, 177, 177, 177, 177, 178, 177, 178, 178, 178, 178, 178, 178
2010,14207010,207,CH4 ,10PPBC, 7,19, 178, 178, 178, 178, 178, 179, 180, 180, 177, 178, 179, 178, 178, 178, 178, 178, 178, 178, 178, 179, 179, 180, 180, 181
2010,14207010,207,CH4 ,10PPBC, 7,20, 180, 181, 182, 180, 182, 185, 182, 183, 183, 184, 180, 180,9999, 178, 178, 177, 177, 178, 178, 179, 179, 179, 180, 180
2010,14207010,207,CH4 ,10PPBC, 7,21, 179, 180, 180, 182, 186, 188, 192, 196, 188, 182, 181, 179, 179, 180, 179, 178, 177, 178, 178, 179, 179, 180, 180, 179
2010,14207010,207,CH4 ,10PPBC, 7,22, 179, 178, 178, 179, 180, 180, 179, 181, 182, 183, 183, 181, 180, 180, 180, 178, 178, 177, 177, 178, 177, 178, 179, 177
2010,14207010,207,CH4 ,10PPBC, 7,23, 177, 179, 180, 182, 184, 185, 186, 189, 188, 187, 188, 189, 188, 186, 185, 179, 178, 177, 176, 176, 178, 177, 178, 177
2010,14207010,207,CH4 ,10PPBC, 7,24, 179, 181, 183, 192, 190, 192, 190, 187, 185, 187, 187, 188, 189, 188, 185, 181, 177, 182, 186, 181, 180, 180, 183, 183
2010,14207010,207,CH4 ,10PPBC, 7,25, 183, 183, 183, 183, 183, 183, 187, 189, 184, 179, 179, 179, 178, 178, 178, 178, 180, 180, 180, 185, 183, 183, 183, 185
2010,14207010,207,CH4 ,10PPBC, 7,26, 185, 186, 184, 183, 183, 184, 184, 182, 182, 184, 183, 178, 177, 178, 176, 177, 178, 179, 181, 181, 181, 185, 184, 185
2010,14207010,207,CH4 ,10PPBC, 7,27, 187, 188, 189, 188, 190, 188, 190, 179, 177, 177, 176, 176, 177, 176, 176, 175, 176, 176, 176, 177, 177, 177, 177, 177
2010,14207010,207,CH4 ,10PPBC, 7,28, 177, 178, 179, 177, 177, 180, 178, 176, 177, 177,9999,9999, 177, 178, 178, 178, 178, 178, 178, 178, 178, 178, 178, 179
2010,14207010,207,CH4 ,10PPBC, 7,29, 178, 178, 178, 179, 179, 179, 179, 178, 178, 178, 177, 176, 176, 175, 176, 175, 175, 175, 176, 176, 175, 175, 174, 175
2010,14207010,207,CH4 ,10PPBC, 7,30, 174, 174, 174, 174, 174, 174, 174, 174, 174, 173, 174, 174, 174, 175, 174, 175, 175, 175, 176, 177, 179, 180, 180, 178
2010,14207010,207,CH4 ,10PPBC, 7,31, 178, 180, 184, 189, 193, 197, 194, 190, 182, 179, 179, 179, 176, 177, 177, 176, 176, 179, 180, 179, 178, 181, 180, 180
2010,14207010,207,CH4 ,10PPBC, 8, 1, 180, 180, 180, 181, 182, 180, 181, 180, 179, 179, 178, 177, 177, 179, 179, 178, 179, 178, 178, 177, 177, 178, 176, 174
2010,14207010,207,CH4 ,10PPBC, 8, 2, 178, 177, 177, 174, 174, 174, 174, 175, 175, 174, 174,9999,9999,9999, 172, 171, 172, 173, 173, 174, 174, 174, 174, 173
2010,14207010,207,CH4 ,10PPBC, 8, 3, 173, 173, 172, 173, 173, 172, 173, 173, 174, 173, 174, 174, 173, 173, 173, 173, 173, 174, 174, 174, 175, 174, 174, 174
2010,14207010,207,CH4 ,10PPBC, 8, 4, 174, 174, 173, 173, 173, 174, 174, 174, 175, 174, 174, 173, 174, 174, 173, 173, 173, 173, 173, 173, 173, 175, 174, 173
2010,14207010,207,CH4 ,10PPBC, 8, 5, 173, 173, 173, 173, 173, 174, 174, 174, 174, 173, 173, 173, 174, 174, 173, 173, 173, 173, 174, 174, 174, 174, 174, 174
2010,14207010,207,CH4 ,10PPBC, 8, 6, 174, 174, 174, 174, 174, 174, 175, 175, 174, 175, 175, 174, 175, 173, 174, 175, 176, 177, 178, 177, 178, 178, 177, 177
2010,14207010,207,CH4 ,10PPBC, 8, 7, 177, 177, 178, 179, 179, 181, 185, 180,9999, 179, 179, 179, 179, 178, 178, 177, 176, 176, 175, 175, 175, 176, 177, 177
2010,14207010,207,CH4 ,10PPBC, 8, 8, 179, 178, 183, 183, 185, 188, 190, 188, 178, 176, 176, 175, 174, 174, 173, 174, 174, 174, 173, 174, 174, 174, 173, 172
2010,14207010,207,CH4 ,10PPBC, 8, 9, 175, 174, 174, 174, 173, 174, 176, 176, 177, 177, 176, 177, 175, 176, 174, 174, 174, 174, 174, 174, 174, 174, 174, 174
2010,14207010,207,CH4 ,10PPBC, 8,10, 173, 173, 175, 179, 174, 172, 172, 173, 173, 173, 173, 173, 173, 173, 172, 172, 173, 173, 174, 173, 172, 173, 173, 173
2010,14207010,207,CH4 ,10PPBC, 8,11, 172, 173, 172, 172, 172, 172, 172, 172, 172,9999, 172, 172, 171, 172, 171, 171, 171, 171, 171, 171, 171, 171, 172, 171
2010,14207010,207,CH4 ,10PPBC, 8,12, 171, 171, 171, 171, 171, 171, 171, 171, 171, 171, 171, 171, 173, 174, 174, 174, 174, 175, 175, 177, 176, 176, 177, 177
2010,14207010,207,CH4 ,10PPBC, 8,13, 181, 183, 182, 180, 182, 179, 177, 186, 183, 180, 180, 181, 180, 178, 178, 177, 176, 177, 176, 178, 187, 187, 187, 188
2010,14207010,207,CH4 ,10PPBC, 8,14, 187, 188, 188, 190, 185, 174, 174, 173, 173, 172, 173, 173, 173, 173, 175, 174, 172, 174, 175, 175, 175, 176, 175, 176
2010,14207010,207,CH4 ,10PPBC, 8,15, 176, 176, 174, 175, 175, 174, 175, 176, 174, 173, 173, 173, 174, 174, 174, 175, 174, 174, 174, 175, 174, 176, 176, 177
2010,14207010,207,CH4 ,10PPBC, 8,16, 175, 176, 177, 179, 180, 181, 181, 179, 176, 175, 175, 174, 175, 175, 175, 176, 176, 177, 180, 177, 174, 173, 172, 173
2010,14207010,207,CH4 ,10PPBC, 8,17, 176, 180, 187, 190, 187, 189, 191, 192, 194, 191,9999, 190, 191, 184, 189, 185, 177, 173, 174, 174, 174, 177, 178, 182
2010,14207010,207,CH4 ,10PPBC, 8,18, 185, 187, 184, 184, 183, 184, 185, 184, 182, 182, 183, 182, 183, 182, 179, 179, 179, 178, 176, 176, 176, 179, 181, 183
2010,14207010,207,CH4 ,10PPBC, 8,19, 183, 182, 181, 181, 192, 191, 186, 184, 184, 186, 186, 186, 187, 186, 185, 186, 186, 184, 182, 183, 184, 185, 185, 187
2010,14207010,207,CH4 ,10PPBC, 8,20, 185, 187, 191, 196, 198, 193, 194, 194, 194, 194, 192, 192, 190, 192, 192, 191, 188, 185, 185, 184, 185, 185, 185, 185
2010,14207010,207,CH4 ,10PPBC, 8,21, 186, 186, 187, 189, 197, 194, 195, 194, 190, 190, 191, 188, 187, 187, 185, 184, 183, 183, 183, 184, 184, 184, 183, 183
2010,14207010,207,CH4 ,10PPBC, 8,22, 182, 182, 182, 182, 182, 182, 182, 182, 182, 182, 182, 181, 180, 180, 180, 180, 180, 180, 181, 180, 180, 180, 180, 180
2010,14207010,207,CH4 ,10PPBC, 8,23, 180, 179, 180, 180, 182, 215, 203, 190, 185, 183, 180,9999,9999, 179, 179, 179, 179, 179, 180, 180, 180, 180, 180, 179
2010,14207010,207,CH4 ,10PPBC, 8,24, 179, 179, 179, 180, 179, 179, 180, 180, 179, 180, 180, 180, 179, 179, 179, 179, 179, 179, 179, 179, 179, 180, 180, 179
2010,14207010,207,CH4 ,10PPBC, 8,25, 180, 180, 180, 181, 182, 181, 180, 180, 180, 179, 179, 179, 179, 178, 178, 178, 178, 178, 178, 179, 179, 180, 179, 182
2010,14207010,207,CH4 ,10PPBC, 8,26, 181, 186, 186, 181, 182, 181, 184, 181, 180, 179, 179, 178, 179, 180, 179, 180, 179, 179, 180, 180, 180, 180, 181, 181
2010,14207010,207,CH4 ,10PPBC, 8,27, 181, 181, 187, 190, 190, 191, 191, 191, 188, 188, 187, 185, 188, 178, 177, 175, 174, 173, 174, 174, 175, 175, 174, 175
2010,14207010,207,CH4 ,10PPBC, 8,28, 175, 174, 175, 174, 177, 183, 186, 180, 175, 176, 175, 174, 174, 174, 175, 175, 175, 175, 175, 174, 176, 177, 178, 176
2010,14207010,207,CH4 ,10PPBC, 8,29, 175, 182, 186, 190, 199, 197, 191, 182, 176, 176, 176, 175, 175, 175, 174, 174, 173, 174, 174, 176, 176, 179, 180, 180
2010,14207010,207,CH4 ,10PPBC, 8,30, 182, 194, 193, 203, 204, 191, 193, 191, 185, 183,9999, 185, 184, 183, 178, 175, 173, 173, 173, 173, 174, 173, 174, 178
2010,14207010,207,CH4 ,10PPBC, 8,31, 179, 177, 194, 192, 194, 188, 188, 187, 190, 194, 190, 186, 180, 178, 175, 175, 175, 178, 177, 174, 173, 174, 174, 174
2010,14207010,207,CH4 ,10PPBC, 9, 1, 173, 173, 173, 173, 173, 174, 180, 184, 178, 174, 174, 174, 174, 174, 175, 176, 175, 178, 180, 180, 180, 180, 179, 180
2010,14207010,207,CH4 ,10PPBC, 9, 2, 180, 180, 181, 182, 183, 185, 186, 183, 181, 181, 181, 181, 181, 180, 180, 179, 180, 180, 182, 181, 180, 180, 180, 180
2010,14207010,207,CH4 ,10PPBC, 9, 3, 182, 190, 185, 183, 186, 190, 191, 187, 181, 181, 180, 179, 178, 178, 178, 178, 177, 179, 181, 179, 180, 180, 180, 182
2010,14207010,207,CH4 ,10PPBC, 9, 4, 180, 183, 189, 192, 188, 201, 208, 196, 185, 181, 183, 184, 185, 183, 182, 182, 179, 179, 179, 179, 179, 179, 179, 179
2010,14207010,207,CH4 ,10PPBC, 9, 5, 179, 179, 181, 187, 192, 200, 191, 187, 181, 180, 178, 177, 178, 179, 178, 177, 177, 178, 178, 178, 180, 179, 179, 177
2010,14207010,207,CH4 ,10PPBC, 9, 6, 177, 175, 174, 174, 177, 175, 174, 174, 173, 174,9999,9999,9999, 171, 171, 171, 172, 174, 173, 174, 172, 172, 172, 171
2010,14207010,207,CH4 ,10PPBC, 9, 7, 172, 171, 171, 171, 171, 171, 171, 173, 173, 172, 172, 173, 172, 171, 171, 171, 171, 173, 172, 172, 173, 173, 172, 174
2010,14207010,207,CH4 ,10PPBC, 9, 8, 176, 174, 172, 172, 181, 183, 182, 184, 187, 188, 190, 183, 175, 176, 184, 183, 182, 180, 179, 179, 179, 178, 179, 179
2010,14207010,207,CH4 ,10PPBC, 9, 9, 180, 180, 182, 183, 183, 184, 184, 184, 183, 183, 184, 183, 183, 183, 183, 185, 184, 184, 184, 184, 185, 186, 188, 193
2010,14207010,207,CH4 ,10PPBC, 9,10, 194, 196, 194, 195, 195, 195, 196, 191, 188, 186, 187, 187, 186, 187, 187, 185, 184, 182, 182, 182, 183, 183, 183, 184
2010,14207010,207,CH4 ,10PPBC, 9,11, 184, 183, 201, 212, 204, 201, 206, 206, 194, 190, 184, 182, 181, 180, 180, 180, 180, 181, 180, 180, 181, 182, 183, 187
2010,14207010,207,CH4 ,10PPBC, 9,12, 191, 192, 192, 190, 191, 203, 208, 199, 194, 194, 192, 190, 199, 195, 187, 187, 186, 186, 182, 180, 181, 180, 179, 175
2010,14207010,207,CH4 ,10PPBC, 9,13, 173, 175, 175, 173, 174, 183, 185, 184, 185,9999,9999,9999, 179, 178, 179, 179, 178, 180, 181, 182, 184, 185, 189, 188
2010,14207010,207,CH4 ,10PPBC, 9,14, 187, 186, 183, 183, 186, 185, 183, 182, 182, 184, 184, 184, 183, 182, 183, 184, 182, 182, 181, 182, 183, 186, 186, 185
2010,14207010,207,CH4 ,10PPBC, 9,15, 185, 185, 187, 186, 186, 186, 187, 187, 186, 186, 186, 186, 187, 187, 186, 187, 187, 187, 188, 189, 187, 187, 187, 186
2010,14207010,207,CH4 ,10PPBC, 9,16, 187, 186, 185, 184, 183, 184, 184, 184, 185, 183, 183, 184, 183, 183, 183, 184, 185, 185, 187, 186, 186, 186, 187, 192
2010,14207010,207,CH4 ,10PPBC, 9,17, 193, 194, 194, 194, 194, 191, 188, 184, 184, 184, 184, 184, 182, 181, 181, 181, 182, 182, 184, 185, 186, 190, 192, 194
2010,14207010,207,CH4 ,10PPBC, 9,18, 191, 188, 188, 189, 188, 188, 189, 189, 187, 185, 186, 187, 187, 186, 184, 183, 183, 184, 185, 184, 185, 186, 187, 186
2010,14207010,207,CH4 ,10PPBC, 9,19, 191, 192, 193, 193, 197, 194, 196, 192, 191, 185, 183, 181, 181, 181, 180, 181, 182, 182, 182, 182, 183, 187, 188, 199
2010,14207010,207,CH4 ,10PPBC, 9,20, 196, 194, 191, 191, 189, 190, 194, 192, 197, 193, 184, 184, 183, 184, 183, 183, 183, 184, 184, 184, 183, 187, 198, 206
2010,14207010,207,CH4 ,10PPBC, 9,21, 203, 209, 204, 212, 204, 196, 200, 196, 191, 189,9999,9999, 187, 184, 185, 184, 183, 183, 183, 183, 184, 185, 188, 193
2010,14207010,207,CH4 ,10PPBC, 9,22, 193, 194, 195, 203, 188, 187, 199, 199, 195, 194, 184, 182, 180, 180, 179, 178, 177, 177, 178, 180, 177, 189, 189, 188
2010,14207010,207,CH4 ,10PPBC, 9,23, 188, 188, 188, 189, 189, 188, 187, 186, 186, 187, 186, 186, 186, 186, 186, 186, 186, 185, 186, 187, 188, 188, 188, 187
2010,14207010,207,CH4 ,10PPBC, 9,24, 186, 186, 186, 187, 187, 189, 190, 188, 187, 187, 187, 187, 188, 188, 187, 187, 187, 186, 186, 187, 188, 187, 187, 186
2010,14207010,207,CH4 ,10PPBC, 9,25, 186, 186, 186, 186, 185, 185, 185, 185, 186, 185, 185, 185, 185, 185, 185, 186, 187, 188, 191, 192, 193, 191, 192, 193
2010,14207010,207,CH4 ,10PPBC, 9,26, 194, 194, 195, 195, 192, 196, 197, 192, 190, 191, 191, 202, 194, 190, 190, 189, 189, 189, 189, 189, 192, 190, 190, 190
2010,14207010,207,CH4 ,10PPBC, 9,27, 190, 191, 191, 190, 189, 188, 188, 188, 188, 188, 185,9999, 185, 184, 185, 185, 185, 185, 185, 186, 187, 189, 189, 187
2010,14207010,207,CH4 ,10PPBC, 9,28, 187, 186, 185, 185, 186, 186, 186, 188, 191, 192, 189, 190, 189, 189, 190, 189, 189, 189, 191, 195, 197, 201, 207, 212
2010,14207010,207,CH4 ,10PPBC, 9,29, 216, 215, 213, 207, 203, 193, 189, 188, 188, 188, 188, 188, 188, 191, 190, 192, 192, 190, 190, 190, 191, 191, 193, 195
2010,14207010,207,CH4 ,10PPBC, 9,30, 196, 192, 191, 190, 192, 193, 193, 192, 191, 192, 192, 192, 191, 193, 194, 192, 193, 193, 193, 194, 194, 194, 193, 192
2010,14207010,207,CH4 ,10PPBC, 9,31,9998,9998,9998,9998,9998,9998,9998,9998,9998,9998,9998,9998,9998,9998,9998,9998,9998,9998,9998,9998,9998,9998,9998,9998
2010,14207010,207,CH4 ,10PPBC,10, 1, 192, 192, 191, 190, 190, 191, 190, 190, 190, 189, 190, 189, 188, 189, 188, 188, 188, 188, 188, 189, 191, 193, 198, 198
2010,14207010,207,CH4 ,10PPBC,10, 2, 198, 196, 193, 192, 193, 193, 193, 192, 190, 190, 192, 190, 189, 188, 188, 187, 187, 188, 189, 188, 190, 193, 196, 201
2010,14207010,207,CH4 ,10PPBC,10, 3, 196, 195, 193, 190, 190, 191, 190, 189, 187, 187, 187, 187, 188, 188, 188, 189, 192, 190, 187, 189, 190, 194, 192, 193
2010,14207010,207,CH4 ,10PPBC,10, 4, 194, 193, 193, 197, 195, 195, 193, 192, 192, 195, 197, 194, 191, 189, 191, 192, 195, 195, 193, 193, 193, 190, 192, 193
2010,14207010,207,CH4 ,10PPBC,10, 5, 193, 193, 193, 191, 191, 191, 189, 190, 191, 191, 191, 189, 190, 189, 189, 188, 186, 186, 188, 190, 194, 196, 195, 196
2010,14207010,207,CH4 ,10PPBC,10, 6, 194, 192, 191, 191, 192, 192, 192, 192, 189, 188,9999,9999,9999, 186, 187, 187, 187, 190, 191, 191, 194, 190, 194, 193
2010,14207010,207,CH4 ,10PPBC,10, 7, 190, 190, 189, 188, 188, 187, 189, 189, 188, 188, 188, 189, 188, 188, 187, 187, 187, 189, 189, 189, 189, 190, 190, 190
2010,14207010,207,CH4 ,10PPBC,10, 8, 189, 190, 189, 189, 190, 190, 190, 190, 189, 190, 190, 189, 189, 189, 188, 189, 187, 187, 187, 187, 189, 190, 196, 192
2010,14207010,207,CH4 ,10PPBC,10, 9, 191, 190, 189, 187, 187, 186, 186, 187, 187, 187, 186, 186, 185, 185, 186, 186, 185, 185, 185, 185, 186, 186, 187, 186
2010,14207010,207,CH4 ,10PPBC,10,10, 186, 187, 186, 186, 185, 186, 186, 186, 187, 187, 186, 184, 185, 185, 185, 184, 183, 184, 186, 187, 192, 195, 206, 207
2010,14207010,207,CH4 ,10PPBC,10,11, 212, 214, 210, 206, 207, 203, 196, 196, 191, 186, 184, 186, 185, 185, 185, 185, 186, 186, 187, 187, 187, 188, 191, 195
2010,14207010,207,CH4 ,10PPBC,10,12, 198, 199, 202, 200, 197, 191, 190, 192, 190,9999,9999, 194, 194, 191, 189, 183, 182, 182, 183, 184, 186, 187, 192, 200
2010,14207010,207,CH4 ,10PPBC,10,13, 202, 199, 196, 194, 194, 191, 191, 191, 191, 190, 190, 189, 191, 191, 190, 194, 192, 192, 190, 190, 191, 195, 203, 198
2010,14207010,207,CH4 ,10PPBC,10,14, 194, 192, 190, 191, 187, 186, 186, 186, 187, 187, 188, 189, 191, 190, 192, 189, 187, 186, 187, 187, 187, 193, 192, 192
2010,14207010,207,CH4 ,10PPBC,10,15, 190, 189, 189, 188, 187, 188, 189, 189, 188, 188, 188, 189, 187, 185, 185, 185, 185, 184, 185, 188, 196, 197, 195, 194
2010,14207010,207,CH4 ,10PPBC,10,16, 189, 191, 189, 188, 188, 187, 189, 189, 190, 190, 188, 189, 189, 187, 188, 187, 186, 187, 190, 190, 194, 198, 205, 208
2010,14207010,207,CH4 ,10PPBC,10,17, 198, 196, 192, 191, 189, 189, 189, 188, 187, 187, 187, 186, 187, 186, 188, 188, 191, 192, 193, 194, 193, 192, 191, 192
2010,14207010,207,CH4 ,10PPBC,10,18, 194, 196, 196, 193, 192, 194, 192, 192, 192, 190, 189, 190, 188, 188, 187, 187, 187, 189, 188, 188, 190, 193, 194, 193
2010,14207010,207,CH4 ,10PPBC,10,19, 192, 191, 190, 188, 187, 187, 187, 188, 188, 188, 188, 187, 188, 188, 188, 189, 189, 189, 190, 189, 189, 188, 188, 188
2010,14207010,207,CH4 ,10PPBC,10,20, 187, 187, 187, 188, 189, 190, 191, 194, 194, 189,9999, 188, 187, 187, 189, 189, 188, 189, 190, 190, 191, 191, 190, 189
2010,14207010,207,CH4 ,10PPBC,10,21, 192, 190, 190, 190, 189, 187, 187, 188, 188, 188, 186, 187, 187, 187, 186, 186, 186, 186, 187, 187, 186, 186, 186, 186
2010,14207010,207,CH4 ,10PPBC,10,22, 187, 188, 189, 189, 189, 189, 190, 189, 188, 188, 188, 187, 187, 187, 188, 188, 188, 188, 190, 189, 189, 189, 189, 190
2010,14207010,207,CH4 ,10PPBC,10,23, 190, 190, 190, 189, 189, 189, 190, 189, 189, 188, 188, 188, 188, 188, 188, 188, 191, 193, 193, 194, 199, 199, 197, 197
2010,14207010,207,CH4 ,10PPBC,10,24, 195, 193, 193, 193, 191, 190, 191, 194, 193, 194, 192, 192, 191, 192, 191, 191, 192, 192, 191, 193, 193, 194, 189, 192
2010,14207010,207,CH4 ,10PPBC,10,25, 191, 191, 193, 193, 193, 192, 192, 192, 190, 191, 189,9999,9999, 187, 186, 188, 199, 204, 207, 214, 219, 225, 224, 210
2010,14207010,207,CH4 ,10PPBC,10,26, 192, 187, 185, 186, 186, 187, 189, 194, 196, 188, 186, 186, 189, 187, 186, 188, 188, 187, 189, 190, 189, 189, 189, 189
2010,14207010,207,CH4 ,10PPBC,10,27, 188, 189, 188, 189, 189, 188, 189, 189, 189, 190, 190, 189, 188, 188, 188, 187, 190, 191, 191, 193, 191, 196, 197, 195
2010,14207010,207,CH4 ,10PPBC,10,28, 193, 193, 192, 191, 190, 190, 190, 190, 189, 188, 188, 187, 188, 188, 188, 187, 187, 187, 188, 188, 187, 187, 187, 189
2010,14207010,207,CH4 ,10PPBC,10,29, 189, 187, 191, 191, 192, 192, 192, 194, 193, 190, 190, 189, 192, 193, 189, 189, 192, 192, 190, 190, 191, 192, 192, 190
2010,14207010,207,CH4 ,10PPBC,10,30, 189, 189, 188, 188, 188, 188, 188, 187, 188, 188, 188, 187, 187, 188, 188, 187, 187, 186, 186, 187, 186, 186, 186, 186
2010,14207010,207,CH4 ,10PPBC,10,31, 186, 186, 186, 186, 186, 186, 186, 187, 186, 186, 185, 185, 186, 185, 186, 186, 187, 187, 187, 187, 188, 188, 188, 188
2010,14207010,207,CH4 ,10PPBC,11, 1, 187, 186, 186, 184, 184, 184, 184, 184, 184, 184, 184,9999,9999, 184, 184, 182, 183, 183, 183, 183, 187, 189, 189, 188
2010,14207010,207,CH4 ,10PPBC,11, 2, 193, 196, 194, 199, 196, 195, 196, 209, 196, 190, 188, 186, 185, 184, 185, 185, 185, 186, 188, 188, 188, 194, 197, 197
2010,14207010,207,CH4 ,10PPBC,11, 3, 199, 198, 195, 196, 196, 194, 201, 199, 198, 192, 190, 189, 189, 190, 191, 194, 193, 191, 192, 190, 191, 191, 191, 191
2010,14207010,207,CH4 ,10PPBC,11, 4, 192, 191, 192, 193, 193, 192, 194, 195, 195, 194, 194, 195, 195, 194, 193, 197, 198, 200, 193, 198, 207, 206, 202, 199
2010,14207010,207,CH4 ,10PPBC,11, 5, 195, 194, 196, 196, 199, 196, 200, 200, 196, 192, 191, 189, 188, 188, 190, 188, 188, 189, 197, 204, 208, 201, 201, 199
2010,14207010,207,CH4 ,10PPBC,11, 6, 194, 191, 191, 191, 191, 192, 194, 195, 193, 192, 191, 190, 191, 192, 195, 192, 191, 195, 197, 201, 215, 206, 200, 197
2010,14207010,207,CH4 ,10PPBC,11, 7, 194, 191, 191, 191, 192, 192, 191, 192, 192, 193, 192, 190, 189, 189, 189, 190, 189, 189, 195, 202, 200, 194, 193, 195
2010,14207010,207,CH4 ,10PPBC,11, 8, 193, 190, 192, 192, 192, 194, 191, 191, 192, 192,9999, 195, 194, 192, 190, 190, 191, 186, 191, 190, 195, 196, 199, 199
2010,14207010,207,CH4 ,10PPBC,11, 9, 198, 196, 196, 193, 190, 184, 186, 185, 186, 186, 185, 185, 185, 184, 185, 186, 188, 188, 190, 191, 191, 191, 191, 191
2010,14207010,207,CH4 ,10PPBC,11,10, 191, 190, 192, 197, 200, 206, 208, 204, 203, 196, 190, 190, 187, 187, 187, 187, 188, 188, 192, 190, 190, 192, 195, 197
2010,14207010,207,CH4 ,10PPBC,11,11, 199, 200, 206, 200, 200, 199, 198, 198, 195, 194, 191, 190, 189, 190, 191, 191, 191, 194, 195, 199, 211, 208, 203, 201
2010,14207010,207,CH4 ,10PPBC,11,12, 199, 198, 197, 195, 194, 196, 197, 200, 202, 201, 199, 191, 190, 189, 188, 189, 189, 189, 191, 193, 193, 193, 197, 200
2010,14207010,207,CH4 ,10PPBC,11,13, 197, 195, 194, 192, 194, 196, 196, 194, 192, 192, 192, 192, 192, 193, 194, 192, 192, 195, 201, 204, 205, 203, 199, 197
2010,14207010,207,CH4 ,10PPBC,11,14, 196, 196, 195, 195, 195, 196, 197, 198, 199, 198, 200, 197, 196, 194, 193, 193, 199, 200, 201, 201, 204, 203, 198, 193
2010,14207010,207,CH4 ,10PPBC,11,15, 195, 200, 200, 198, 200, 201, 200, 193, 192, 191, 191, 190, 190, 192, 192, 193, 194, 191, 190, 191, 191, 192, 194, 193
2010,14207010,207,CH4 ,10PPBC,11,16, 193, 192, 194, 194, 194, 194, 195, 195, 194, 194,9999, 191, 191, 191, 191, 194, 194, 194, 196, 200, 205, 200, 199, 198
2010,14207010,207,CH4 ,10PPBC,11,17, 196, 194, 194, 194, 194, 195, 195, 194, 193, 192, 193, 191, 190, 190, 190, 190, 190, 190, 190, 191, 190, 190, 190, 190
2010,14207010,207,CH4 ,10PPBC,11,18, 191, 191, 191, 190, 190, 189, 190, 190, 191, 190, 189, 190, 189, 188, 189, 190, 189, 189, 190, 189, 190, 190, 190, 191
2010,14207010,207,CH4 ,10PPBC,11,19, 190, 191, 190, 190, 190, 191, 191, 191, 190, 189, 189, 190, 189, 189, 190, 193, 196, 191, 198, 206, 199, 196, 196, 194
2010,14207010,207,CH4 ,10PPBC,11,20, 193, 193, 192, 191, 191, 191, 191, 191,9999,9999,9999,9999,9999,9999,9999,9999,9999,9999,9999,9999,9999,9999,9999,9999
2010,14207010,207,CH4 ,10PPBC,11,21,9999,9999,9999,9999,9999,9999,9999,9999,9999,9999,9999,9999,9999,9999,9999,9999,9999,9999,9999,9999,9999,9999,9999,9999
2010,14207010,207,CH4 ,10PPBC,11,22,9999,9999,9999,9999,9999,9999,9999,9999,9999,9999,9999, 191, 191, 193, 192, 193, 193, 193, 192, 192, 193, 192, 191, 190
2010,14207010,207,CH4 ,10PPBC,11,23, 189, 188, 187, 186, 185, 185, 184, 184, 184, 185, 187, 187, 188, 188, 188, 189, 191, 191, 193, 192, 191, 192, 192, 192
2010,14207010,207,CH4 ,10PPBC,11,24, 192, 192, 190, 190, 190, 189, 190, 191, 191, 194, 191, 190, 190, 191, 192, 194, 192, 194, 194, 196, 200, 201, 205, 206
2010,14207010,207,CH4 ,10PPBC,11,25, 207, 203, 202, 200, 199, 198, 197, 197, 197, 196, 197, 197, 197, 196, 196, 196, 199, 203, 200, 199, 200, 197, 197, 196
2010,14207010,207,CH4 ,10PPBC,11,26, 195, 195, 194, 194, 194, 195, 197, 198, 198, 196, 192, 190, 189, 189, 189, 191, 197, 210, 210, 210, 205, 202, 200, 196
2010,14207010,207,CH4 ,10PPBC,11,27, 191, 191, 190, 190, 190, 191, 191, 191, 191, 190, 190, 190, 190, 190, 192, 191, 190, 191, 191, 192, 194, 198, 197, 197
2010,14207010,207,CH4 ,10PPBC,11,28, 196, 199, 194, 203, 201, 198, 199, 199, 202, 197, 190, 189, 189, 188, 189, 189, 189, 190, 191, 193, 193, 192, 192, 192
2010,14207010,207,CH4 ,10PPBC,11,29, 193, 192, 194, 204, 205, 205, 204, 203, 196, 195, 195, 191, 189,9999, 188, 190, 190, 190, 191, 194, 197, 199, 201, 205
2010,14207010,207,CH4 ,10PPBC,11,30, 205, 205, 203, 198, 199, 202, 201, 202, 200, 196, 195, 193, 192,9999, 192, 191, 191, 191, 192, 191, 192, 191, 192, 194
2010,14207010,207,CH4 ,10PPBC,11,31,9998,9998,9998,9998,9998,9998,9998,9998,9998,9998,9998,9998,9998,9998,9998,9998,9998,9998,9998,9998,9998,9998,9998,9998
2010,14207010,207,CH4 ,10PPBC,12, 1, 199, 199, 201, 202, 201, 197, 196, 199, 198, 197, 197, 193, 193, 193, 193, 196, 195, 198, 207, 204, 205, 203, 200, 200
2010,14207010,207,CH4 ,10PPBC,12, 2, 198, 195, 194, 195, 195, 194, 194, 195, 194, 192, 192, 192, 192, 194, 194, 195, 196, 197, 196, 196, 195, 194, 194, 195
2010,14207010,207,CH4 ,10PPBC,12, 3, 195, 195, 195, 194, 194, 194, 190, 183, 184, 182, 181, 183, 184, 185, 184, 184, 183, 184, 186, 187, 188, 189, 189, 189
2010,14207010,207,CH4 ,10PPBC,12, 4, 189, 189, 188, 188, 189, 189, 191, 193, 194, 192, 190, 190, 190, 188, 188, 189, 188, 192, 195, 194, 195, 194, 198, 199
2010,14207010,207,CH4 ,10PPBC,12, 5, 196, 198, 198, 199, 198, 199, 198, 196, 195, 198, 196, 194, 192, 192, 191, 192, 193, 195, 199, 203, 203, 201, 198, 194
2010,14207010,207,CH4 ,10PPBC,12, 6, 193, 192, 193, 193, 193, 192, 194, 197, 198, 196,9999,9999, 189, 188, 188, 187, 186, 186, 188, 196, 200, 198, 198, 204
2010,14207010,207,CH4 ,10PPBC,12, 7, 198, 197, 198, 199, 199, 197, 199, 195, 197, 194, 192, 192, 190, 187, 186, 186, 187, 188, 186, 187, 187, 187, 186, 186
2010,14207010,207,CH4 ,10PPBC,12, 8, 187, 186, 187, 186, 187, 187, 187, 187, 188, 187, 188, 188, 187, 186, 185, 185, 186, 186, 187, 187, 189, 189, 189, 188
2010,14207010,207,CH4 ,10PPBC,12, 9, 187, 189, 187, 186, 187, 188, 190, 189, 189, 189, 188, 186, 185, 185, 186, 185,9999, 187, 188, 189, 189, 192, 194, 198
2010,14207010,207,CH4 ,10PPBC,12,10, 202, 204, 199, 204, 202, 202, 206, 197, 195, 191, 190, 190, 188, 189, 189, 189, 188, 187, 189, 190, 194, 201, 195, 204
2010,14207010,207,CH4 ,10PPBC,12,11, 203, 200, 200, 199, 198, 194, 193, 186, 186, 186, 186, 185, 184, 183, 183, 183, 183, 183, 183, 184, 184, 184, 185, 185
2010,14207010,207,CH4 ,10PPBC,12,12, 189, 190, 192, 192, 192, 189, 190, 190, 192, 188, 188, 187, 188, 188, 188, 190, 194, 194, 195, 194, 193, 196, 194, 190
2010,14207010,207,CH4 ,10PPBC,12,13, 191, 190, 189, 189, 189, 189, 189, 188, 189, 188, 189, 188, 187, 188, 189, 189, 188, 187, 189, 188, 192, 190, 192, 190
2010,14207010,207,CH4 ,10PPBC,12,14, 192, 192, 196, 191, 190, 188, 187, 186, 188, 192, 191, 189, 190,9999, 194, 189, 188, 192, 195, 196, 198, 202, 203, 203
2010,14207010,207,CH4 ,10PPBC,12,15, 204, 199, 199, 186, 189, 185, 185, 187, 191, 188, 188, 187, 185, 184, 184, 185, 187, 188, 186, 190, 189, 190, 189, 189
2010,14207010,207,CH4 ,10PPBC,12,16, 189, 188, 189, 189, 191, 191, 190, 191, 191, 190, 191, 191, 191, 191, 193, 192, 192, 192, 193, 192, 194, 195, 196, 197
2010,14207010,207,CH4 ,10PPBC,12,17, 195, 194, 194, 194, 196, 199, 198, 200, 198, 199, 192, 188, 187, 186, 188, 188, 190, 193, 193, 192, 209, 204, 201, 195
2010,14207010,207,CH4 ,10PPBC,12,18, 196, 194, 195, 194, 193, 194, 195, 204, 202, 197, 189, 193, 191, 190, 192, 196, 200, 189, 189, 189, 191, 192, 191, 193
2010,14207010,207,CH4 ,10PPBC,12,19, 192, 194, 199, 197, 193, 194, 192, 192, 191, 190, 191, 189, 191, 192, 192, 192, 191, 193, 199, 207, 207, 201, 198, 196
2010,14207010,207,CH4 ,10PPBC,12,20, 194, 195, 196, 196, 195, 199, 201, 199, 202, 207, 190,9999, 184, 184, 184, 188, 190, 194, 193, 192, 192, 189, 187, 189
2010,14207010,207,CH4 ,10PPBC,12,21, 191, 193, 193, 190, 190, 190, 191, 191, 189, 188, 189, 188, 189, 189, 188, 189, 189, 189, 187, 187, 187, 187, 187, 187
2010,14207010,207,CH4 ,10PPBC,12,22, 188, 187, 187, 186, 185, 184, 184, 186, 191, 188, 184, 182, 182, 181, 182, 182, 183, 188, 192, 198, 203, 198, 197, 203
2010,14207010,207,CH4 ,10PPBC,12,23, 206, 204, 203, 195, 197, 195, 198, 197, 196, 190, 188, 186, 185, 185, 185, 184, 186, 188, 192, 193, 196, 199, 206, 207
2010,14207010,207,CH4 ,10PPBC,12,24, 205, 211, 205, 191, 188, 187, 187, 189, 188, 188, 187, 187, 186, 186, 185, 184, 184, 187, 191, 192, 192, 193, 195, 194
2010,14207010,207,CH4 ,10PPBC,12,25, 193, 192, 193, 193, 188, 186, 185, 186, 186, 186, 185, 185, 185, 184, 184, 184, 184, 185, 186, 188, 188, 186, 185, 185
2010,14207010,207,CH4 ,10PPBC,12,26, 185, 185, 184, 185, 184, 185, 186, 186, 186, 186, 186, 184, 184, 185, 184, 184, 186, 185, 185, 186, 187, 187, 187, 188
2010,14207010,207,CH4 ,10PPBC,12,27, 188, 190, 192, 186, 187, 189, 188, 190, 186, 188, 188, 188, 186, 186,9999, 186, 188, 188, 189, 189, 191, 195, 195, 195
2010,14207010,207,CH4 ,10PPBC,12,28, 195, 195, 198, 199, 197, 195, 193, 197, 195, 193, 190, 187, 186, 186, 185, 185, 184, 185, 185, 185, 186, 186, 187, 194
2010,14207010,207,CH4 ,10PPBC,12,29, 194, 194, 193, 195, 199, 202, 202, 206, 207, 200, 191, 189, 189, 188, 188, 188, 188, 191, 191, 190, 189, 191, 191, 192
2010,14207010,207,CH4 ,10PPBC,12,30, 196, 199, 198, 200, 200, 196, 196, 200, 196, 195, 195, 194, 192, 192, 187, 191, 195, 193, 190, 191, 191, 191, 192, 193
2010,14207010,207,CH4 ,10PPBC,12,31, 193, 194, 195, 194, 195, 196, 197, 198, 196, 190, 189, 186, 186, 185, 185, 186, 186, 188, 190, 191, 190, 191, 192, 196
2010,14207010,207,CH4 ,10PPBC, 1, 1, 196, 196, 199, 212, 209, 207, 203, 200, 200, 197, 195, 192, 191, 191, 189, 190, 191, 192, 197, 196, 194, 192, 194, 194
2010,14207010,207,CH4 ,10PPBC, 1, 2, 194, 193, 192, 193, 194, 192, 192, 192, 194, 192, 190, 190, 189, 188, 188, 191, 192, 194, 197, 194, 189, 190, 191, 191
2010,14207010,207,CH4 ,10PPBC, 1, 3, 194, 196, 197, 195, 194, 193, 192, 191, 191, 189, 188, 188, 189, 189, 190, 191, 194, 190, 193, 199, 196, 195, 192, 190
2010,14207010,207,CH4 ,10PPBC, 1, 4, 189, 189, 188, 188, 188, 188, 188, 189, 190, 190, 189, 188, 187, 187, 187, 187, 186, 189, 193, 193, 190, 193, 194, 194
2010,14207010,207,CH4 ,10PPBC, 1, 5, 192, 192, 191, 193, 192, 192, 194, 194, 193, 191,9999,9999, 186, 187, 185, 185, 185, 185, 187, 188, 186, 187, 187, 187
2010,14207010,207,CH4 ,10PPBC, 1, 6, 189, 185, 185, 185, 185, 185, 187, 188, 189, 188, 187, 186, 186, 185, 185, 185, 186, 187, 188, 189, 189, 191, 190, 189
2010,14207010,207,CH4 ,10PPBC, 1, 7, 189, 188, 188, 187, 188, 188, 188, 188, 189, 188, 188, 187, 187, 187, 188, 187, 187, 189, 191, 190, 191, 191, 189, 189
2010,14207010,207,CH4 ,10PPBC, 1, 8, 190, 190, 193, 192, 191, 192, 192, 191, 192, 192, 191, 189, 188, 188, 188, 188, 188, 188, 188, 189, 192, 194, 197, 195
2010,14207010,207,CH4 ,10PPBC, 1, 9, 197, 198, 202, 203, 197, 189, 187, 188, 190, 187, 185, 185, 185, 184, 184, 184, 186, 197, 210, 193, 188, 189, 188, 189
2010,14207010,207,CH4 ,10PPBC, 1,10, 187, 188, 189, 189, 189, 190, 190, 191, 191, 190, 189, 189, 188, 189, 189, 189, 189, 190, 191, 192, 194, 194, 192, 192
2010,14207010,207,CH4 ,10PPBC, 1,11, 191, 192, 192, 191, 192, 191, 192, 194, 195, 192, 194, 194, 191, 189, 189, 189, 189, 194, 194, 198, 202, 204, 203, 200
2010,14207010,207,CH4 ,10PPBC, 1,12, 196, 196, 194, 196, 197, 197, 196, 195, 196, 194, 192, 191, 188, 189, 188, 187, 188, 193, 198, 188, 188, 188, 189, 189
2010,14207010,207,CH4 ,10PPBC, 1,13, 190, 190, 190, 189, 189, 189, 189, 190, 190, 190, 189, 188, 188, 188, 188, 188, 188, 189, 190, 190, 190, 190, 191, 192
2010,14207010,207,CH4 ,10PPBC, 1,14, 192, 193, 193, 193, 193, 196, 198, 198, 199, 196,9999,9999, 190, 191, 189, 188, 188, 189, 193, 197, 197, 198, 197, 195
2010,14207010,207,CH4 ,10PPBC, 1,15, 193, 193, 193, 196, 197, 196, 198, 200, 202, 196, 192, 187, 186, 186, 187, 189, 191, 197, 199, 198, 201, 199, 194, 192
2010,14207010,207,CH4 ,10PPBC, 1,16, 192, 191, 194, 197, 195, 200, 191, 188, 188, 188, 188, 188, 187, 186, 187, 188, 188, 190, 190, 191, 189, 189, 189, 188
2010,14207010,207,CH4 ,10PPBC, 1,17, 187, 188, 188, 188, 189, 196, 198, 204, 205, 199,9999, 187, 186, 185, 184, 185, 184, 185, 186, 189, 191, 190, 191, 195
2010,14207010,207,CH4 ,10PPBC, 1,18, 198, 201, 198, 207, 203, 203, 198, 197, 194, 193, 193, 190, 192, 188, 188, 187, 187, 187, 188, 197, 203, 197, 190, 192
2010,14207010,207,CH4 ,10PPBC, 1,19, 193, 193, 195, 194, 193, 194, 196, 199, 197, 198, 190, 188, 188, 188, 189, 188, 188, 189, 190, 194, 195, 189, 190, 190
2010,14207010,207,CH4 ,10PPBC, 1,20, 190, 191, 191, 195, 196, 194, 194, 197, 196, 198, 190, 188, 187, 187, 185, 185, 184, 186, 187, 187, 188, 188, 188, 188
2010,14207010,207,CH4 ,10PPBC, 1,21, 189, 189, 190, 190, 190, 190, 190, 190, 188, 188, 187, 187, 187, 186, 186, 187, 186, 188, 188, 191, 191, 195, 195, 190
2010,14207010,207,CH4 ,10PPBC, 1,22, 188, 189, 189, 190, 191, 190, 191, 191, 193, 192, 190, 188, 187, 186, 186, 185, 185, 186, 189, 195, 195, 191, 190, 189
2010,14207010,207,CH4 ,10PPBC, 1,23, 190, 190, 191, 193, 193, 194, 193, 193, 195, 196, 192, 191, 189, 190, 193, 194, 193, 194, 195, 194, 193, 192, 190, 191
2010,14207010,207,CH4 ,10PPBC, 1,24, 191, 191, 192, 191, 190, 191, 191, 191, 192, 191, 191,9999, 191, 190, 189, 192, 190, 190, 192, 192, 192, 190, 188, 189
2010,14207010,207,CH4 ,10PPBC, 1,25, 189, 191, 193, 193, 194, 194, 195, 195, 196, 193, 192, 191, 191, 190, 190, 190, 190, 191, 192, 192, 190, 191, 191, 191
2010,14207010,207,CH4 ,10PPBC, 1,26, 193, 193, 193, 194, 196, 198, 200, 199, 197, 193, 190, 190, 189, 189, 189, 187, 186, 188, 192, 192, 188, 187, 189, 191
2010,14207010,207,CH4 ,10PPBC, 1,27, 191, 192, 193, 193, 197, 203, 206, 205, 198, 198, 192, 190, 190, 188, 187, 187, 187, 188, 189, 189, 189, 190, 190, 192
2010,14207010,207,CH4 ,10PPBC, 1,28, 192, 192, 193, 195, 195, 195, 197, 201, 200, 194, 191, 189, 189, 190, 188, 188, 188, 188, 188, 188, 189, 190, 190, 190
2010,14207010,207,CH4 ,10PPBC, 1,29, 190, 191, 190, 191, 190, 192, 191, 192, 192, 190, 189, 190, 190, 189, 189, 187, 187, 189, 191, 199, 196, 194, 198, 200
2010,14207010,207,CH4 ,10PPBC, 1,30, 199, 197, 195, 196, 198, 197, 189, 189, 188, 187, 187, 187, 187, 187, 186, 186, 186, 188, 193, 191, 190, 190, 191, 191
2010,14207010,207,CH4 ,10PPBC, 1,31, 191, 194, 194, 194, 200, 199, 198, 196, 195,9999,9999, 187, 187, 187, 186, 186, 186, 187, 188, 190, 194, 199, 194, 197
2010,14207010,207,CH4 ,10PPBC, 2, 1, 195, 196, 197, 197, 199, 199, 202, 198, 194, 192, 187, 187, 186, 186, 185, 184, 185, 187, 191, 195, 193, 191, 193, 191
2010,14207010,207,CH4 ,10PPBC, 2, 2, 190, 191, 190, 190, 189, 191, 193, 192, 191, 189, 190, 190, 190, 191, 190, 186, 188, 190, 193, 194, 200, 200, 198, 196
2010,14207010,207,CH4 ,10PPBC, 2, 3, 192, 192, 191, 191, 192, 194, 195, 196, 195, 193, 190, 189, 189, 195, 193, 189, 187, 187, 186, 188, 190, 191, 192, 190
2010,14207010,207,CH4 ,10PPBC, 2, 4, 192, 194, 194, 197, 195, 194, 194, 194, 195, 193, 190, 187, 187, 188, 187, 189, 189, 190, 192, 199, 207, 199, 197, 200
2010,14207010,207,CH4 ,10PPBC, 2, 5, 194, 191, 189, 190, 190, 189, 191, 193, 192, 190, 189, 189, 188, 190, 192, 192, 192, 193, 195, 200, 203, 199, 192, 195
2010,14207010,207,CH4 ,10PPBC, 2, 6, 197, 194, 194, 194, 194, 194, 194, 193, 193, 193, 193, 195, 196, 196, 194, 194, 193, 192, 192, 195, 199, 198, 196, 195
2010,14207010,207,CH4 ,10PPBC, 2, 7, 195, 197, 198, 201, 206, 203, 202, 205, 203, 190, 187, 188,9999, 186, 186, 187, 187, 187, 188, 188, 188, 189, 188, 188
2010,14207010,207,CH4 ,10PPBC, 2, 8, 189, 188, 188, 188, 187, 188, 188, 190, 191, 194, 189, 189, 188, 189, 191, 189, 187, 189, 191, 194, 193, 196, 191, 188
2010,14207010,207,CH4 ,10PPBC, 2, 9, 188, 188, 188, 188, 187, 187, 187, 187, 186, 186, 187, 186, 186, 186, 186, 186, 187, 188, 191, 195, 200, 200, 202, 197
2010,14207010,207,CH4 ,10PPBC, 2,10, 191, 191, 190, 189, 191, 189, 188, 188, 189, 188, 188, 188, 187, 187, 188, 186, 187, 186, 187, 189, 189, 188, 187, 187
2010,14207010,207,CH4 ,10PPBC, 2,11, 187, 187, 187, 187, 186, 186, 186, 187, 187, 186, 187, 187, 187, 188, 187, 187, 188, 189, 189, 188, 189, 187, 186, 186
2010,14207010,207,CH4 ,10PPBC, 2,12, 185, 185, 185, 185, 185, 185, 185, 185, 185, 185, 185, 186, 185, 185, 185, 185, 185, 186, 186, 187, 189, 190, 192, 193
2010,14207010,207,CH4 ,10PPBC, 2,13, 191, 192, 196, 196, 197, 197, 196, 197, 193, 191, 187, 187, 187, 187, 188, 187, 188, 190, 192, 194, 191, 191, 191, 192
2010,14207010,207,CH4 ,10PPBC, 2,14, 192, 190, 190, 191, 190, 190, 190, 191, 192, 191, 190, 191, 192, 193, 194, 193, 193, 191, 191, 193, 191, 189, 189, 189
2010,14207010,207,CH4 ,10PPBC, 2,15, 188, 187, 187, 187, 187, 187, 189, 190, 190, 190, 191, 189, 188, 187, 187, 187, 188, 188, 189, 189, 190, 192, 191, 191
2010,14207010,207,CH4 ,10PPBC, 2,16, 192, 197, 202, 203, 200, 200, 196, 195, 195, 194,9999, 192, 191, 191, 190, 188, 188, 189, 189, 190, 192, 195, 195, 196
2010,14207010,207,CH4 ,10PPBC, 2,17, 197, 196, 197, 198, 197, 197, 197, 197, 198, 201, 210, 209, 205, 194, 186, 184, 184, 184, 184, 184, 184, 184, 184, 184
2010,14207010,207,CH4 ,10PPBC, 2,18, 184, 182, 181, 180, 180, 179, 179, 180, 185, 184, 184, 184, 184, 183, 183, 185, 184, 185, 186, 186, 186, 187, 187, 187
2010,14207010,207,CH4 ,10PPBC, 2,19, 187, 187, 187, 187, 188, 188, 189, 189, 188, 188, 189, 188, 188, 189, 188, 188, 188, 188, 190, 190, 189, 191, 193, 194
2010,14207010,207,CH4 ,10PPBC, 2,20, 195, 194, 194, 194, 192, 191, 191, 191, 191, 192, 192, 192, 190, 190, 189, 189, 190, 191, 191, 191, 190, 188, 189, 190
2010,14207010,207,CH4 ,10PPBC, 2,21, 189, 189, 188, 187, 188, 189, 189, 189, 189, 188,9999, 187, 187, 187, 187, 189, 188, 188, 188, 191, 192, 189, 191, 191
2010,14207010,207,CH4 ,10PPBC, 2,22, 191, 192, 192, 191, 192, 191, 192, 193, 192, 190, 188, 189, 189, 188, 188, 188, 188, 189, 189, 188, 189, 192, 193, 197
2010,14207010,207,CH4 ,10PPBC, 2,23, 196, 194, 193, 192, 190, 190, 189, 190, 190, 189, 188, 188, 190, 191, 187, 186, 186, 187, 189, 190, 191, 194, 198, 196
2010,14207010,207,CH4 ,10PPBC, 2,24, 201, 197, 194, 191, 190, 191, 192, 193, 193, 193, 197, 193, 188, 188, 185, 185, 185, 185, 185, 184, 184, 185, 184, 183
2010,14207010,207,CH4 ,10PPBC, 2,25, 183, 182, 182, 182, 182, 182, 182, 182, 182, 182, 181, 181, 181, 180, 180, 180, 181, 182, 182, 184, 184, 187, 187, 187
2010,14207010,207,CH4 ,10PPBC, 2,26, 187, 188, 187, 187, 188, 187, 188, 188, 189, 189, 189, 190, 191, 190, 190, 189, 189, 190, 190, 189, 190, 191, 192, 194
2010,14207010,207,CH4 ,10PPBC, 2,27, 195, 193, 194, 196, 196, 195, 196, 197, 196, 195, 188, 185, 186, 185, 185, 185, 184, 185, 185, 186, 190, 192, 191, 192
2010,14207010,207,CH4 ,10PPBC, 2,28, 192, 191, 191, 190, 189, 189, 189, 189, 190,9999,9999,9999, 189, 188, 189, 188, 188, 189, 188, 188, 189, 189, 189, 189
2010,14207010,207,CH4 ,10PPBC, 2,29,9998,9998,9998,9998,9998,9998,9998,9998,9998,9998,9998,9998,9998,9998,9998,9998,9998,9998,9998,9998,9998,9998,9998,9998
2010,14207010,207,CH4 ,10PPBC, 2,30,9998,9998,9998,9998,9998,9998,9998,9998,9998,9998,9998,9998,9998,9998,9998,9998,9998,9998,9998,9998,9998,9998,9998,9998
2010,14207010,207,CH4 ,10PPBC, 2,31,9998,9998,9998,9998,9998,9998,9998,9998,9998,9998,9998,9998,9998,9998,9998,9998,9998,9998,9998,9998,9998,9998,9998,9998
2010,14207010,207,CH4 ,10PPBC, 3, 1, 188, 188, 189, 188, 189, 189, 189, 191, 191, 190, 191, 190, 190, 189, 190, 192, 190, 192, 193, 191, 189, 190, 190, 191
2010,14207010,207,CH4 ,10PPBC, 3, 2, 191, 192, 193, 194, 195, 195, 194, 196, 196, 194, 192, 188, 188, 188, 189, 189, 187, 185, 186, 187, 188, 190, 190, 193
2010,14207010,207,CH4 ,10PPBC, 3, 3, 192, 193, 193, 190, 189, 189, 189, 188, 188, 188, 187, 187, 187, 187, 187, 187, 188, 187, 187, 187, 186, 187, 187, 189
2010,14207010,207,CH4 ,10PPBC, 3, 4, 190, 192, 190, 191, 191, 191, 191, 191, 191, 187, 186, 186, 186, 186, 187, 187, 187, 188, 189, 189, 190, 192, 194, 196
2010,14207010,207,CH4 ,10PPBC, 3, 5, 199, 200, 199, 199, 199, 196, 194, 195, 192, 189, 189, 190, 189, 189, 189, 189, 188, 188, 189, 188, 190, 192, 192, 192
2010,14207010,207,CH4 ,10PPBC, 3, 6, 191, 191, 194, 192, 192, 194, 193, 194, 193, 189, 186, 186, 186, 185, 184, 184, 185, 187, 194, 190, 188, 188, 190, 195
2010,14207010,207,CH4 ,10PPBC, 3, 7, 193, 192, 189, 188, 187, 186, 186, 186, 187, 189, 188, 189,9999, 187, 187, 187, 187, 188, 189, 190, 189, 191, 190, 191
2010,14207010,207,CH4 ,10PPBC, 3, 8, 192, 191, 193, 193, 193, 193, 194, 194, 194, 192, 191, 190, 189, 190, 191, 190, 189, 190, 190, 192, 194, 196, 197, 200
2010,14207010,207,CH4 ,10PPBC, 3, 9, 199, 197, 192, 192, 192, 194, 196, 198, 194, 191, 189, 189, 189, 188, 187, 185, 185, 185, 186, 186, 186, 187, 187, 188
2010,14207010,207,CH4 ,10PPBC, 3,10, 188, 188, 188, 188, 190, 191, 190, 190, 190, 189, 189, 188, 188, 188, 188, 188, 188, 188, 188, 189, 190, 190, 191, 192
2010,14207010,207,CH4 ,10PPBC, 3,11, 195, 196, 197, 193, 190, 190, 190, 190, 189, 188, 188, 187, 187, 186, 185, 186, 186, 186, 187, 188, 188, 189, 189, 190
2010,14207010,207,CH4 ,10PPBC, 3,12, 191, 192, 193, 198, 197, 197, 197, 195, 193, 191, 189, 190, 189, 189, 189, 190, 191, 193, 193, 192, 192, 192, 192, 193
2010,14207010,207,CH4 ,10PPBC, 3,13, 193, 196, 195, 194, 193, 195, 196, 195, 192, 191, 190, 190, 191, 190, 189, 189, 189, 189, 188, 189, 189, 190, 192, 189
2010,14207010,207,CH4 ,10PPBC, 3,14, 193, 196, 199, 200, 203, 209, 203, 200, 188, 185, 185, 185, 184, 183, 183, 184, 183, 183, 184, 184, 184, 185, 185, 186
2010,14207010,207,CH4 ,10PPBC, 3,15, 186, 187, 189, 192, 189, 188, 188, 189, 188, 188, 189, 192, 188, 189, 192, 195, 189, 189, 190, 189, 189, 188, 187, 186
2010,14207010,207,CH4 ,10PPBC, 3,16, 193, 195, 189, 187, 187, 188, 188, 188, 188, 188, 187, 187, 186, 186, 185,9999,9999, 187, 187, 187, 188, 188, 189, 189
2010,14207010,207,CH4 ,10PPBC, 3,17, 190, 190, 189, 190, 191, 191, 191, 191, 190, 188, 188, 187,9999,9999, 187, 187, 189, 188, 189, 189, 189, 189, 190, 190
2010,14207010,207,CH4 ,10PPBC, 3,18, 190, 191, 191, 191, 191, 192, 192, 192, 190,9999,9999, 189, 189, 189, 189, 189, 188, 188, 188, 188, 188, 188, 188, 188
2010,14207010,207,CH4 ,10PPBC, 3,19, 188, 187, 187, 187, 188, 187, 187, 187, 187, 187, 186, 186, 186, 185, 185, 185, 185, 186, 186, 187, 188, 190, 194, 196
2010,14207010,207,CH4 ,10PPBC, 3,20, 196, 196, 197, 193, 194, 197, 197, 194, 190, 188, 188, 188, 191, 191, 188, 186, 185, 184, 185, 184, 184, 183, 182, 182
2010,14207010,207,CH4 ,10PPBC, 3,21, 182, 182, 181, 182, 182, 182, 181, 189, 188, 189, 188, 189, 189, 189, 188, 188, 189, 189, 187, 190, 188, 189, 190, 191
2010,14207010,207,CH4 ,10PPBC, 3,22, 191, 189, 188, 187, 188, 187, 188, 188, 188, 189, 189, 189,9999,9999, 189, 189, 188, 189, 189, 191, 191, 192, 191, 191
2010,14207010,207,CH4 ,10PPBC, 3,23, 193, 192, 190, 190, 189, 190, 189, 189, 189, 190, 188, 189, 189, 190, 190, 190, 191, 190, 189, 190, 190, 189, 188, 188
2010,14207010,207,CH4 ,10PPBC, 3,24, 188, 191, 192, 193, 193, 192, 194, 194, 193, 192, 191, 191, 191, 190, 189, 189, 188, 189, 189, 190, 187, 188, 189, 191
2010,14207010,207,CH4 ,10PPBC, 3,25, 191, 194, 193, 197, 200, 196, 196, 196, 196,9999, 193, 190, 189, 189, 188, 188, 187, 187,9999,9999, 187, 189, 191, 193
2010,14207010,207,CH4 ,10PPBC, 3,26, 192, 190, 191, 190, 192, 193, 192, 190, 190, 189, 189, 190, 189, 188, 188, 188, 188, 188, 189, 188, 188, 188, 189, 189
2010,14207010,207,CH4 ,10PPBC, 3,27, 189, 190, 190, 190, 190, 191, 192, 192, 190, 189, 189, 189, 189, 189, 188, 189, 189, 189, 189, 189, 189, 190, 188, 189
2010,14207010,207,CH4 ,10PPBC, 3,28, 189, 189, 191, 191, 190, 191, 191, 191, 190, 190, 190,9999, 190, 190, 189, 188, 188, 188, 188, 189, 189, 191, 190, 189
2010,14207010,207,CH4 ,10PPBC, 3,29, 190, 189, 189, 192, 193, 194, 194, 193, 191, 190, 189, 188, 188, 187, 188, 187, 187, 188, 189, 190, 190, 190, 192, 192
2010,14207010,207,CH4 ,10PPBC, 3,30, 190, 189, 190, 190, 190, 190, 190, 189, 189, 189, 189, 189, 190, 189, 188, 189, 188, 187, 188, 189, 190, 193, 188, 188
2010,14207010,207,CH4 ,10PPBC, 3,31, 188, 188, 189, 188, 189, 190, 190, 189, 189, 189, 189, 189, 188, 188, 187, 187, 186, 186, 187, 188, 189, 190, 191, 191
2010,14208020,208,CH4 ,10PPBC, 4, 1, 185, 185, 185, 184, 184, 184, 184, 184, 184, 184, 184, 184, 183, 183,9999, 182, 181, 182, 182, 182, 182, 182, 182, 182
2010,14208020,208,CH4 ,10PPBC, 4, 2, 182, 182, 181, 181, 181, 181, 181, 181, 180, 180, 180, 180, 181, 181, 190, 187, 186, 186, 189, 188, 188, 189, 188, 188
2010,14208020,208,CH4 ,10PPBC, 4, 3, 187, 188, 188, 188, 186, 187, 187, 188, 189, 187, 188, 187, 186, 185, 185, 185, 185, 186, 188, 191, 190, 188, 189, 191
2010,14208020,208,CH4 ,10PPBC, 4, 4, 192, 192, 195, 192, 190, 190, 189, 189, 189, 189, 190, 190, 191, 196, 190, 190, 190, 190, 193, 199, 195, 195, 195, 194
2010,14208020,208,CH4 ,10PPBC, 4, 5, 193, 192, 191, 192, 191, 190, 191, 193, 194, 194, 195, 195, 194, 194, 194, 193, 196, 196, 194, 193, 196, 196, 195, 196
2010,14208020,208,CH4 ,10PPBC, 4, 6, 198, 199, 196, 197, 199, 198, 192, 189, 190, 189, 189, 188, 186, 186, 185, 184, 184, 184, 184, 183, 184, 184, 184, 184
2010,14208020,208,CH4 ,10PPBC, 4, 7, 184, 182, 182, 182, 182, 182, 182, 182, 189, 191, 192, 197, 189, 187, 186, 186, 187, 186, 187, 187, 187, 187, 187, 190
2010,14208020,208,CH4 ,10PPBC, 4, 8, 192, 191, 189, 189, 190, 190, 190, 190, 189, 189, 188,9999,9999, 187, 188, 188, 188, 188, 189, 189, 189, 190, 189, 189
2010,14208020,208,CH4 ,10PPBC, 4, 9, 189, 190, 190, 190, 190, 195, 195, 194, 193, 192, 191, 189, 188, 187, 186, 185, 185, 185, 186, 187, 188, 187, 191, 192
2010,14208020,208,CH4 ,10PPBC, 4,10, 193, 192, 192, 192, 190, 188, 190, 190, 190, 191, 201, 194, 194, 191, 187, 184, 183, 183, 183, 183, 183, 184, 183, 182
2010,14208020,208,CH4 ,10PPBC, 4,11, 182, 183, 183, 183, 183, 181, 182, 185, 185, 186, 185, 187, 190, 187, 183, 183, 183, 182, 186, 187, 187, 187, 187, 187
2010,14208020,208,CH4 ,10PPBC, 4,12, 190, 189, 188, 188, 186, 186, 187, 189, 188, 188, 189, 188, 188, 188, 188, 188, 188, 188, 188, 188, 188, 187, 187, 187
2010,14208020,208,CH4 ,10PPBC, 4,13, 186, 185, 185, 185, 185, 185, 185, 186, 186, 184, 184, 184, 183, 182, 183, 182, 182, 182, 182, 182, 182, 183, 183, 183
2010,14208020,208,CH4 ,10PPBC, 4,14, 183, 186, 188, 187, 186, 186, 186, 185, 188, 188, 188, 188, 189, 188, 187, 187, 186, 187, 187, 189, 188, 188, 190, 189
2010,14208020,208,CH4 ,10PPBC, 4,15, 188, 187, 187, 186, 186, 187, 186, 187, 189,9999,9999,9999, 188, 189, 189, 188, 187, 188, 188, 188, 189, 190, 191, 197
2010,14208020,208,CH4 ,10PPBC, 4,16, 193, 190, 187, 188, 189, 193, 188, 190, 189, 189, 188, 190, 191, 193, 190, 189, 189, 189, 187, 189, 189, 189, 189, 189
2010,14208020,208,CH4 ,10PPBC, 4,17, 189, 188, 187, 187, 187, 188, 187, 187, 188, 189, 190, 188, 188, 187, 188, 190, 189, 188, 189, 192, 192, 193, 194, 194
2010,14208020,208,CH4 ,10PPBC, 4,18, 200, 199, 197, 193, 190, 191, 196, 204, 199, 195, 194, 193, 193, 190, 187, 188, 188, 189, 187, 187, 186, 189, 193, 191
2010,14208020,208,CH4 ,10PPBC, 4,19, 192, 193, 192, 193, 194, 194, 194, 193, 197, 194, 192, 191, 190, 187, 188, 187, 186, 186, 185, 185, 186, 185, 185, 185
2010,14208020,208,CH4 ,10PPBC, 4,20, 185, 185, 185, 185, 184, 183, 183, 183, 183, 183, 182, 181, 182, 182, 182, 182, 182, 182, 184, 187, 186, 187, 189, 189
2010,14208020,208,CH4 ,10PPBC, 4,21, 191, 189, 188, 190, 190, 192, 195, 195, 197, 197, 188, 186, 187, 191, 189, 182, 181, 182, 182, 183, 184, 183, 186, 185
2010,14208020,208,CH4 ,10PPBC, 4,22, 187, 189, 188, 188, 188, 190, 190, 190, 190, 194, 193, 193, 191,9999, 188, 189, 188, 188, 188, 188, 188, 189, 189, 189
2010,14208020,208,CH4 ,10PPBC, 4,23, 188, 189, 189, 188, 188, 187, 188, 190, 198, 193, 194, 197, 194, 193, 194, 196, 190, 188, 187, 188, 188, 188, 188, 188
2010,14208020,208,CH4 ,10PPBC, 4,24, 188, 187, 187, 187, 185, 186, 187, 188, 190, 192, 189, 189, 189, 190, 187, 188, 188, 188, 188, 195, 192, 194, 192, 194
2010,14208020,208,CH4 ,10PPBC, 4,25, 192, 191, 192, 191, 192, 193, 195, 195, 194, 191, 191, 189, 187, 187, 186, 187, 188, 187, 186, 187, 187, 187, 186, 186
2010,14208020,208,CH4 ,10PPBC, 4,26, 188, 192, 193, 191, 192, 192, 193, 192, 190, 193, 197, 194, 192, 190, 188, 187, 187, 186, 187, 188, 191, 193, 194, 195
2010,14208020,208,CH4 ,10PPBC, 4,27, 196, 194, 192, 196, 190, 190, 190, 191, 193, 195, 203, 200, 195,9999, 189, 187, 186, 186, 187, 189, 188, 187, 188, 186
2010,14208020,208,CH4 ,10PPBC, 4,28, 185, 185, 185, 184, 184, 186, 184, 182, 182, 187, 187, 186, 187, 187, 187, 187, 188, 187, 188, 189, 191, 192, 199, 196
2010,14208020,208,CH4 ,10PPBC, 4,29, 189, 189, 186, 184, 182, 182, 183, 183, 183, 182, 182, 182, 182, 182, 183, 183, 183, 184, 185, 185, 185, 185, 185, 185
2010,14208020,208,CH4 ,10PPBC, 4,30, 188, 189, 189, 188, 188, 189, 189, 191, 191, 188, 187, 187, 186, 185, 185, 185, 185, 185, 185, 185, 185, 188, 189, 190
2010,14208020,208,CH4 ,10PPBC, 4,31,9998,9998,9998,9998,9998,9998,9998,9998,9998,9998,9998,9998,9998,9998,9998,9998,9998,9998,9998,9998,9998,9998,9998,9998
2010,14208020,208,CH4 ,10PPBC, 5, 1, 190, 190, 191, 191, 192, 191, 191, 191, 188, 187, 187, 187, 186, 186, 186, 186, 185, 185, 186, 186, 186, 187, 187, 192
2010,14208020,208,CH4 ,10PPBC, 5, 2, 195, 193, 193, 192, 194, 192, 192, 191, 193, 193, 189, 187, 187, 187, 186, 185, 185, 185, 184, 184, 185, 185, 185, 185
2010,14208020,208,CH4 ,10PPBC, 5, 3, 186, 184, 190, 190, 191, 192, 190, 195, 194, 193, 191, 189, 185, 184, 183, 184, 183, 183, 183, 183, 183, 183, 183, 183
2010,14208020,208,CH4 ,10PPBC, 5, 4, 183, 183, 183, 183, 183, 183, 184, 184, 184, 184, 184, 183, 183, 184, 184, 185, 184, 184, 183, 183, 183, 183, 183, 183
2010,14208020,208,CH4 ,10PPBC, 5, 5, 182, 182, 183, 184, 184, 183, 187, 186, 187, 187, 188, 189, 185, 183, 182, 182, 182, 182, 182, 182, 182, 182, 182, 182
2010,14208020,208,CH4 ,10PPBC, 5, 6, 182, 182, 181, 181, 181, 180, 179, 179, 179, 179, 178, 178, 178, 177, 177, 177, 177, 177, 177, 177, 177, 177, 177, 178
2010,14208020,208,CH4 ,10PPBC, 5, 7, 178, 178, 178, 177, 177, 177, 177, 177, 177,9999,9999, 179, 179, 179, 178, 178, 178, 178, 178, 178, 178, 177, 178, 178
2010,14208020,208,CH4 ,10PPBC, 5, 8, 183, 186, 186, 185, 185, 188, 189, 188, 188, 188, 188, 188, 186, 186, 185, 185, 185, 185, 185, 185, 184, 185, 184, 184
2010,14208020,208,CH4 ,10PPBC, 5, 9, 184, 184, 185, 189, 190, 193, 192, 192, 196, 194, 195, 193, 190, 189, 189, 189, 189, 189, 189, 193, 195, 195, 194, 189
2010,14208020,208,CH4 ,10PPBC, 5,10, 188, 189, 189, 189, 197, 198, 193, 193, 193, 193, 192, 192, 188, 185, 187, 188, 188, 189, 189, 187, 187, 186, 185, 185
2010,14208020,208,CH4 ,10PPBC, 5,11, 186, 191, 193, 188, 192, 189, 189, 188, 188, 187, 188, 188, 188, 187, 185, 187, 188, 188, 188, 190, 189, 190, 190, 190
2010,14208020,208,CH4 ,10PPBC, 5,12, 190, 189, 189, 188, 189, 187, 188, 190, 189, 193, 194, 191, 189, 187, 185, 185, 186, 186, 188, 191, 194, 193, 193, 195
2010,14208020,208,CH4 ,10PPBC, 5,13, 194, 192, 193, 192, 190, 189, 188, 189, 189, 188, 187, 187, 187, 187, 187, 187, 188, 187, 188, 188, 190, 189, 190, 190
2010,14208020,208,CH4 ,10PPBC, 5,14, 189, 188, 188, 189, 188, 188, 189, 188, 189, 191, 190, 190,9999,9999, 189, 188, 186, 185, 184, 186, 190, 190, 190, 190
2010,14208020,208,CH4 ,10PPBC, 5,15, 189, 190, 188, 188, 188, 187, 187, 187, 186, 187, 187, 187, 188, 187, 187, 186, 185, 185, 188, 188, 190, 189, 190, 189
2010,14208020,208,CH4 ,10PPBC, 5,16, 189, 190, 190, 191, 191, 192, 189, 184, 184, 184, 185, 185, 184, 184, 184, 183, 183, 184, 183, 184, 184, 185, 185, 184
2010,14208020,208,CH4 ,10PPBC, 5,17, 184, 189, 192, 194, 195, 196, 195, 190, 189, 188, 188, 188, 187, 185, 184, 184, 183, 183, 183, 183, 183, 184, 183, 184
2010,14208020,208,CH4 ,10PPBC, 5,18, 184, 184, 184, 184, 184, 182, 183, 184, 184, 183, 183, 183, 182, 183, 183, 182, 182, 182, 183, 183, 182, 182, 183, 183
2010,14208020,208,CH4 ,10PPBC, 5,19, 182, 183, 182, 182, 182, 182, 182, 182, 182, 183,9999, 182, 182, 182, 182, 181, 181, 181, 181, 181, 181, 181, 181, 181
2010,14208020,208,CH4 ,10PPBC, 5,20, 181, 181, 181, 181, 181, 181, 181, 181, 181, 181, 180, 180, 180, 180, 180, 186, 186, 187, 188, 188, 189, 191, 189, 188
2010,14208020,208,CH4 ,10PPBC, 5,21, 188, 189, 189, 188, 188, 193, 193, 190, 190, 190, 189, 188, 188, 188, 188, 187, 187, 186, 186, 186, 187, 187, 186, 187
2010,14208020,208,CH4 ,10PPBC, 5,22, 192, 194, 192, 192, 198, 203, 204, 197, 196, 197, 197, 194, 192, 193, 191, 186, 186, 186, 186, 187, 188, 192, 190, 188
2010,14208020,208,CH4 ,10PPBC, 5,23, 188, 189, 191, 190, 190, 192, 192, 192, 203, 209, 199, 195, 189, 190, 191, 188, 187, 188, 188, 190, 188, 188, 187, 187
2010,14208020,208,CH4 ,10PPBC, 5,24, 186, 186, 187, 187, 188, 190, 188, 187, 187, 187, 187, 189, 188, 188, 188, 191, 190, 186, 183, 176, 174, 178, 182, 183
2010,14208020,208,CH4 ,10PPBC, 5,25, 183, 184, 184, 184, 184, 184, 185, 184, 184, 184, 184, 184, 185, 184, 184, 185, 186, 187, 188, 188, 187, 186, 186, 186
2010,14208020,208,CH4 ,10PPBC, 5,26, 185, 185, 184, 184, 184, 184, 185, 187, 188, 187, 188, 193, 192, 191, 186, 183, 184, 183, 184, 185, 185, 185, 186, 184
2010,14208020,208,CH4 ,10PPBC, 5,27, 186, 186, 187, 186, 185, 185, 188, 186, 185, 185, 185, 184, 184,9999, 183, 183, 183, 183, 183, 185, 188, 189, 187, 187
2010,14208020,208,CH4 ,10PPBC, 5,28, 186, 185, 186, 186, 186, 186, 186, 186, 187, 186, 187, 188, 189, 186, 186, 183, 183, 183, 183, 183, 185, 187, 186, 185
2010,14208020,208,CH4 ,10PPBC, 5,29, 186, 185, 184, 184, 190, 190, 188, 185, 185, 186, 187, 188, 185, 187, 187, 187, 186, 187, 188, 189, 187, 187, 186, 187
2010,14208020,208,CH4 ,10PPBC, 5,30, 187, 189, 191, 188, 188, 191, 190, 191, 191, 190, 190, 190, 188, 187, 186, 186, 186, 187, 187, 188, 187, 188, 188, 190
2010,14208020,208,CH4 ,10PPBC, 5,31, 189, 190, 189, 190, 190, 192, 192, 191, 191, 194, 192, 188, 187, 186, 185, 184, 183, 183, 184, 184, 185, 187, 190, 188
2010,14208020,208,CH4 ,10PPBC, 6, 1, 187, 189, 188, 188, 191, 187, 186, 186, 185, 188, 190, 190, 190, 186, 186, 185, 184, 183, 183, 185, 189, 192, 193, 191
2010,14208020,208,CH4 ,10PPBC, 6, 2, 190, 190, 191, 190, 190, 190, 190, 188, 188, 190, 191, 192, 189, 187, 185, 185, 185, 184, 184, 184, 185, 189, 191, 190
2010,14208020,208,CH4 ,10PPBC, 6, 3, 190, 189, 188, 190, 191, 191, 193, 191, 186, 184,9999,9999, 182, 183, 182, 182, 182, 181, 181, 181, 181, 181, 181, 181
2010,14208020,208,CH4 ,10PPBC, 6, 4, 182, 183, 184, 183, 190, 187, 187, 184, 183, 182, 182, 182, 182, 182, 181, 181, 181, 181, 181, 180, 181, 181, 182, 183
2010,14208020,208,CH4 ,10PPBC, 6, 5, 184, 185, 187, 187, 188, 188, 189, 189, 190, 197, 193, 192, 193, 188, 186, 189, 189, 189, 188, 187, 187, 187, 186, 187
2010,14208020,208,CH4 ,10PPBC, 6, 6, 187, 186, 187, 189, 192, 190, 191, 190, 190, 189, 189, 189, 186, 184, 184, 184, 183, 183, 182, 183, 183, 184, 183, 184
2010,14208020,208,CH4 ,10PPBC, 6, 7, 183, 184, 188, 190, 187, 188, 188, 187, 184, 189, 184, 183, 182, 182, 182, 183, 183, 182, 182, 182, 184, 184, 184, 186
2010,14208020,208,CH4 ,10PPBC, 6, 8, 186, 185, 186, 190, 189, 188, 189, 188, 191, 190, 187, 186, 185, 187, 186, 186, 186, 186, 186, 186, 184, 186, 186, 186
2010,14208020,208,CH4 ,10PPBC, 6, 9, 188, 192, 191, 189, 189, 188, 188, 190, 192, 193, 190, 189, 190, 193, 188, 185, 184, 185, 187, 186, 187, 188, 196, 193
2010,14208020,208,CH4 ,10PPBC, 6,10, 191, 191, 189, 190, 190, 190, 189, 190, 195, 190, 189, 189,9999, 182, 181, 182, 183, 180, 179, 179, 183, 185, 185, 185
2010,14208020,208,CH4 ,10PPBC, 6,11, 186, 188, 188, 188, 188, 187, 186, 187, 189, 185, 186, 185, 181, 181, 181, 182, 181, 180, 180, 180, 180, 180, 179, 179
2010,14208020,208,CH4 ,10PPBC, 6,12, 179, 179, 179, 179, 179, 182, 180, 181, 181, 181, 180, 179, 179, 178, 178, 179, 178, 178, 178, 178, 178, 178, 178, 178
2010,14208020,208,CH4 ,10PPBC, 6,13, 179, 178, 178, 178, 179, 179, 179, 179, 179, 179, 179, 179, 180, 179, 179, 180, 180, 180, 180, 181, 181, 181, 181, 182
2010,14208020,208,CH4 ,10PPBC, 6,14, 184, 184, 183, 183, 181, 182, 183, 183, 185, 184, 188, 190, 189, 190, 188, 185, 184, 182, 183, 183, 183, 183, 183, 185
2010,14208020,208,CH4 ,10PPBC, 6,15, 186, 187, 187, 188, 189, 187, 186, 183, 182, 182, 181, 182, 183, 182, 183, 184, 184, 184, 182, 180, 180, 181, 183, 183
2010,14208020,208,CH4 ,10PPBC, 6,16, 183, 183, 176, 170, 169, 169, 169, 169, 170, 170, 172, 174, 177, 180, 181, 180, 180, 181, 181, 181, 182, 182, 182, 182
2010,14208020,208,CH4 ,10PPBC, 6,17, 183, 184, 185, 186, 187, 187, 189, 190, 190, 189, 189, 185, 188, 187,9999, 183, 180, 177, 177, 178, 177, 177, 177, 177
2010,14208020,208,CH4 ,10PPBC, 6,18, 176, 175, 176, 177, 176, 177, 179, 180, 177, 178, 178, 179, 176, 171, 171, 173, 174, 170, 175, 178, 179, 177, 169, 169
2010,14208020,208,CH4 ,10PPBC, 6,19, 169, 169, 169, 169, 168, 169, 169, 174, 181, 177, 172, 171, 173, 175, 177, 175, 175, 176, 174, 174, 171, 169, 169, 169
2010,14208020,208,CH4 ,10PPBC, 6,20, 169, 169, 169, 169, 169, 169, 170, 170, 170, 171, 171, 170, 171, 170, 170, 171, 171, 171, 172, 172, 172, 171, 170, 171
2010,14208020,208,CH4 ,10PPBC, 6,21, 172, 172, 170, 170, 170, 170, 171, 171, 171, 169, 170, 170, 170, 171, 171, 171, 171, 173, 175, 176, 177, 176, 175, 175
2010,14208020,208,CH4 ,10PPBC, 6,22, 172, 173, 175, 173, 172, 172, 173, 175, 173, 172, 172, 173, 173, 173, 173, 172, 172, 172, 173, 174, 174, 174, 174, 172
2010,14208020,208,CH4 ,10PPBC, 6,23, 172, 173, 174, 174, 174, 173, 171, 172, 171, 170, 170, 169, 169, 169, 170, 170, 171, 173, 173, 172, 177, 181, 182, 183
2010,14208020,208,CH4 ,10PPBC, 6,24, 183, 184, 184, 187, 188, 189, 186, 188, 188,9999,9999,9999, 195, 191, 186, 181, 182, 184, 183, 182, 182, 183, 183, 183
2010,14208020,208,CH4 ,10PPBC, 6,25, 186, 186, 186, 187, 182, 183, 185, 183, 190, 191, 189, 189, 190, 190, 183, 179, 176, 176, 177, 176, 176, 177, 175, 175
2010,14208020,208,CH4 ,10PPBC, 6,26, 175, 176, 174, 174, 174, 175, 174, 172, 171, 171, 171, 171, 171, 171, 172, 171, 171, 171, 171, 171, 172, 171, 171, 171
2010,14208020,208,CH4 ,10PPBC, 6,27, 171, 171, 171, 171, 171, 171, 171, 171, 171, 171, 170, 170, 170, 170, 170, 170, 170, 169, 169, 169, 169, 170, 169, 169
2010,14208020,208,CH4 ,10PPBC, 6,28, 169, 170, 171, 172, 174, 171, 171, 171, 176, 177, 175, 174, 172, 174, 171, 170, 170, 170, 173, 175, 174, 173, 175, 174
2010,14208020,208,CH4 ,10PPBC, 6,29, 176, 178, 180, 182, 184, 180, 179, 180, 184, 183, 181, 180, 176, 175, 174, 173, 176, 179, 177, 172, 175, 174, 174, 174
2010,14208020,208,CH4 ,10PPBC, 6,30, 180, 185, 185, 188, 181, 179, 177, 177, 177, 175, 176, 177, 176, 173, 174, 174, 174, 174, 174, 175, 175, 175, 174, 174
2010,14208020,208,CH4 ,10PPBC, 6,31,9998,9998,9998,9998,9998,9998,9998,9998,9998,9998,9998,9998,9998,9998,9998,9998,9998,9998,9998,9998,9998,9998,9998,9998
2010,14208020,208,CH4 ,10PPBC, 7, 1, 174, 174, 174, 173, 173, 173, 174, 175, 173, 172, 172,9999,9999, 175, 175, 175, 175, 174, 175, 177, 177, 178, 178, 179
2010,14208020,208,CH4 ,10PPBC, 7, 2, 182, 183, 185, 187, 188, 188, 188, 189, 188, 189, 185, 178, 176, 175, 176, 176, 175, 175, 175, 175, 176, 176, 176, 176
2010,14208020,208,CH4 ,10PPBC, 7, 3, 176, 176, 177, 179, 179, 179, 179, 179, 180, 180, 179, 179, 177, 175, 175, 176, 176, 175, 174, 172, 170, 170, 170, 170
2010,14208020,208,CH4 ,10PPBC, 7, 4, 170, 170, 170, 171, 173, 175, 179, 183, 184, 183, 183, 182, 181, 182, 181, 182, 180, 179, 179, 180, 182, 184, 185, 184
2010,14208020,208,CH4 ,10PPBC, 7, 5, 186, 191, 198, 194, 191, 182, 183, 184, 186, 190, 193, 192, 188, 188, 184, 184, 180, 182, 182, 182, 182, 183, 180, 180
2010,14208020,208,CH4 ,10PPBC, 7, 6, 179, 179, 180, 183, 185, 184, 185, 184, 181, 180, 181, 181, 181, 181, 181, 184, 187, 189, 189, 189, 189, 188, 187, 186
2010,14208020,208,CH4 ,10PPBC, 7, 7, 185, 186, 186, 187, 186, 187, 188, 192, 196, 195, 190, 188, 186, 186, 185, 184, 182, 182, 181, 179, 180, 180, 180, 181
2010,14208020,208,CH4 ,10PPBC, 7, 8, 180, 179, 177, 181, 183, 182, 182, 181, 183, 181, 179, 183,9999, 187, 185, 184, 183, 180, 178, 177, 178, 175, 174, 173
2010,14208020,208,CH4 ,10PPBC, 7, 9, 174, 173, 174, 174, 174, 177, 177, 177, 180, 177, 174, 177, 176, 174, 174, 175, 175, 175, 173, 171, 171, 171, 170, 172
2010,14208020,208,CH4 ,10PPBC, 7,10, 174, 174, 175, 176, 176, 176, 176, 177, 177, 177, 177, 177, 178, 177, 178, 178, 175, 177, 178, 179, 178, 181, 180, 182
2010,14208020,208,CH4 ,10PPBC, 7,11, 182, 185, 187, 187, 190, 189, 190, 192, 190, 188, 187, 187, 181, 175, 173, 173, 171, 170, 169, 169, 169, 169, 169, 169
2010,14208020,208,CH4 ,10PPBC, 7,12, 169, 169, 169, 169, 169, 169, 169, 170, 170, 170, 169, 169, 170, 169, 169, 169, 169, 169, 169, 169, 170, 170, 170, 170
2010,14208020,208,CH4 ,10PPBC, 7,13, 170, 171, 171, 172, 173, 172, 171, 171, 171, 171, 171, 170, 170, 170, 170, 169, 170, 171, 186, 188, 191, 195, 193, 196
2010,14208020,208,CH4 ,10PPBC, 7,14, 197, 193, 182, 178, 178, 175, 171, 171, 171,9999,9999, 172, 173, 173, 173, 171, 173, 173, 174, 174, 174, 174, 174, 174
2010,14208020,208,CH4 ,10PPBC, 7,15, 174, 174, 174, 174, 174, 174, 174, 174, 174, 174, 174, 174, 175, 174, 175, 174, 174, 174, 175, 175, 175, 175, 174, 175
2010,14208020,208,CH4 ,10PPBC, 7,16, 175, 175, 175, 175, 175, 175, 175, 175, 175, 175, 175, 175, 175, 175, 175, 174, 175, 175, 175, 175, 175, 176, 176, 176
2010,14208020,208,CH4 ,10PPBC, 7,17, 174, 175, 176, 176, 176, 176, 175, 176, 177, 177, 177, 177, 177, 177, 177, 176, 177, 176, 176, 177, 177, 177, 177, 177
2010,14208020,208,CH4 ,10PPBC, 7,18, 177, 177, 177, 177, 177, 177, 178, 178, 178, 177, 176, 176, 176, 176, 176, 176, 176, 176, 177, 177, 177, 177, 177, 177
2010,14208020,208,CH4 ,10PPBC, 7,19, 177, 177, 177, 177, 178, 177, 177, 178, 177, 178, 177, 177, 177, 177, 176, 177, 177, 177, 177, 177, 177, 177, 178, 177
2010,14208020,208,CH4 ,10PPBC, 7,20, 177, 177, 178, 178, 179, 179, 180, 180, 179, 179, 180, 179, 178, 177, 177, 176, 176, 176, 177, 177, 178, 178, 178, 178
2010,14208020,208,CH4 ,10PPBC, 7,21, 178, 178, 178, 178, 179, 182, 183, 184, 188, 184, 180, 179, 178, 177, 177, 176, 176, 176, 177, 177, 178, 179, 178, 178
2010,14208020,208,CH4 ,10PPBC, 7,22, 180, 180, 182, 184, 184, 186, 181, 178, 179, 181,9999,9999, 180, 179, 179, 178, 176, 176, 175, 175, 176, 176, 175, 177
2010,14208020,208,CH4 ,10PPBC, 7,23, 180, 180, 181, 182, 184, 186, 186, 190, 190, 187, 183, 182, 182, 183, 182, 179, 176, 175, 174, 174, 175, 176, 176, 177
2010,14208020,208,CH4 ,10PPBC, 7,24, 180, 180, 181, 183, 184, 187, 188, 190, 190, 188, 187, 184, 184, 184, 183, 179, 178, 181, 179, 177, 177, 177, 176, 183
2010,14208020,208,CH4 ,10PPBC, 7,25, 184, 186, 186, 187, 187, 187, 184, 177, 178, 178, 177, 177, 176, 176, 177, 177, 181, 180, 178, 178, 180, 179, 178, 182
2010,14208020,208,CH4 ,10PPBC, 7,26, 187, 189, 190, 193, 192, 191, 188, 186, 184, 180, 176, 176, 176, 176, 175, 175, 175, 175, 176, 177,9999, 178, 182, 179
2010,14208020,208,CH4 ,10PPBC, 7,27, 174, 174, 174, 174, 174, 174, 174, 174, 175, 174, 174, 174, 174, 173, 173, 173, 173, 174, 174, 174, 174, 174, 175, 175
2010,14208020,208,CH4 ,10PPBC, 7,28, 175, 175, 175, 175, 175, 175, 175, 175, 176, 175, 176, 176, 176, 177, 177, 177, 177, 177, 177, 177, 177, 178, 178, 178
2010,14208020,208,CH4 ,10PPBC, 7,29, 178, 178, 178, 177, 178, 178, 177, 177, 177, 177, 176, 176, 176, 176, 176, 176, 175, 175, 175, 175, 174, 174, 175, 174
2010,14208020,208,CH4 ,10PPBC, 7,30, 175, 174, 174, 174, 174, 174, 174, 174, 174, 173, 174,9999,9999, 171, 172, 172, 172, 172, 172, 173, 174, 175, 175, 176
2010,14208020,208,CH4 ,10PPBC, 7,31, 176, 176, 177, 177, 180, 182, 182, 179, 179, 178, 176, 176, 175, 174, 174, 174, 175, 176, 177, 176, 176, 178, 177, 178
2010,14208020,208,CH4 ,10PPBC, 8, 1, 178, 179, 179, 179, 179, 179, 179, 178, 178, 177, 177, 177, 176, 177, 181, 181, 181, 181, 179, 176, 176, 176, 176, 175
2010,14208020,208,CH4 ,10PPBC, 8, 2, 173, 174, 174, 175, 176, 176, 174, 173, 173, 173, 173, 172, 172, 170, 172, 173, 174, 174, 175, 175, 175, 175, 175, 174
2010,14208020,208,CH4 ,10PPBC, 8, 3, 174, 174, 174, 174, 174, 174, 174, 174, 174, 175, 175, 174, 175, 174, 174, 174, 175, 175, 174, 175, 175, 174, 174, 174
2010,14208020,208,CH4 ,10PPBC, 8, 4, 174, 174, 175, 175, 175, 175, 175, 175, 175, 175, 175, 175, 174, 175, 174, 174, 174, 174, 175, 174, 174, 175, 174, 174
2010,14208020,208,CH4 ,10PPBC, 8, 5, 174, 174, 174, 174, 174, 174, 174, 174, 174, 174, 174, 175, 174, 175, 175, 174, 174, 174, 174, 174, 174, 175, 175, 175
2010,14208020,208,CH4 ,10PPBC, 8, 6, 175, 175, 175, 175, 175, 175, 175, 175, 176,9999,9999, 173, 173, 174, 174, 175, 176, 176, 176, 176, 177, 177, 178, 179
2010,14208020,208,CH4 ,10PPBC, 8, 7, 178, 177, 178, 179, 179, 178, 179, 180, 180, 180, 180, 179, 178, 178, 177, 176, 176, 174, 174, 174, 174, 174, 175, 175
2010,14208020,208,CH4 ,10PPBC, 8, 8, 174, 174, 174, 175, 175, 175, 176, 175, 175, 174, 174, 176, 174, 174, 174, 174, 174, 174, 174, 174, 175, 174, 174, 175
2010,14208020,208,CH4 ,10PPBC, 8, 9, 174, 175, 175, 175, 176, 177, 177, 178, 178, 177, 177, 176, 175, 175, 174, 174, 174, 174, 174, 174, 174, 174, 174, 175
2010,14208020,208,CH4 ,10PPBC, 8,10, 174, 176, 177, 177, 177, 176, 175, 175, 174, 174, 172, 173, 173, 173, 173, 173, 173, 173, 173, 173, 173, 173, 174, 173
2010,14208020,208,CH4 ,10PPBC, 8,11, 173, 173, 173, 173, 172, 172, 172, 172, 172, 172, 172, 172, 172, 172, 172, 172, 171, 172, 171, 172, 171, 171, 171, 171
2010,14208020,208,CH4 ,10PPBC, 8,12, 171, 171, 171, 172, 171, 171, 172, 171, 171, 171, 171, 171,9999, 173, 173, 172, 172, 173, 174, 174, 174, 174, 175, 175
2010,14208020,208,CH4 ,10PPBC, 8,13, 175, 175, 176, 176, 177, 177, 177, 179, 179, 180, 181, 184, 186, 185, 184, 179, 179, 179, 185, 188, 188, 187, 183, 183
2010,14208020,208,CH4 ,10PPBC, 8,14, 183, 176, 178, 173, 172, 172, 173, 172, 170, 172, 172, 172, 172, 172, 172, 173, 173, 173, 173, 172, 173, 173, 173, 173
2010,14208020,208,CH4 ,10PPBC, 8,15, 173, 173, 173, 173, 173, 174, 174, 174, 174, 173, 172, 172, 172, 172, 172, 173, 173, 173, 173, 173, 173, 172, 172, 174
2010,14208020,208,CH4 ,10PPBC, 8,16, 174, 174, 174, 174, 175, 176, 176, 175, 174, 175, 175, 174, 174, 173, 174, 176, 178, 180, 178, 174, 173, 173, 174, 177
2010,14208020,208,CH4 ,10PPBC, 8,17, 178, 178, 179, 180, 182, 183, 185, 196, 203, 202, 191, 185, 188, 184, 184, 178, 175, 176, 174, 174, 174, 175, 177, 179
2010,14208020,208,CH4 ,10PPBC, 8,18, 182, 182, 182, 188, 190, 188, 188, 189, 192, 190, 187, 183, 180, 178, 180, 178, 178, 178, 179, 180, 183, 184, 183, 183
2010,14208020,208,CH4 ,10PPBC, 8,19, 182, 183, 182, 184, 183, 183, 182, 182, 183, 184, 184, 183, 182, 183, 185, 186, 184, 184, 184, 185, 185, 187, 190, 188
2010,14208020,208,CH4 ,10PPBC, 8,20, 188, 189, 189, 189, 189, 188, 188, 190, 188, 190, 193,9999, 195, 191, 189, 188, 187, 188, 188, 190, 190, 189, 191, 190
2010,14208020,208,CH4 ,10PPBC, 8,21, 191, 191, 191, 193, 194, 195, 193, 193, 193, 195, 192, 188, 185, 183, 183, 182, 182, 181, 182, 182, 182, 182, 181, 182
2010,14208020,208,CH4 ,10PPBC, 8,22, 181, 181, 181, 181, 181, 181, 181, 181, 182, 181, 180, 180, 180, 180, 179, 179, 180, 179, 180, 180, 179, 180, 180, 179
2010,14208020,208,CH4 ,10PPBC, 8,23, 179, 179, 179, 179, 178, 179, 179, 180, 182, 180, 180, 179, 179, 179, 179, 178, 178, 178, 179, 179, 178, 179, 179, 179
2010,14208020,208,CH4 ,10PPBC, 8,24, 178, 179, 179, 179, 179, 179, 179, 179, 179, 179, 179, 180, 179, 179, 179, 179, 179, 178, 179, 179, 179, 179, 179, 179
2010,14208020,208,CH4 ,10PPBC, 8,25, 180, 179, 179, 179, 179, 179, 179, 179, 179, 179, 179, 178, 178, 178, 177, 178, 178, 177, 178, 178, 177, 177, 177, 178
2010,14208020,208,CH4 ,10PPBC, 8,26, 177, 178, 179, 178, 179, 179, 181, 177, 177, 178,9999,9999, 177, 177, 178, 178, 178, 179, 179, 180, 180, 180, 180, 180
2010,14208020,208,CH4 ,10PPBC, 8,27, 180, 180, 180, 181, 184, 187, 190, 191, 189, 187, 184, 181, 180, 177, 175, 174, 174, 174, 174, 174, 174, 174, 174, 174
2010,14208020,208,CH4 ,10PPBC, 8,28, 174, 174, 174, 174, 174, 174, 175, 175, 175, 175, 175, 175, 175, 175, 175, 175, 175, 175, 175, 175, 175, 175, 176, 175
2010,14208020,208,CH4 ,10PPBC, 8,29, 176, 176, 175, 175, 176, 176, 176, 177, 177, 176, 176, 175, 175, 175, 174, 174, 174, 174, 174, 175, 175, 174, 175, 175
2010,14208020,208,CH4 ,10PPBC, 8,30, 175, 175, 178, 182, 184, 183, 189, 199, 205, 203, 200, 192, 189, 187, 179, 175, 174, 174, 174, 174, 174, 176, 174, 174
2010,14208020,208,CH4 ,10PPBC, 8,31, 174, 178, 179, 180, 179, 179, 180, 188, 189, 187, 182, 176, 175, 175, 174, 174, 175, 177, 176, 176, 178, 180, 181, 181
2010,14208020,208,CH4 ,10PPBC, 9, 1, 180, 180, 180, 180, 179, 179, 179, 176, 175, 174, 175, 174, 174, 175, 176, 176, 179, 181, 180, 180, 181, 181, 182, 182
2010,14208020,208,CH4 ,10PPBC, 9, 2, 181, 182, 183, 187, 187, 186, 186, 184, 182, 181, 182,9999, 182, 181, 180, 181, 182, 181, 181, 181, 181, 181, 181, 181
2010,14208020,208,CH4 ,10PPBC, 9, 3, 180, 180, 180, 182, 182, 182, 183, 182, 180, 181, 180, 179, 179, 179, 178, 178, 178, 178, 178, 178, 178, 179, 179, 179
2010,14208020,208,CH4 ,10PPBC, 9, 4, 179, 179, 183, 185, 187, 185, 185, 188, 197, 194, 185, 185, 188, 187, 182, 180, 180, 180, 180, 180, 180, 180, 184, 188
2010,14208020,208,CH4 ,10PPBC, 9, 5, 187, 187, 187, 187, 187, 187, 185, 182, 179, 178, 178, 178, 178, 178, 178, 178, 178, 177, 177, 177, 178, 178, 177, 176
2010,14208020,208,CH4 ,10PPBC, 9, 6, 176, 176, 174, 174, 174, 173, 174, 174, 174, 173, 173, 172, 172, 172, 172, 173, 174, 176, 176, 176, 177, 177, 176, 174
2010,14208020,208,CH4 ,10PPBC, 9, 7, 174, 174, 173, 172, 172, 172, 172, 172, 172, 173, 173, 172, 172, 172, 172, 171, 172, 172, 173, 173, 173, 173, 173, 172
2010,14208020,208,CH4 ,10PPBC, 9, 8, 172, 172, 172, 173, 173, 172, 176, 185, 188, 194, 185, 172, 172, 172, 171, 171, 174, 184, 182, 182, 182, 182, 181, 181
2010,14208020,208,CH4 ,10PPBC, 9, 9, 183, 184, 185, 184, 185, 185, 186, 186, 187,9999,9999, 187, 187, 186, 184, 183, 183, 184, 186, 185, 185, 188, 187, 188
2010,14208020,208,CH4 ,10PPBC, 9,10, 188, 189, 190, 191, 193, 193, 192, 192, 190, 189, 188, 187, 186, 185, 183, 182, 181, 181, 180, 180, 180, 180, 181, 180
2010,14208020,208,CH4 ,10PPBC, 9,11, 182, 180, 180, 179, 179, 184, 183, 181, 179, 181, 183, 181, 179, 178, 178, 178, 178, 179, 179, 179, 179, 180, 180, 180
2010,14208020,208,CH4 ,10PPBC, 9,12, 180, 181, 184, 185, 184, 181, 182, 185, 188, 190, 184, 191, 190, 188, 185, 183, 182, 182, 181, 181, 182, 180, 178, 175
2010,14208020,208,CH4 ,10PPBC, 9,13, 173, 174, 170, 170, 170, 169, 174, 186, 186, 183, 178, 179, 178, 178, 178, 178, 178, 179, 181, 181, 181, 181, 183, 184
2010,14208020,208,CH4 ,10PPBC, 9,14, 186, 182, 182, 181, 181, 182, 182, 181, 183, 183, 183, 183, 183, 183, 184, 183, 182, 181, 181, 182, 183, 185, 185, 186
2010,14208020,208,CH4 ,10PPBC, 9,15, 184, 183, 184, 184, 187, 189, 190, 188, 187, 187, 189, 189, 189, 187, 186, 185, 185, 186, 186, 186, 187, 191, 193, 190
2010,14208020,208,CH4 ,10PPBC, 9,16, 189, 189, 187, 187, 187, 187, 188, 188, 186,9999,9999,9999, 180, 182, 182, 182, 183, 184, 184, 184, 185, 185, 187, 188
2010,14208020,208,CH4 ,10PPBC, 9,17, 187, 186, 187, 189, 190, 190, 190, 190, 190, 195, 191, 190, 185, 181, 181, 181, 181, 181, 181, 185, 187, 188, 188, 188
2010,14208020,208,CH4 ,10PPBC, 9,18, 189, 193, 194, 194, 194, 194, 194, 192, 192, 188, 185, 186, 185, 183, 182, 183, 183, 183, 184, 185, 186, 185, 186, 187
2010,14208020,208,CH4 ,10PPBC, 9,19, 187, 186, 187, 188, 189, 190, 190, 187, 183, 182, 181, 181, 180, 180, 181, 182, 180, 180, 180, 179, 179, 180, 181, 182
2010,14208020,208,CH4 ,10PPBC, 9,20, 185, 188, 185, 185, 186, 186, 186, 189, 187, 182, 181, 181, 180, 180, 180, 180, 181, 181, 181, 180, 181, 189, 189, 190
2010,14208020,208,CH4 ,10PPBC, 9,21, 189, 189, 190, 191, 193, 193, 193, 191, 188, 186, 185, 184, 184, 184, 183, 181, 182, 181, 181, 182, 187, 187, 186, 188
2010,14208020,208,CH4 ,10PPBC, 9,22, 188, 188, 189, 187, 187, 188, 188, 182, 181, 181, 180, 178, 178, 179, 178, 176, 175, 175, 173, 172, 174, 177, 187, 188
2010,14208020,208,CH4 ,10PPBC, 9,23, 190, 191, 190, 190, 193, 196, 197, 196, 190, 184, 192, 187, 187, 187, 186, 185, 188, 187, 186, 186, 188, 187, 187, 187
2010,14208020,208,CH4 ,10PPBC, 9,24, 187, 187, 185, 185, 187, 187, 186, 187, 187, 186, 189, 189,9999, 192, 189, 188, 187, 187, 187, 187, 189, 189, 188, 187
2010,14208020,208,CH4 ,10PPBC, 9,25, 187, 186, 186, 186, 186, 186, 186, 185, 185, 186, 186, 186, 186, 186, 188, 188, 189, 187, 189, 192, 192, 191, 192, 192
2010,14208020,208,CH4 ,10PPBC, 9,26, 193, 193, 193, 194, 195, 195, 196, 196, 193, 197, 205, 192, 190, 188, 188, 191, 190, 189, 190, 191, 192, 190, 191, 195
2010,14208020,208,CH4 ,10PPBC, 9,27, 192, 188, 189, 189, 191, 191, 190, 190, 188, 187, 186, 186, 185, 184, 184, 183, 184, 185, 185, 186, 186, 187, 187, 187
2010,14208020,208,CH4 ,10PPBC, 9,28, 187, 187, 186, 186, 186, 186, 187, 188, 195, 196, 203, 209, 201, 192, 189, 187, 188, 192, 192, 197, 197, 197, 200, 204
2010,14208020,208,CH4 ,10PPBC, 9,29, 204, 198, 195, 194, 196, 191, 188, 187, 187, 187, 188, 190, 190, 190, 191, 189, 189, 190, 190, 190, 192, 192, 193, 195
2010,14208020,208,CH4 ,10PPBC, 9,30, 196, 199, 198, 196, 194, 192, 192, 193, 193, 193, 194, 194, 195, 195, 196, 197, 196, 199, 196, 189, 188, 193, 193, 194
2010,14208020,208,CH4 ,10PPBC, 9,31,9998,9998,9998,9998,9998,9998,9998,9998,9998,9998,9998,9998,9998,9998,9998,9998,9998,9998,9998,9998,9998,9998,9998,9998
2010,14208020,208,CH4 ,10PPBC,10, 1, 195, 191, 193, 193, 189, 188, 190, 190, 190,9999,9999,9999, 188, 190, 186, 184, 185, 187, 190, 189, 191, 195, 189, 189
2010,14208020,208,CH4 ,10PPBC,10, 2, 193, 194, 195, 198, 199, 196, 194, 193, 193, 189, 188, 188, 188, 186, 186, 186, 186, 187, 188, 187, 188, 188, 188, 190
2010,14208020,208,CH4 ,10PPBC,10, 3, 190, 195, 195, 193, 193, 193, 192, 193, 193, 193, 192, 192, 194, 192, 192, 187, 186, 187, 187, 188, 189, 187, 188, 188
2010,14208020,208,CH4 ,10PPBC,10, 4, 188, 188, 190, 188, 190, 200, 202, 202, 199, 216, 207, 202, 196, 197, 194, 195, 192, 186, 185, 190, 195, 194, 192, 190
2010,14208020,208,CH4 ,10PPBC,10, 5, 189, 191, 193, 195, 194, 192, 194, 193, 189, 191, 190, 189, 188, 186, 188, 186, 184, 185, 186, 187, 191, 191, 194, 194
2010,14208020,208,CH4 ,10PPBC,10, 6, 196, 198, 196, 193, 191, 189, 188, 188, 189, 189, 189, 191, 192, 188, 186, 187, 187, 187, 188, 188, 189, 189, 193, 191
2010,14208020,208,CH4 ,10PPBC,10, 7, 191, 190, 190, 190, 189, 190, 191, 192, 191, 191, 190, 190, 190, 187, 188, 188, 187, 188, 188, 189, 189, 193, 191, 191
2010,14208020,208,CH4 ,10PPBC,10, 8, 191, 190, 189, 189, 190, 190, 189, 189, 192, 187,9999,9999, 187, 187, 187, 186, 187, 186, 186, 186, 185, 185, 186, 186
2010,14208020,208,CH4 ,10PPBC,10, 9, 188, 198, 194, 190, 189, 187, 187, 187, 187, 187, 187, 187, 187, 186, 186, 186, 187, 187, 186, 184, 187, 189, 189, 189
2010,14208020,208,CH4 ,10PPBC,10,10, 189, 189, 188, 187, 187, 187, 188, 187, 188, 189, 188, 186, 185, 188, 187, 182, 182, 182, 185, 189, 191, 190, 191, 191
2010,14208020,208,CH4 ,10PPBC,10,11, 197, 194, 195, 197, 196, 196, 198, 195, 189, 188, 186, 188, 195, 188, 184, 184, 185, 186, 190, 193, 192, 192, 191, 192
2010,14208020,208,CH4 ,10PPBC,10,12, 190, 188, 187, 189, 193, 194, 194, 188, 183, 185, 186, 190, 194, 187, 186, 185, 182, 183, 185, 186, 188, 190, 191, 191
2010,14208020,208,CH4 ,10PPBC,10,13, 193, 190, 190, 196, 197, 197, 197, 197, 196, 197, 196, 194, 191, 187, 185, 188, 189, 188, 187, 187, 192, 193, 195, 193
2010,14208020,208,CH4 ,10PPBC,10,14, 192, 192, 193, 194, 192, 190, 189, 189, 191, 189, 186,9999,9999, 182, 183, 182, 182, 185, 185, 184, 184, 184, 187, 193
2010,14208020,208,CH4 ,10PPBC,10,15, 188, 188, 188, 186, 186, 185, 188, 190, 190, 189, 185, 185, 183, 182, 181, 181, 182, 184, 187, 189, 189, 191, 191, 193
2010,14208020,208,CH4 ,10PPBC,10,16, 195, 196, 193, 187, 187, 184, 185, 187, 186, 185, 186, 186, 185, 184, 184, 185, 184, 186, 189, 191, 192, 193, 191, 191
2010,14208020,208,CH4 ,10PPBC,10,17, 192, 192, 194, 193, 189, 188, 188, 187, 186, 187, 187, 188, 189, 189, 189, 190, 189, 190, 191, 193, 195, 194, 196, 195
2010,14208020,208,CH4 ,10PPBC,10,18, 196, 193, 191, 191, 191, 190, 190, 190, 188, 189, 189, 188, 187, 186, 185, 185, 187, 185, 186, 185, 185, 186, 186, 192
2010,14208020,208,CH4 ,10PPBC,10,19, 191, 188, 188, 187, 187, 187, 188, 187, 188, 189, 188, 187, 187, 188, 187, 189, 187, 188, 191, 191, 190, 189, 190, 190
2010,14208020,208,CH4 ,10PPBC,10,20, 190, 189, 189, 188, 188, 189, 189, 189, 189, 190, 190, 190, 190, 191, 191, 191, 191, 192, 193, 193, 194, 196, 195, 194
2010,14208020,208,CH4 ,10PPBC,10,21, 194, 193, 191, 192, 190, 189, 191, 193, 192,9999, 194, 193, 191, 189, 188, 189, 189, 187, 189, 190, 189, 189, 188, 189
2010,14208020,208,CH4 ,10PPBC,10,22, 189, 190, 188, 187, 186, 186, 186, 188, 187, 186, 187, 188, 186, 185, 185, 185, 185, 186, 185, 185, 185, 185, 185, 187
2010,14208020,208,CH4 ,10PPBC,10,23, 192, 190, 189, 189, 188, 188, 189, 190, 190, 190, 187, 188, 189, 189, 186, 186, 186, 187, 188, 190, 190, 193, 193, 191
2010,14208020,208,CH4 ,10PPBC,10,24, 192, 199, 198, 194, 192, 190, 191, 192, 194, 194, 198, 202, 203, 212, 222, 236, 220, 200, 196, 192, 189, 190, 190, 190
2010,14208020,208,CH4 ,10PPBC,10,25, 192, 194, 194, 192, 191, 190, 191, 192, 192, 189, 191, 192, 203, 206, 210, 204, 200, 207, 206, 201, 202, 203, 203, 205
2010,14208020,208,CH4 ,10PPBC,10,26, 211, 204, 197, 191, 190, 195, 192, 188, 190, 187, 184, 184, 184, 184, 185, 184, 185, 184, 185, 187, 188, 187, 187, 187
2010,14208020,208,CH4 ,10PPBC,10,27, 186, 186, 186, 186, 186, 186, 186, 187, 187,9999, 189, 189, 189, 188, 188, 187, 187, 188, 189, 189, 188, 188, 188, 188
2010,14208020,208,CH4 ,10PPBC,10,28, 190, 192, 190, 188, 188, 188, 188, 188, 189, 187, 187, 186, 186, 186, 187, 187, 186, 187, 187, 186, 187, 186, 187, 186
2010,14208020,208,CH4 ,10PPBC,10,29, 186, 185, 188, 189, 189, 188, 190, 191, 191, 188, 186, 186, 185, 185, 186, 186, 186, 186, 186, 186, 186, 186, 186, 191
2010,14208020,208,CH4 ,10PPBC,10,30, 190, 189, 189, 188, 187, 186, 186, 186, 187, 186, 187, 187, 187, 187, 186, 186, 185, 185, 185, 185, 185, 184, 184, 184
2010,14208020,208,CH4 ,10PPBC,10,31, 184, 184, 184, 184, 183, 183, 183, 184, 184, 184, 184, 184, 185, 185, 185, 185, 186, 186, 186, 188, 188, 188, 193, 186
2010,14208020,208,CH4 ,10PPBC,11, 1, 185, 185, 188, 184, 182, 182, 182, 183, 183, 182, 183, 183, 182, 182, 181, 180, 180, 180, 180, 180, 180, 181, 185, 189
2010,14208020,208,CH4 ,10PPBC,11, 2, 188, 188, 188, 186, 187, 187, 187, 189, 188, 187, 184, 183, 182, 182, 182, 182, 182, 182, 183, 183, 183, 184, 188, 189
2010,14208020,208,CH4 ,10PPBC,11, 3, 190, 190, 188, 188, 188, 189, 190, 191, 190, 190, 189, 190, 191, 190, 189, 188, 189, 191, 191, 189, 189, 190, 190, 190
2010,14208020,208,CH4 ,10PPBC,11, 4, 190, 188, 188, 189, 189, 189, 191, 190, 189, 190, 194, 200, 196, 190, 186, 186, 188, 191, 196, 199, 199, 199, 199, 199
2010,14208020,208,CH4 ,10PPBC,11, 5, 200, 199, 196, 194, 193, 192, 193, 196, 195, 192,9999,9999, 189, 188, 188, 188, 191, 190, 191, 194, 197, 199, 197, 195
2010,14208020,208,CH4 ,10PPBC,11, 6, 196, 195, 196, 196, 195, 193, 194, 197, 202, 201, 193, 199, 205, 192, 193, 191, 192, 195, 196, 198, 201, 199, 200, 200
2010,14208020,208,CH4 ,10PPBC,11, 7, 204, 197, 194, 192, 192, 191, 191, 191, 190, 190, 190, 190, 191, 192, 190, 189, 188, 193, 194, 196, 198, 196, 199, 201
2010,14208020,208,CH4 ,10PPBC,11, 8, 200, 200, 198, 195, 193, 194, 196, 196, 194, 192, 196, 195, 193, 193, 194, 193, 191, 186, 183, 182, 182, 182, 182, 182
2010,14208020,208,CH4 ,10PPBC,11, 9, 182, 183, 186, 182, 182, 182, 182, 183, 182, 184, 184, 183, 183, 183, 183, 184, 185, 186, 186, 186, 188, 187, 187, 187
2010,14208020,208,CH4 ,10PPBC,11,10, 187, 187, 187, 188, 190, 191, 192, 194, 195, 201,9999, 186, 185, 184, 184, 184, 184, 184, 188, 188, 189, 192, 194, 192
2010,14208020,208,CH4 ,10PPBC,11,11, 192, 192, 192, 191, 191, 191, 191, 192, 193, 193, 192, 193, 194, 192, 190, 190, 191, 193, 196, 197, 197, 198, 198, 197
2010,14208020,208,CH4 ,10PPBC,11,12, 198, 200, 200, 199, 197, 198, 199, 200, 204, 203, 200, 190, 185, 186, 186, 186, 185, 186, 186, 186, 187, 188, 195, 195
2010,14208020,208,CH4 ,10PPBC,11,13, 193, 195, 195, 192, 194, 196, 197, 196, 196, 196, 194, 193, 193, 191, 191, 190, 191, 193, 194, 195, 196, 201, 204, 202
2010,14208020,208,CH4 ,10PPBC,11,14, 198, 196, 194, 194, 195, 195, 196, 198, 199, 198, 206, 200, 202, 197, 193, 191, 193, 197, 199, 202, 204, 204, 202, 203
2010,14208020,208,CH4 ,10PPBC,11,15, 204, 205, 207, 211, 215, 213, 209, 201, 193, 189, 190, 195, 197, 196, 189, 187, 187, 188, 189, 190, 189, 191, 191, 189
2010,14208020,208,CH4 ,10PPBC,11,16, 189, 191, 191, 196, 194, 194, 192, 193, 192, 191, 191, 192, 190, 190, 189, 189, 189, 190, 191, 192, 193, 191, 191, 199
2010,14208020,208,CH4 ,10PPBC,11,17, 198, 200, 197, 194, 192, 193, 192, 191, 193, 193, 191, 190, 190, 189, 188, 188, 188, 188, 189, 188, 189, 189, 189, 188
2010,14208020,208,CH4 ,10PPBC,11,18, 188, 188, 190, 191, 189, 189, 189, 190, 191, 190,9999, 190, 190, 192, 190, 187, 187, 188, 190, 191, 191, 191, 191, 193
2010,14208020,208,CH4 ,10PPBC,11,19, 191, 189, 189, 188, 188, 188, 189, 189, 189, 188, 189, 190, 209, 195, 191, 188, 189, 191, 191, 193, 195, 197, 197, 201
2010,14208020,208,CH4 ,10PPBC,11,20, 202, 196, 193, 192, 191, 190, 190, 190, 191, 191, 190, 190, 248, 191, 191, 190, 191, 192, 199, 203, 207, 205, 199, 196
2010,14208020,208,CH4 ,10PPBC,11,21, 192, 191, 189, 189, 189, 188, 188, 189, 188, 188, 189, 189, 189, 191, 192, 192, 195, 201, 205, 208, 206, 209, 208, 207
2010,14208020,208,CH4 ,10PPBC,11,22, 205, 203, 201, 201, 196, 193, 195, 195, 197, 199, 198, 196, 195, 193, 197, 197, 195, 194, 193, 192, 193, 192, 193, 191
2010,14208020,208,CH4 ,10PPBC,11,23, 190, 187, 184, 186, 184, 182, 182, 182, 182,9999,9999,9999,9999,9999,9999,9999, 184, 183, 184, 186, 187, 187, 187, 188
2010,14208020,208,CH4 ,10PPBC,11,24, 187, 186, 185, 184, 185, 185, 187, 188, 190, 188,9999, 186, 187, 187, 186, 186, 186, 188, 190, 190, 190, 192, 194, 195
2010,14208020,208,CH4 ,10PPBC,11,25, 192, 192, 198, 200, 198, 197, 196, 198, 195, 197, 198, 198, 197, 201, 203, 196, 196, 197, 198, 198, 196, 195, 195, 192
2010,14208020,208,CH4 ,10PPBC,11,26, 190, 191, 194, 191, 188, 189, 191, 192, 194, 193, 190, 189, 191, 192, 193, 196, 195, 195, 195, 195, 199, 194, 188, 189
2010,14208020,208,CH4 ,10PPBC,11,27, 187, 187, 187, 186, 186, 185, 186, 187, 187, 189, 189, 190, 188, 187, 185, 186, 188, 189, 189, 191, 195, 194, 196, 197
2010,14208020,208,CH4 ,10PPBC,11,28, 196, 199, 189, 182, 183, 184, 183, 183, 185, 185, 185, 185, 184, 183, 183, 184, 184, 184, 186, 189, 190, 188, 188, 188
2010,14208020,208,CH4 ,10PPBC,11,29, 188, 188, 189, 188, 189, 190, 191, 194, 196, 193, 192, 188, 185, 184, 185, 185, 185, 186, 186, 186, 190, 196, 195, 196
2010,14208020,208,CH4 ,10PPBC,11,30, 196, 194, 194, 194, 189, 190, 192, 194, 193, 190, 192, 192, 190, 188, 188, 187, 188, 190, 187, 186, 186, 185, 185, 185
2010,14208020,208,CH4 ,10PPBC,11,31,9998,9998,9998,9998,9998,9998,9998,9998,9998,9998,9998,9998,9998,9998,9998,9998,9998,9998,9998,9998,9998,9998,9998,9998
2010,14208020,208,CH4 ,10PPBC,12, 1, 190, 192, 193, 196, 196, 197, 198, 203, 206, 197, 197,9999, 190, 187, 187, 189, 195, 195, 196, 198, 195, 192, 194, 196
2010,14208020,208,CH4 ,10PPBC,12, 2, 200, 199, 196, 193, 192, 192, 193, 195, 193, 191, 191, 192, 194, 195, 199, 197, 196, 196, 197, 202, 200, 200, 201, 201
2010,14208020,208,CH4 ,10PPBC,12, 3, 199, 199, 199, 201, 185, 178, 178, 177, 177, 177, 176, 178, 179, 180, 180, 180, 179, 179, 181, 183, 184, 184, 184, 184
2010,14208020,208,CH4 ,10PPBC,12, 4, 184, 184, 183, 184, 184, 185, 188, 189, 189, 185, 185, 184, 184, 184, 184, 184, 186, 188, 190, 192, 196, 195, 194, 192
2010,14208020,208,CH4 ,10PPBC,12, 5, 191, 190, 191, 190, 190, 191, 191, 191, 192, 194, 198, 198, 197, 197, 196, 194, 192, 198, 197, 197, 196, 197, 199, 204
2010,14208020,208,CH4 ,10PPBC,12, 6, 202, 198, 194, 193, 192, 193, 194, 197, 196, 195, 199, 196, 193, 190, 188, 188, 188, 184, 183, 183, 185, 194, 199, 199
2010,14208020,208,CH4 ,10PPBC,12, 7, 198, 199, 199, 198, 196, 199, 204, 210, 209, 201, 196, 192, 190, 188, 187, 188, 190, 188, 188, 189, 189, 190, 187, 186
2010,14208020,208,CH4 ,10PPBC,12, 8, 186, 186, 186, 185, 185, 184, 185, 187, 189, 188, 188, 186, 185, 185, 185, 185, 185, 187, 190, 191, 192, 192, 191, 193
2010,14208020,208,CH4 ,10PPBC,12, 9, 193, 192, 190, 189, 190, 189, 190, 192, 192, 190, 187,9999,9999, 187, 188, 189, 189, 190, 190, 190, 191, 193, 199, 201
2010,14208020,208,CH4 ,10PPBC,12,10, 198, 198, 196, 197, 197, 196, 199, 200, 198, 197, 196, 196, 196, 195, 194, 193, 193, 198, 198, 199, 196, 201, 200, 201
2010,14208020,208,CH4 ,10PPBC,12,11, 200, 199, 198, 196, 197, 202, 193, 191, 191, 190, 190, 189, 189, 188, 188, 188, 188, 188, 188, 188, 188, 188, 188, 190
2010,14208020,208,CH4 ,10PPBC,12,12, 189, 191, 197, 197, 196, 196, 195, 194, 194, 194, 194, 194, 196, 197, 196, 195, 196, 197, 196, 193, 193, 195, 194, 197
2010,14208020,208,CH4 ,10PPBC,12,13, 196, 195, 196, 196, 196, 195, 194, 195, 195, 195, 195, 195, 194, 194, 194, 194, 194, 194, 194, 196, 196, 196, 197, 198
2010,14208020,208,CH4 ,10PPBC,12,14, 199, 201, 201, 201, 198, 195, 195, 194, 197, 198, 200, 199, 205, 202, 198, 193, 194, 194, 196, 200, 201, 200, 194, 203
2010,14208020,208,CH4 ,10PPBC,12,15, 198, 192, 188, 188, 188, 189, 190, 195, 195, 196, 197, 196, 195, 191, 193, 193, 194, 194, 193, 193, 194, 194, 194, 193
2010,14208020,208,CH4 ,10PPBC,12,16, 193, 193, 193, 193, 196, 197, 197, 198, 200, 197,9999, 194, 194, 194, 195, 195, 201, 207, 202, 201, 202, 203, 203, 203
2010,14208020,208,CH4 ,10PPBC,12,17, 202, 203, 203, 202, 202, 198, 199, 202, 203, 200, 197, 195, 195, 199, 197, 196, 196, 202, 202, 203, 204, 204, 208, 210
2010,14208020,208,CH4 ,10PPBC,12,18, 211, 212, 211, 210, 208, 205, 204, 204, 194, 194, 193, 193, 195, 200, 202, 204, 202, 196, 196, 197, 198, 199, 200, 201
2010,14208020,208,CH4 ,10PPBC,12,19, 199, 198, 196, 197, 196, 197, 198, 199, 200, 200, 200, 201, 199, 201, 199, 198, 199, 201, 203, 210, 210, 211, 211, 207
2010,14208020,208,CH4 ,10PPBC,12,20, 208, 203, 202, 202, 204, 202, 202, 205, 206, 207, 194, 190, 189, 189, 189, 189, 196, 210, 220, 226, 208, 204, 205, 203
2010,14208020,208,CH4 ,10PPBC,12,21, 202, 204, 211, 215, 215, 212, 206, 205, 201, 200, 201, 202, 202, 201, 200, 200, 199, 198, 199, 198, 197, 195, 196, 195
2010,14208020,208,CH4 ,10PPBC,12,22, 195, 195, 198, 199, 196, 192, 193, 194, 197, 193,9999, 183, 184, 185, 186, 186, 189, 194, 196, 196, 201, 204, 203, 204
2010,14208020,208,CH4 ,10PPBC,12,23, 201, 199, 197, 197, 198, 196, 197, 197, 198, 195, 192, 192, 192, 191, 192, 193, 196, 200, 201, 202, 204, 204, 206, 204
2010,14208020,208,CH4 ,10PPBC,12,24, 202, 200, 200, 199, 193, 192, 193, 194, 194, 194, 193, 194, 194, 193, 192, 191, 190, 191, 197, 199, 203, 203, 204, 202
2010,14208020,208,CH4 ,10PPBC,12,25, 201, 200, 199, 195, 195, 191, 192, 192, 193, 193, 192, 192, 192, 192, 192, 191, 192, 192, 191, 192, 192, 192, 192, 192
2010,14208020,208,CH4 ,10PPBC,12,26, 191, 192, 193, 192, 192, 192, 193, 193, 192, 192, 192, 192, 192, 192, 192, 192, 191, 192, 192, 193, 193, 193, 194, 194
2010,14208020,208,CH4 ,10PPBC,12,27, 193, 193, 194, 194, 194, 193, 194, 193, 194, 195, 194, 194, 194, 194, 194, 193, 194, 194, 196, 204, 204, 206, 207, 207
2010,14208020,208,CH4 ,10PPBC,12,28, 206, 206, 206, 204, 202, 201, 201, 205, 210, 208, 200,9999, 194, 194, 192, 192, 193, 192, 192, 192, 191, 191, 191, 192
2010,14208020,208,CH4 ,10PPBC,12,29, 201, 199, 195, 198, 202, 203, 203, 203, 204, 201, 197, 196, 196, 196, 195, 195, 195, 195, 197, 198, 199, 200, 201, 203
2010,14208020,208,CH4 ,10PPBC,12,30, 203, 202, 202, 202, 202, 202, 201, 205, 205, 204, 202, 198, 198, 196, 192, 192, 201, 206, 202, 200, 200, 201, 205, 204
2010,14208020,208,CH4 ,10PPBC,12,31, 203, 202, 205, 209, 209, 207, 203, 201, 201, 198, 196, 194, 194, 193, 193, 193, 194, 199, 203, 204, 205, 205, 204, 205
2010,14208020,208,CH4 ,10PPBC, 1, 1, 205, 204, 203, 201, 199, 200, 201, 200, 202, 201, 198, 198, 199, 200, 200, 203, 206, 205, 205, 206, 209, 210, 208, 207
2010,14208020,208,CH4 ,10PPBC, 1, 2, 207, 203, 197, 196, 197, 205, 208, 207, 208, 206, 201, 200, 201, 200, 200, 200, 201, 205, 205, 205, 211, 206, 202, 200
2010,14208020,208,CH4 ,10PPBC, 1, 3, 200, 200, 199, 199, 200, 200, 202, 201, 201, 201, 200, 200, 200, 200, 205, 199, 201, 204, 206, 209, 214, 215, 213, 214
2010,14208020,208,CH4 ,10PPBC, 1, 4, 204, 201, 198, 197, 197, 197, 198, 199, 199, 198, 198, 197, 196, 196, 196, 196, 196, 202, 202, 208, 204, 205, 204, 203
2010,14208020,208,CH4 ,10PPBC, 1, 5, 202, 201, 201, 201, 200, 199, 200, 201, 219, 199, 196, 195, 195, 196, 194, 193, 193, 193, 193, 194, 194, 194, 193, 194
2010,14208020,208,CH4 ,10PPBC, 1, 6, 194, 193, 193, 192, 193, 194, 196, 199, 200, 198, 197, 196, 197, 196, 196, 197, 198, 198, 197, 197, 198, 198, 198, 198
2010,14208020,208,CH4 ,10PPBC, 1, 7, 197, 197, 196, 196, 196, 197, 197, 198, 198, 198, 197,9999,9999, 190, 189, 189, 189, 193, 195, 199, 198, 193, 191, 190
2010,14208020,208,CH4 ,10PPBC, 1, 8, 191, 191, 192, 192, 192, 192, 193, 194, 195, 193, 191, 188, 189, 188, 188, 188, 187, 188, 187, 188, 193, 195, 197, 194
2010,14208020,208,CH4 ,10PPBC, 1, 9, 187, 190, 195, 194, 194, 198, 194, 191, 188, 186, 186, 186, 185, 185, 184, 185, 190, 195, 195, 188, 188, 189, 190, 191
2010,14208020,208,CH4 ,10PPBC, 1,10, 189, 190, 190, 190, 191, 191, 192, 192, 192, 192, 191, 191, 191, 191, 191, 192, 192, 192, 194, 194, 196, 195, 194, 192
2010,14208020,208,CH4 ,10PPBC, 1,11, 192, 192, 191, 191, 191, 192, 194, 195, 196, 195, 195, 195, 197, 197, 195, 194, 194, 198, 200, 202, 201, 198, 198, 198
2010,14208020,208,CH4 ,10PPBC, 1,12, 198, 199, 201, 204, 199, 198, 196, 198, 198, 196, 196, 191, 190, 189, 189, 188, 196, 199, 200, 190, 189, 190, 191, 190
2010,14208020,208,CH4 ,10PPBC, 1,13, 191, 190, 190, 190, 190, 191, 191, 192, 192,9999, 191, 191, 191, 192, 192, 193, 193, 193, 193, 193, 193, 193, 194, 194
2010,14208020,208,CH4 ,10PPBC, 1,14, 196, 194, 194, 194, 194, 197, 198, 201, 204, 198, 197, 194, 193, 191, 190, 189, 189, 192, 196, 196, 197, 198, 204, 211
2010,14208020,208,CH4 ,10PPBC, 1,15, 204, 200, 201, 199, 199, 202, 203, 207, 211, 202, 190, 188, 187, 187, 187, 186, 186, 187, 192, 187, 186, 188, 196, 195
2010,14208020,208,CH4 ,10PPBC, 1,16, 196, 195, 197, 197, 198, 198, 193, 191, 191, 190, 190, 190, 189, 188, 189, 189, 189, 190, 191, 190, 189, 189, 189, 189
2010,14208020,208,CH4 ,10PPBC, 1,17, 188, 189, 189, 191, 193, 194, 194, 199, 199, 193, 189, 188, 188, 188, 187, 187, 188, 189, 191, 193, 192, 195, 195, 196
2010,14208020,208,CH4 ,10PPBC, 1,18, 196, 196, 195, 197, 197, 196, 197, 201, 213, 206, 205, 193, 192, 191, 188, 188, 189, 192, 193, 195, 196, 201, 203, 196
2010,14208020,208,CH4 ,10PPBC, 1,19, 191, 192, 194, 195, 194, 195, 195, 198, 200, 197, 194, 194, 193, 191, 190, 189, 192, 194, 195, 197, 197, 191, 191, 192
2010,14208020,208,CH4 ,10PPBC, 1,20, 201, 203, 201, 203, 202, 200, 200, 200, 198, 194,9999, 189, 186, 186, 186, 187, 189, 192, 191, 190, 191, 190, 191, 191
2010,14208020,208,CH4 ,10PPBC, 1,21, 190, 191, 190, 190, 191, 190, 189, 191, 191, 191, 190, 190, 189, 189, 190, 190, 191, 193, 194, 196, 198, 201, 201, 201
2010,14208020,208,CH4 ,10PPBC, 1,22, 194, 192, 191, 190, 189, 188, 188, 190, 192, 193, 190, 188, 187, 187, 187, 186, 187, 191, 193, 196, 198, 199, 199, 198
2010,14208020,208,CH4 ,10PPBC, 1,23, 200, 201, 202, 203, 201, 199, 199, 199, 200, 197, 198, 199, 203, 202, 199, 195, 194, 194, 197, 197, 196, 194, 195, 196
2010,14208020,208,CH4 ,10PPBC, 1,24, 198, 196, 197, 194, 194, 195, 196, 198, 198, 199, 195, 195, 196, 195, 196, 198, 202, 204, 200, 197, 195, 193, 193, 193
2010,14208020,208,CH4 ,10PPBC, 1,25, 193, 194, 195, 195, 194, 195, 195, 197, 197, 196, 194, 192, 192, 191, 191, 191, 192, 196, 197, 198, 196, 194, 193, 194
2010,14208020,208,CH4 ,10PPBC, 1,26, 197, 196, 196, 196, 196, 197, 200, 203, 202, 195, 196, 195, 191, 190, 190, 188, 188, 191, 195, 194, 191, 192, 192, 193
2010,14208020,208,CH4 ,10PPBC, 1,27, 194, 195, 196, 194, 195, 194, 195, 198, 201,9999,9999, 189, 188, 190, 190, 189, 190, 194, 194, 193, 193, 193, 193, 194
2010,14208020,208,CH4 ,10PPBC, 1,28, 193, 193, 195, 195, 196, 196, 198, 201, 201, 196, 194, 194, 193, 193, 192, 193, 193, 196, 195, 193, 193, 193, 194, 194
2010,14208020,208,CH4 ,10PPBC, 1,29, 194, 193, 193, 193, 193, 194, 194, 197, 197, 197, 197, 193, 192, 191, 191, 190, 190, 194, 195, 198, 199, 203, 208, 210
2010,14208020,208,CH4 ,10PPBC, 1,30, 204, 196, 195, 198, 201, 192, 191, 193, 193, 192, 192, 191, 191, 190, 190, 191, 191, 190, 193, 193, 195, 197, 196, 197
2010,14208020,208,CH4 ,10PPBC, 1,31, 198, 197, 198, 199, 199, 200, 201, 201, 199, 195, 193, 193, 191, 191, 190, 191, 190, 193, 195, 196, 199, 200, 201, 203
2010,14208020,208,CH4 ,10PPBC, 2, 1, 204, 202, 200, 201, 202, 203, 203, 202, 208, 196, 192, 191, 190, 190, 189, 189, 189, 192, 197, 198, 200, 202, 200, 199
2010,14208020,208,CH4 ,10PPBC, 2, 2, 198, 196, 195, 194, 194, 194, 193, 194, 195, 196, 198, 199, 198, 192, 194, 195, 195, 197, 201, 202, 204, 202, 197, 197
2010,14208020,208,CH4 ,10PPBC, 2, 3, 208, 207, 204, 199, 198, 199, 203, 207, 209, 200,9999,9999,9999,9999,9999,9999,9999,9999,9999,9999,9999,9999,9999,9999
2010,14208020,208,CH4 ,10PPBC, 2, 4,9999,9999,9999,9999,9999,9999,9999,9999,9999,9999,9999, 192, 198, 207, 200, 192, 189, 193, 194, 198, 199, 200, 202, 201
2010,14208020,208,CH4 ,10PPBC, 2, 5, 202, 209, 211, 209, 206, 200, 199, 198, 196, 194, 193, 195, 197, 197, 194, 195, 197, 199, 202, 203, 208, 210, 213, 213
2010,14208020,208,CH4 ,10PPBC, 2, 6, 200, 197, 195, 195, 195, 196, 201, 201, 200, 201, 199, 197, 197, 197, 198, 196, 194, 195, 201, 206, 205, 209, 206, 203
2010,14208020,208,CH4 ,10PPBC, 2, 7, 203, 202, 202, 203, 204, 204, 206, 208, 204, 197, 195, 195, 193, 193, 194, 197, 197, 195, 195, 195, 194, 195, 195, 194
2010,14208020,208,CH4 ,10PPBC, 2, 8, 193, 192, 193, 192, 192, 193, 196, 193, 198, 197, 199, 197, 196, 192, 191, 191, 191, 192, 194, 193, 191, 191, 197, 192
2010,14208020,208,CH4 ,10PPBC, 2, 9, 192, 190,9999, 190, 190, 189, 190, 191, 193,9999,9999, 192, 191, 191, 193, 193, 189, 194, 196, 198, 198, 200, 203, 193
2010,14208020,208,CH4 ,10PPBC, 2,10, 190, 191, 190, 189, 188, 188, 189, 191, 191, 190, 190, 190, 190, 192, 191, 189, 190, 192, 194, 196, 196, 192, 191, 190
2010,14208020,208,CH4 ,10PPBC, 2,11, 190, 189, 189, 189, 190, 190, 190, 189, 189, 190, 190, 191, 190, 190, 190, 190, 191, 190, 191, 192, 192, 192, 190, 189
2010,14208020,208,CH4 ,10PPBC, 2,12, 188, 188, 188, 188, 188, 188, 188, 188, 189, 189, 189, 190, 191, 191, 191, 190, 191, 190, 191, 190, 193, 197, 200, 203
2010,14208020,208,CH4 ,10PPBC, 2,13, 205, 205, 202, 199, 195, 193, 194, 194, 195, 192, 191, 190, 190, 191, 191, 193, 193, 195, 197, 202, 201, 197, 196, 197
2010,14208020,208,CH4 ,10PPBC, 2,14, 195, 196, 196, 194, 193, 193, 193, 195, 196, 195, 196, 195, 193, 192, 194, 197, 198, 196, 195, 195, 194, 194, 194, 192
2010,14208020,208,CH4 ,10PPBC, 2,15, 191, 190, 190, 190, 189, 190, 190, 191, 191, 193, 192, 192, 191, 190, 189, 189, 190, 191, 191, 192, 193, 194, 193, 192
2010,14208020,208,CH4 ,10PPBC, 2,16, 194, 196, 198, 196, 197, 197, 198, 200, 199, 198, 198, 196, 197, 191, 189, 189, 190, 190, 193, 197, 189, 189, 189, 196
2010,14208020,208,CH4 ,10PPBC, 2,17, 200, 200, 199, 199, 199, 202, 206, 213, 220, 218, 200, 196, 190, 186, 185, 184, 184, 184, 184, 184, 185, 184, 184, 183
2010,14208020,208,CH4 ,10PPBC, 2,18, 182, 182, 181, 181, 181, 181, 180, 181, 183, 185,9999, 186, 185, 184, 184, 184, 186, 187, 187, 188, 188, 189, 188, 189
2010,14208020,208,CH4 ,10PPBC, 2,19, 188, 188, 189, 189, 189, 189, 190, 190, 190, 190, 191, 192, 191, 192, 189, 189, 192, 193, 192, 190, 192, 192, 193, 197
2010,14208020,208,CH4 ,10PPBC, 2,20, 204, 199, 198, 197, 194, 192, 191, 191, 193, 195, 194, 195, 195, 195, 197, 197, 196, 195, 190, 190, 190, 190, 191, 193
2010,14208020,208,CH4 ,10PPBC, 2,21, 190, 188, 189, 191, 191, 192, 190, 190, 193, 191, 191, 191, 191, 191, 189, 188, 188, 188, 190, 189, 190, 190, 190, 191
2010,14208020,208,CH4 ,10PPBC, 2,22, 193, 195, 191, 191, 191, 191, 194, 197, 197, 193, 191, 192, 193, 190, 189, 188, 189, 189, 190, 191, 191, 191, 191, 191
2010,14208020,208,CH4 ,10PPBC, 2,23, 192, 192, 193, 195, 195, 193, 191, 192, 193,9999,9999, 194, 194, 192, 192, 191, 190, 190, 198, 200, 201, 202, 200, 199
2010,14208020,208,CH4 ,10PPBC, 2,24, 204, 204, 199, 200, 208, 206, 207, 208, 209, 208, 203, 198, 194, 190, 190, 189, 189, 188, 187, 187, 187, 187, 186, 186
2010,14208020,208,CH4 ,10PPBC, 2,25, 186, 186, 186, 186, 186, 186, 186, 186, 186, 186, 186, 186, 186, 186, 186, 185, 186, 186, 187, 187, 189, 194, 194, 193
2010,14208020,208,CH4 ,10PPBC, 2,26, 193, 193, 193, 192, 192, 193, 193, 194, 195, 195, 196, 196, 196, 196, 196, 195, 194, 194, 195, 197, 200, 201, 201, 202
2010,14208020,208,CH4 ,10PPBC, 2,27, 202, 201, 203, 204, 208, 207, 208, 206, 192, 191, 191, 190, 190, 190, 189, 189, 189, 189, 189, 189, 189, 196, 198, 200
2010,14208020,208,CH4 ,10PPBC, 2,28, 199, 195, 195, 195, 197, 195, 196, 199, 198, 196, 195, 194, 194, 193, 194, 194, 193, 194, 194, 195, 196, 196, 195, 195
2010,14208020,208,CH4 ,10PPBC, 2,29,9998,9998,9998,9998,9998,9998,9998,9998,9998,9998,9998,9998,9998,9998,9998,9998,9998,9998,9998,9998,9998,9998,9998,9998
2010,14208020,208,CH4 ,10PPBC, 2,30,9998,9998,9998,9998,9998,9998,9998,9998,9998,9998,9998,9998,9998,9998,9998,9998,9998,9998,9998,9998,9998,9998,9998,9998
2010,14208020,208,CH4 ,10PPBC, 2,31,9998,9998,9998,9998,9998,9998,9998,9998,9998,9998,9998,9998,9998,9998,9998,9998,9998,9998,9998,9998,9998,9998,9998,9998
2010,14208020,208,CH4 ,10PPBC, 3, 1, 195, 193, 195, 195, 194, 195, 196, 198, 199, 197, 198, 201, 197, 197, 195, 195, 198, 206, 202, 199, 197, 197, 198, 198
2010,14208020,208,CH4 ,10PPBC, 3, 2, 198, 197, 198, 202, 196, 192, 195, 198, 197, 196, 194, 193, 192, 193, 194, 195, 195, 193, 192, 194, 195, 196, 197, 198
2010,14208020,208,CH4 ,10PPBC, 3, 3, 198, 196, 193, 193, 193, 192, 193, 194, 193, 193, 193, 192, 193, 192, 193, 197, 195, 194, 193, 193, 193, 193, 193, 195
2010,14208020,208,CH4 ,10PPBC, 3, 4, 195, 197, 196, 196, 196, 197, 197, 197, 196, 194,9999, 187, 187, 187, 188, 189, 189, 189, 190, 192, 196, 198, 197, 196
2010,14208020,208,CH4 ,10PPBC, 3, 5, 196, 197, 196, 196, 195, 194, 194, 194, 191, 189, 189, 188, 188, 188, 188, 187, 187, 187, 187, 187, 187, 188, 187, 187
2010,14208020,208,CH4 ,10PPBC, 3, 6, 187, 186, 186, 187, 193, 194, 193, 190, 188, 186, 186, 186, 185, 184, 184, 184, 184, 184, 184, 187, 184, 185, 187, 192
2010,14208020,208,CH4 ,10PPBC, 3, 7, 194, 198, 199, 198, 196, 192, 190, 189, 190, 190, 190, 190, 189, 189, 189, 191, 191, 189, 191, 190, 191, 190, 189, 189
2010,14208020,208,CH4 ,10PPBC, 3, 8, 189, 190, 194, 194, 194, 194, 195, 197, 197, 200, 198, 195, 193, 193, 192, 189, 189, 189, 191, 193, 194, 198, 204, 202
2010,14208020,208,CH4 ,10PPBC, 3, 9, 200, 198, 194, 194, 195, 196, 197, 196, 195, 194, 192, 189, 188, 187, 187, 185, 185, 186, 185, 185, 185, 185, 187, 188
2010,14208020,208,CH4 ,10PPBC, 3,10, 188, 189, 189, 189, 189, 189, 191, 191, 191, 190, 190, 190, 190, 189, 188, 188, 188, 189, 192, 193, 192, 192, 195, 197
2010,14208020,208,CH4 ,10PPBC, 3,11, 199, 198, 197, 196, 195, 194, 194, 196, 191, 190,9999, 187, 186, 186,9999,9999,9999,9999,9999,9999,9999,9999,9999,9999
2010,14208020,208,CH4 ,10PPBC, 3,12,9999,9999, 200, 201, 203, 207, 209, 202, 193, 192, 193, 192, 190, 189, 189, 189, 189, 191, 195, 196, 199, 190, 205, 202
2010,14208020,208,CH4 ,10PPBC, 3,13, 203, 201, 202, 209, 207, 207, 205, 206, 197, 195, 190, 189, 189, 189, 188, 187, 187, 187, 186, 186, 186, 187, 188, 189
2010,14208020,208,CH4 ,10PPBC, 3,14, 193, 198, 202, 205, 200, 193, 186, 186, 185, 184, 184, 183, 183, 182, 182, 182, 182, 182, 182, 182, 182, 182, 182, 182
2010,14208020,208,CH4 ,10PPBC, 3,15, 182, 183, 186, 189, 188, 191,9999, 185, 187,9999,9999, 185, 187, 186, 187, 186, 187, 189, 193, 196, 198, 187, 184, 184
2010,14208020,208,CH4 ,10PPBC, 3,16, 183, 183, 195, 187, 186, 187, 190, 189, 190, 191, 191, 189, 184, 185, 185, 186, 186, 187,9999,9999,9999, 166, 188, 189
2010,14208020,208,CH4 ,10PPBC, 3,17, 191, 190, 188, 188, 189, 189, 191, 189, 190, 189, 187, 187, 188, 187, 186, 186, 186, 188, 188, 189, 189, 189, 189, 189
2010,14208020,208,CH4 ,10PPBC, 3,18, 190, 189, 190, 190, 191, 189, 189, 191, 190, 190, 191, 191, 188, 187, 187, 187, 187, 186, 186, 186, 186, 187, 186, 186
2010,14208020,208,CH4 ,10PPBC, 3,19, 186, 186, 185, 185, 186, 186, 186, 186, 186, 185, 185, 185, 185, 185, 184, 184, 184, 184, 185, 188, 187, 192, 201, 198
2010,14208020,208,CH4 ,10PPBC, 3,20, 196, 196, 194, 193, 192, 192, 194, 195, 194, 193, 193, 195, 193, 190, 189, 185, 184, 184, 183, 183, 183, 182, 182, 182
2010,14208020,208,CH4 ,10PPBC, 3,21, 182, 182, 181, 181, 181, 181, 181, 181, 185, 190, 189, 190, 191, 191, 186, 186, 187, 187, 187, 187, 187, 187, 188, 188
2010,14208020,208,CH4 ,10PPBC, 3,22, 188, 187, 187, 192, 190, 188, 189, 189, 190, 189, 190,9999, 191, 190, 190, 190, 190, 191, 191, 193, 196, 197, 194, 196
2010,14208020,208,CH4 ,10PPBC, 3,23, 199, 196, 193, 191, 190, 190, 189, 190, 190, 192, 191, 190, 190, 190, 191, 190, 191, 191, 191, 192, 192, 190, 191, 188
2010,14208020,208,CH4 ,10PPBC, 3,24, 189, 194, 195, 194, 194, 196, 197, 196, 198, 195, 191, 192, 191, 190, 188, 188, 188, 188, 192, 195, 195, 197, 203, 201
2010,14208020,208,CH4 ,10PPBC, 3,25, 198, 194, 193, 194, 194, 195, 195, 202, 197, 194, 195, 190, 189, 187, 187, 187, 187, 187, 187, 188, 187, 189, 191, 192
2010,14208020,208,CH4 ,10PPBC, 3,26, 194, 191, 191, 191, 193, 191, 192, 193, 190, 190, 189, 189, 189, 189, 189, 189, 189, 188, 189, 189, 189, 189, 190, 190
2010,14208020,208,CH4 ,10PPBC, 3,27, 190, 190, 189, 190, 190, 190, 190, 190, 191, 189, 190, 198, 191, 190, 189, 189, 188, 189, 191, 193, 188, 188, 188, 190
2010,14208020,208,CH4 ,10PPBC, 3,28, 190, 190, 190, 189, 190, 192, 193, 192, 190, 190, 189, 190, 189, 189, 187, 187, 187, 186, 187, 188, 191, 194, 189, 187
2010,14208020,208,CH4 ,10PPBC, 3,29, 187, 186, 187, 191, 192, 192, 195, 196, 195, 193, 188, 187, 188, 187, 187, 186, 186, 186, 187, 188, 193, 197, 198, 197
2010,14208020,208,CH4 ,10PPBC, 3,30, 194, 191, 192, 193, 193, 192, 193, 197, 193, 193,9999, 191, 189, 187, 187, 187, 187, 186, 188, 188, 189, 193, 190, 189
2010,14208020,208,CH4 ,10PPBC, 3,31, 189, 190, 190, 190, 189, 189, 191, 191, 192, 191, 188, 189, 188, 188, 187, 186, 187, 187, 188, 190, 191, 190, 189, 189
2010,14209010,209,CH4 ,10PPBC, 4, 1,9999,9999,9999,9999,9999,9999,9999,9999,9999,9999,9999,9999,9999,9999,9999,9999,9999,9999,9999,9999,9999,9999,9999,9999
2010,14209010,209,CH4 ,10PPBC, 4, 2,9999,9999,9999,9999,9999,9999,9999,9999,9999,9999,9999,9999,9999,9999,9999,9999,9999,9999,9999,9999,9999,9999,9999,9999
2010,14209010,209,CH4 ,10PPBC, 4, 3,9999,9999,9999,9999,9999,9999,9999,9999,9999,9999,9999,9999,9999,9999,9999,9999,9999,9999,9999,9999,9999,9999,9999,9999
2010,14209010,209,CH4 ,10PPBC, 4, 4,9999,9999,9999,9999,9999,9999,9999,9999,9999,9999,9999,9999,9999,9999,9999,9999,9999,9999,9999,9999,9999,9999,9999,9999
2010,14209010,209,CH4 ,10PPBC, 4, 5,9999,9999,9999,9999,9999,9999,9999,9999,9999,9999,9999,9999,9999,9999,9999,9999,9999,9999,9999,9999,9999,9999,9999,9999
2010,14209010,209,CH4 ,10PPBC, 4, 6,9999,9999,9999,9999,9999,9999,9999,9999,9999,9999,9999,9999,9999,9999,9999,9999,9999,9999,9999,9999,9999,9999,9999,9999
2010,14209010,209,CH4 ,10PPBC, 4, 7,9999,9999,9999,9999,9999,9999,9999,9999,9999,9999,9999,9999,9999,9999,9999,9999,9999,9999,9999,9999,9999,9999,9999,9999
2010,14209010,209,CH4 ,10PPBC, 4, 8,9999,9999,9999,9999,9999,9999,9999,9999,9999,9999,9999,9999,9999,9999,9999,9999,9999,9999,9999,9999,9999,9999,9999,9999
2010,14209010,209,CH4 ,10PPBC, 4, 9,9999,9999,9999,9999,9999,9999,9999,9999,9999,9999,9999,9999,9999,9999,9999,9999,9999,9999,9999,9999,9999,9999,9999,9999
2010,14209010,209,CH4 ,10PPBC, 4,10,9999,9999,9999,9999,9999,9999,9999,9999,9999,9999,9999,9999,9999,9999,9999,9999,9999,9999,9999,9999,9999,9999,9999,9999
2010,14209010,209,CH4 ,10PPBC, 4,11,9999,9999,9999,9999,9999,9999,9999,9999,9999,9999,9999,9999,9999,9999,9999,9999,9999,9999,9999,9999,9999,9999,9999,9999
2010,14209010,209,CH4 ,10PPBC, 4,12,9999,9999,9999,9999,9999,9999,9999,9999,9999,9999,9999,9999,9999, 190, 191, 190, 190, 192, 192, 191, 191, 190, 190, 190
2010,14209010,209,CH4 ,10PPBC, 4,13,9999, 190, 190, 189, 191, 191, 190, 189, 189, 189, 188, 188, 188, 187, 187, 187, 187, 187, 188, 188, 187, 193, 194, 192
2010,14209010,209,CH4 ,10PPBC, 4,14,9999, 190, 190, 190, 190, 191, 191, 191, 191, 191, 192, 191, 192, 193, 193, 193, 192, 193, 192, 192, 193, 193, 193, 192
2010,14209010,209,CH4 ,10PPBC, 4,15,9999, 190, 190, 189, 189, 190, 190, 190, 191, 191, 191, 190, 190, 191, 192, 191, 192, 192, 193, 198, 194, 195, 195, 196
2010,14209010,209,CH4 ,10PPBC, 4,16,9999, 195, 193, 191, 190, 190, 191, 191, 192, 192, 192, 191, 191, 191, 191, 190, 191, 191, 191, 191, 191, 191, 191, 191
2010,14209010,209,CH4 ,10PPBC, 4,17,9999, 190, 190, 189, 189, 189, 189, 190, 191, 192, 191, 190, 190, 190, 189, 190, 190, 192, 192, 192, 192, 192, 193, 196
2010,14209010,209,CH4 ,10PPBC, 4,18,9999, 200, 200, 200, 202, 202, 196, 195, 194, 191, 191, 190, 190, 191, 193, 191, 190, 189, 190, 191, 191, 192, 193, 192
2010,14209010,209,CH4 ,10PPBC, 4,19,9999, 192, 192, 193, 194, 193, 193, 193, 192, 193, 192, 191, 190, 190, 190, 191, 189, 189, 190, 191, 192, 193, 193, 192
2010,14209010,209,CH4 ,10PPBC, 4,20,9999, 195, 195, 196, 197, 196, 196, 197, 195, 188, 187, 187, 186, 186, 186, 186, 187, 187, 188, 188, 189, 188, 188, 187
2010,14209010,209,CH4 ,10PPBC, 4,21,9999, 190, 189, 190, 190, 190, 190, 191, 193,9999, 190, 186, 187, 187, 186, 186, 187, 187, 188, 188, 189, 188, 191, 192
2010,14209010,209,CH4 ,10PPBC, 4,22,9999, 193, 192, 192, 193, 192, 193, 193, 194, 194, 193, 193, 193, 192, 192, 192, 192, 192, 191, 191, 191, 191, 191, 191
2010,14209010,209,CH4 ,10PPBC, 4,23,9999, 192, 192, 192, 193, 194, 194, 193, 192, 192, 193, 192, 192, 192, 191, 191, 192, 192, 193, 194, 194, 194, 195, 196
2010,14209010,209,CH4 ,10PPBC, 4,24,9999, 195, 196, 196, 196, 195, 194, 194, 193, 192, 191, 191, 191, 191, 192, 192, 191, 191, 192, 192, 193, 193, 193, 194
2010,14209010,209,CH4 ,10PPBC, 4,25,9999, 192, 191, 192, 192, 191, 191, 190, 191, 191, 191, 191, 192, 192, 190, 191, 190, 190, 191, 191, 191, 192, 192, 191
2010,14209010,209,CH4 ,10PPBC, 4,26,9999, 190, 190, 190, 191, 190, 191, 190, 192, 191, 191, 191, 191, 190, 191, 191, 191, 190, 190, 191, 194, 193, 198, 193
2010,14209010,209,CH4 ,10PPBC, 4,27,9999, 192, 192, 191, 191, 191, 191, 192, 192, 192, 192, 192, 192, 192, 194, 194, 192, 191, 194, 195, 196, 197, 198, 196
2010,14209010,209,CH4 ,10PPBC, 4,28,9999, 190, 190, 190, 189, 190, 198, 191, 191, 190, 190, 189, 189, 189, 189, 189, 189, 189, 190, 191, 193, 192, 192, 194
2010,14209010,209,CH4 ,10PPBC, 4,29,9999, 196, 193, 193, 191, 189, 189, 189, 188, 188, 187, 187, 187, 188, 188, 188, 188, 189, 190, 191, 191, 193, 191, 192
2010,14209010,209,CH4 ,10PPBC, 4,30,9999, 191, 192, 191, 191, 193, 192, 190, 190, 190, 191, 191, 190, 191, 190, 190, 190, 190, 190, 192, 191, 191, 191, 192
2010,14209010,209,CH4 ,10PPBC, 4,31,9998,9998,9998,9998,9998,9998,9998,9998,9998,9998,9998,9998,9998,9998,9998,9998,9998,9998,9998,9998,9998,9998,9998,9998
2010,14209010,209,CH4 ,10PPBC, 5, 1,9999, 192, 191, 191, 192, 191, 192, 192, 192, 192, 192, 192, 191, 191, 191, 191, 190, 191, 191, 192, 193, 192, 192, 192
2010,14209010,209,CH4 ,10PPBC, 5, 2,9999, 191, 192, 191, 191, 191, 191, 192, 192, 192, 192, 192, 192, 192, 191, 191, 191, 192, 192, 192, 195, 195, 194, 192
2010,14209010,209,CH4 ,10PPBC, 5, 3,9999, 191, 191, 191, 191, 191, 191, 191, 193, 193, 193, 191, 191, 190, 189, 189, 189, 189, 189, 189, 190, 190, 190, 190
2010,14209010,209,CH4 ,10PPBC, 5, 4,9999, 191, 193, 193, 190, 191, 191, 189, 189, 190, 191, 190, 189, 189, 189, 189, 190, 191, 191, 191, 191, 191, 192, 194
2010,14209010,209,CH4 ,10PPBC, 5, 5,9999, 197, 191, 189, 190, 190, 191, 193, 193, 193, 193, 193, 193, 192, 191, 189, 189, 189, 189, 191, 192, 192, 190, 190
2010,14209010,209,CH4 ,10PPBC, 5, 6,9999, 190, 191, 192, 191, 190, 193, 190, 189, 188, 185, 184, 184, 184, 184, 183, 183, 183, 183, 183, 183, 183, 183, 183
2010,14209010,209,CH4 ,10PPBC, 5, 7,9999, 184, 184, 184, 184, 184, 184, 184, 184, 183,9999, 183, 182, 182, 182, 182, 182, 182, 182, 182, 188, 189, 188, 189
2010,14209010,209,CH4 ,10PPBC, 5, 8,9999, 187, 187, 188, 187, 188, 188, 189, 189, 189, 191, 192, 192, 190, 189, 189, 189, 189, 189, 189, 190, 190, 190, 191
2010,14209010,209,CH4 ,10PPBC, 5, 9,9999, 192, 193, 192, 193, 191, 191, 190, 190, 190, 190, 190, 190, 192, 193, 192, 192, 193, 194, 194, 193, 194, 195, 193
2010,14209010,209,CH4 ,10PPBC, 5,10,9999, 191, 191, 191, 191, 191, 191, 191, 191, 191, 190, 190, 191, 190, 190, 189, 188, 190, 190, 192, 192, 193, 193, 190
2010,14209010,209,CH4 ,10PPBC, 5,11,9999, 188, 188, 187, 190, 189, 188, 188, 187, 187, 187, 188, 188, 188, 188, 189, 189, 190, 191, 193, 192, 190, 189, 191
2010,14209010,209,CH4 ,10PPBC, 5,12,9999, 191, 191, 191, 191, 191, 191, 192, 192, 190, 190, 190, 191, 190, 190, 189, 189, 190, 190, 191, 191, 192, 194, 196
2010,14209010,209,CH4 ,10PPBC, 5,13,9999, 195, 194, 193, 193, 192, 191, 190, 190, 190, 190, 190, 190, 189, 189, 190, 189, 189, 190, 190, 190, 191, 190, 191
2010,14209010,209,CH4 ,10PPBC, 5,14,9999, 189, 189, 190, 190, 190, 190, 190, 189, 189, 189, 188, 188, 188, 189, 191, 192, 192, 192, 192, 194, 193, 193, 194
2010,14209010,209,CH4 ,10PPBC, 5,15,9999, 189, 188, 189, 189, 189, 189, 189, 188, 188, 189, 189, 189, 191, 190, 190, 190, 190, 189, 188, 189, 190, 189, 190
2010,14209010,209,CH4 ,10PPBC, 5,16,9999, 191, 191, 192, 193, 192, 191, 191, 189, 188, 188, 187, 187, 186, 186, 186, 186, 186, 186, 187, 188, 189, 191, 190
2010,14209010,209,CH4 ,10PPBC, 5,17,9999, 188, 188, 187, 187, 187, 188, 189, 187, 188, 189, 189, 188, 188, 187, 187, 186, 186, 187, 187, 188, 190, 191, 190
2010,14209010,209,CH4 ,10PPBC, 5,18,9999, 191, 190, 190, 191, 190, 188, 189, 189, 187, 187, 187, 186, 186, 186, 186, 186, 186, 186, 186, 187, 186, 186, 186
2010,14209010,209,CH4 ,10PPBC, 5,19,9999, 187, 187, 187, 187, 187, 187, 187, 186, 186, 186, 186, 186, 185, 185, 185, 185, 185, 185, 185, 185, 185, 185, 185
2010,14209010,209,CH4 ,10PPBC, 5,20,9999, 185, 185, 186, 185, 185, 185, 185, 186, 186, 185, 185, 190, 189, 188, 188, 187, 188, 190, 189, 190, 190, 190, 191
2010,14209010,209,CH4 ,10PPBC, 5,21,9999, 190, 190, 191, 193, 192, 191, 190, 192, 191,9999, 190, 190, 189, 188, 189, 189, 190, 190, 192, 193, 193, 197, 193
2010,14209010,209,CH4 ,10PPBC, 5,22,9999, 190, 191, 192, 194, 192, 193, 191, 193, 194, 195, 193, 192, 194, 195, 195, 193, 191, 191, 191, 190, 191, 191, 191
2010,14209010,209,CH4 ,10PPBC, 5,23,9999, 190, 191, 190, 192, 192, 193, 193, 192, 191, 190, 189, 188, 189, 191, 191, 190, 190, 191, 191, 191, 189, 187, 188
2010,14209010,209,CH4 ,10PPBC, 5,24,9999, 189, 190, 189, 192, 188, 189, 189, 189, 189, 189, 188, 188, 188, 188, 189, 189, 190, 191, 191, 189, 190, 189, 192
2010,14209010,209,CH4 ,10PPBC, 5,25,9999, 190, 193, 192, 191, 190, 189, 189, 189, 190, 189, 189, 189, 190, 190, 190, 191, 192, 193, 194, 194, 192, 191, 191
2010,14209010,209,CH4 ,10PPBC, 5,26,9999, 192, 191, 193, 192, 193, 192, 192, 192, 191, 192, 190, 190, 190, 189, 189, 190, 190, 191, 190, 191, 190, 189, 190
2010,14209010,209,CH4 ,10PPBC, 5,27,9999, 189, 190, 191, 193, 193, 193, 192, 191, 191, 190, 190, 189, 189, 188, 188, 188, 188, 189, 189, 190, 189, 189, 189
2010,14209010,209,CH4 ,10PPBC, 5,28,9999, 188, 188, 188, 189, 189, 189, 188, 188, 187, 188, 188, 187, 187, 189, 189, 190, 190, 189, 187, 187, 189, 190, 191
2010,14209010,209,CH4 ,10PPBC, 5,29,9999, 191, 190, 190, 190, 191, 194, 193, 189, 189, 191, 191, 190, 190, 190, 193, 190, 190, 190, 190, 190, 190, 190, 189
2010,14209010,209,CH4 ,10PPBC, 5,30,9999, 188, 188, 187, 187, 188, 188, 189, 188, 188, 189, 189, 189, 189, 189, 188, 188, 190, 192, 190, 190, 192, 189, 190
2010,14209010,209,CH4 ,10PPBC, 5,31,9999, 191, 192, 190, 191, 191, 191, 191, 190, 190, 191, 190, 193, 194, 192, 189, 188, 188, 188, 188, 188, 188, 189, 192
2010,14209010,209,CH4 ,10PPBC, 6, 1,9999, 192, 190, 195, 194, 191, 191, 191, 190, 190, 190, 189, 189, 189, 191, 191, 190, 190, 188, 188, 188, 188, 191, 191
2010,14209010,209,CH4 ,10PPBC, 6, 2,9999, 192, 193, 193, 193, 193, 196, 196, 196, 194, 195, 192, 190, 191, 193, 192, 191, 190, 190, 188, 188, 188, 189, 191
2010,14209010,209,CH4 ,10PPBC, 6, 3,9999, 192, 193, 193, 192, 192, 192, 192, 190, 191, 191, 191, 190, 188, 187, 186, 186, 186, 186, 186, 186, 186, 187, 189
2010,14209010,209,CH4 ,10PPBC, 6, 4,9999, 189, 189, 188, 187, 188, 188, 190, 189, 189, 188, 187, 187, 186, 187, 186, 186, 186, 186, 187, 188, 188, 188, 189
2010,14209010,209,CH4 ,10PPBC, 6, 5,9999, 188, 189, 189, 190, 189, 189, 189, 190, 190, 191, 190, 189, 189, 189, 191, 192, 191, 191, 189, 189, 189, 192, 193
2010,14209010,209,CH4 ,10PPBC, 6, 6,9999, 191, 191, 191, 191, 191, 191, 191, 190, 190, 191, 192, 192, 191, 190, 189, 188, 188, 187, 187, 188, 188, 188, 188
2010,14209010,209,CH4 ,10PPBC, 6, 7,9999, 190, 190, 191, 189, 191, 192, 191, 191, 193, 193, 192, 191, 189, 188, 187, 187, 187, 187, 187, 187, 188, 187, 189
2010,14209010,209,CH4 ,10PPBC, 6, 8,9999, 187, 190, 189, 190, 189, 189, 190, 195, 198, 196, 192, 191, 192, 193, 193, 190, 189, 191, 194, 192, 191, 191, 190
2010,14209010,209,CH4 ,10PPBC, 6, 9,9999, 191, 190, 189, 189, 189, 190, 190, 190, 189, 190, 193, 193,9999,9999, 191, 191, 192, 192, 193, 201, 193, 191, 193
2010,14209010,209,CH4 ,10PPBC, 6,10,9999, 192, 192, 191, 191, 191, 188, 189, 191, 192, 191, 191, 190, 190, 189, 190, 189, 188, 189, 188, 188, 190, 191, 191
2010,14209010,209,CH4 ,10PPBC, 6,11,9999, 192, 191, 190, 192, 203, 203, 200, 193, 192, 192, 192, 191, 189, 189, 187, 188, 187, 186, 186, 186, 186, 187, 188
2010,14209010,209,CH4 ,10PPBC, 6,12,9999, 188, 189, 188, 188, 189, 189, 188, 189, 189, 188, 187, 186, 186, 186, 185, 185, 185, 185, 185, 185, 186, 186, 186
2010,14209010,209,CH4 ,10PPBC, 6,13,9999, 186, 188, 187, 187, 188, 188, 187, 186, 185, 185, 185, 185, 185, 185, 184, 185, 185, 186, 186, 186, 186, 186, 185
2010,14209010,209,CH4 ,10PPBC, 6,14,9999, 185, 185, 186, 185, 185, 185, 186, 186, 187, 187, 188, 189, 189, 187, 186, 187, 187, 187, 186, 187, 187, 187, 188
2010,14209010,209,CH4 ,10PPBC, 6,15,9999, 192, 189, 190, 189, 191, 188, 187, 187, 188, 188, 187, 187, 187, 187, 187, 188, 189, 190, 190, 189, 186, 186, 188
2010,14209010,209,CH4 ,10PPBC, 6,16,9999, 190, 190, 190, 188, 187, 185, 178, 183, 190, 185, 180, 179, 180, 182, 184, 187, 188, 188, 187, 187, 186, 187, 187
2010,14209010,209,CH4 ,10PPBC, 6,17,9999, 186, 185, 187, 189, 190, 190, 190, 190, 190, 189, 191, 189, 189, 191, 191, 188, 190, 188, 187, 188, 189, 193, 192
2010,14209010,209,CH4 ,10PPBC, 6,18,9999, 191, 192, 192, 195, 197, 196, 196, 195, 193, 192, 192, 191, 191, 181, 178, 181, 183, 184, 185, 187, 189, 189, 188
2010,14209010,209,CH4 ,10PPBC, 6,19,9999, 188, 189, 188, 189, 187, 187, 189, 189, 189, 189, 188, 187, 185, 183, 184, 184, 185, 187, 187, 192, 197, 195, 194
2010,14209010,209,CH4 ,10PPBC, 6,20,9999, 192, 191, 193, 194, 194, 193, 193, 192, 189, 185, 180, 181, 181, 181, 183, 183, 182, 182, 181, 181, 181, 180, 180
2010,14209010,209,CH4 ,10PPBC, 6,21,9999, 181, 181, 180, 179, 180, 181, 182, 182, 185, 186, 185, 179, 179, 180, 179, 179, 180, 182, 184, 185, 186, 185, 185
2010,14209010,209,CH4 ,10PPBC, 6,22,9999, 184, 186, 188, 191, 192, 194, 196, 193, 194, 193, 192, 195, 195, 194, 191, 183, 181, 181, 181, 181, 184, 185, 185
2010,14209010,209,CH4 ,10PPBC, 6,23,9999, 184, 184, 185, 186, 186, 183, 180, 178, 177,9999, 177, 177, 181, 187, 187, 187, 186, 188, 187, 185, 185, 184, 184
2010,14209010,209,CH4 ,10PPBC, 6,24,9999, 188, 188, 189, 190, 190, 190, 190, 190, 190, 190, 190, 189, 189, 190, 192, 198, 198, 199, 200, 198, 196, 197, 192
2010,14209010,209,CH4 ,10PPBC, 6,25,9999, 190, 190, 190, 190, 190, 190, 191, 190, 190, 190, 191, 191, 191, 192, 193, 188, 187, 188, 191, 192, 194, 196, 195
2010,14209010,209,CH4 ,10PPBC, 6,26,9999, 192, 191, 193, 194, 190, 191, 190, 193, 193, 185, 182, 180, 180, 180, 180, 180, 179, 179, 180, 180, 180, 180, 179
2010,14209010,209,CH4 ,10PPBC, 6,27,9999, 178, 179, 179, 179, 179, 179, 189, 192, 186, 180, 179, 178, 178, 178, 177, 178, 178, 178, 179, 181, 189, 192, 192
2010,14209010,209,CH4 ,10PPBC, 6,28,9999, 192, 198, 195, 190, 187, 187, 187, 188, 190, 190, 192, 191, 189, 187, 189, 193, 189, 184, 183, 185, 189, 192, 193
2010,14209010,209,CH4 ,10PPBC, 6,29,9999, 191, 189, 192, 191, 192, 191, 190, 192, 195, 200, 215, 211, 201, 197, 193, 190, 189, 188, 189, 188, 186, 187, 187
2010,14209010,209,CH4 ,10PPBC, 6,30,9999, 184, 183, 183, 185, 183, 183, 184, 183, 183, 183, 184, 182, 181, 184, 185, 185, 186, 186, 185, 185, 186, 185, 186
2010,14209010,209,CH4 ,10PPBC, 6,31,9998,9998,9998,9998,9998,9998,9998,9998,9998,9998,9998,9998,9998,9998,9998,9998,9998,9998,9998,9998,9998,9998,9998,9998
2010,14209010,209,CH4 ,10PPBC, 7, 1,9999, 186, 187, 189, 190, 191, 189, 194, 200, 199, 197, 193, 190, 183, 181, 180, 179, 179, 179, 180, 183, 183, 184, 187
2010,14209010,209,CH4 ,10PPBC, 7, 2,9999, 186, 187, 185, 185, 186, 189, 188, 186, 187, 188, 187, 185, 183, 181, 180, 180, 180, 181, 182, 182, 189, 188, 189
2010,14209010,209,CH4 ,10PPBC, 7, 3,9999, 189, 190, 189, 189, 190, 190, 189, 188, 187, 189, 189, 188, 187, 183, 184, 183, 182, 182, 181, 181, 181, 183, 185
2010,14209010,209,CH4 ,10PPBC, 7, 4,9999, 184, 185, 189, 197, 193, 191, 189, 188, 188, 189, 190, 189, 188, 187, 187, 187, 187, 186, 187, 187, 189, 190, 191
2010,14209010,209,CH4 ,10PPBC, 7, 5,9999, 190, 191, 190, 191, 192, 197, 201, 203, 203, 200, 197, 190, 189, 188, 189, 189, 188, 189, 192, 191, 191, 192, 192
2010,14209010,209,CH4 ,10PPBC, 7, 6,9999, 192, 192, 191, 193, 194, 194, 192, 191, 193, 194, 193, 192, 193, 190, 189, 189, 191, 193, 196, 198, 197, 198, 198
2010,14209010,209,CH4 ,10PPBC, 7, 7,9999, 199, 197, 196, 196, 197, 194, 195, 194, 193, 194, 196, 196, 198, 197, 197, 193, 191, 189, 190, 190, 188, 188, 194
2010,14209010,209,CH4 ,10PPBC, 7, 8,9999, 193, 193, 194, 192, 190, 190, 191, 190,9999, 193, 185, 185, 187, 188, 190, 190, 191, 190, 188, 189, 192, 188, 189
2010,14209010,209,CH4 ,10PPBC, 7, 9,9999, 185, 188, 188, 192, 194, 193, 191, 190, 190, 195, 193, 188, 187, 183, 182, 182, 182, 181, 180, 179, 180, 178, 178
2010,14209010,209,CH4 ,10PPBC, 7,10,9999, 182, 183, 182, 182, 183, 182, 182, 182, 184, 185, 184, 184, 184, 184, 185, 186, 187, 189, 190, 191, 191, 190, 191
2010,14209010,209,CH4 ,10PPBC, 7,11,9999, 195, 195, 194, 193, 191, 192, 193, 193, 191, 191, 192, 188, 186, 182, 181, 180, 177, 178, 177, 177, 176, 177, 176
2010,14209010,209,CH4 ,10PPBC, 7,12,9999, 175, 176, 175, 176, 175, 175, 175, 175, 175, 176, 175, 175, 175, 176, 176, 175, 176, 177, 177, 177, 177, 178, 179
2010,14209010,209,CH4 ,10PPBC, 7,13,9999, 178, 181, 187, 189, 194, 196, 197, 198, 191, 191, 191, 191, 191, 191, 191, 190, 190, 191, 192, 192, 192, 193, 192
2010,14209010,209,CH4 ,10PPBC, 7,14,9999, 194, 195, 195, 194, 193, 195, 195, 186, 179, 176, 176, 176, 176, 176, 176, 176, 176, 177, 177, 178, 178, 179, 178
2010,14209010,209,CH4 ,10PPBC, 7,15,9999, 179, 178, 178, 178, 178, 178, 186, 184, 177, 177, 177, 177, 178, 177, 176, 177, 177, 177, 178, 178, 179, 179, 179
2010,14209010,209,CH4 ,10PPBC, 7,16,9999, 179, 181, 182, 182, 185, 187, 188, 185, 182, 177, 177, 177, 177, 177, 177, 177, 178, 178, 179, 180, 180, 182, 184
2010,14209010,209,CH4 ,10PPBC, 7,17,9999, 185, 186, 185, 181, 182, 181, 181,9999,9999,9999,9999,9999,9999,9999,9999,9999,9999,9999,9999,9999,9999,9999,9999
2010,14209010,209,CH4 ,10PPBC, 7,18,9999,9999,9999,9999,9999,9999,9999,9999,9999,9999,9999,9999,9999,9999,9999,9999,9999,9999,9999,9999,9999,9999,9999,9999
2010,14209010,209,CH4 ,10PPBC, 7,19,9999,9999,9999,9999,9999,9999,9999,9999,9999,9999,9999,9999,9999,9999,9999,9999,9999,9999,9999,9999,9999,9999,9999,9999
2010,14209010,209,CH4 ,10PPBC, 7,20,9999,9999,9999,9999,9999,9999,9999,9999,9999,9999,9999,9999,9999,9999,9999,9999,9999,9999,9999,9999,9999,9999,9999,9999
2010,14209010,209,CH4 ,10PPBC, 7,21,9999,9999,9999,9999,9999,9999,9999,9999,9999,9999,9999, 170, 184, 187, 188, 188, 188, 184, 180, 180, 182, 182, 183, 185
2010,14209010,209,CH4 ,10PPBC, 7,22,9999, 186, 187, 186, 188, 189, 186, 188, 187, 189, 189, 188, 186, 181, 181, 180, 180, 179, 179, 178, 178, 180, 181, 182
2010,14209010,209,CH4 ,10PPBC, 7,23,9999, 182, 184, 184, 185, 186, 186, 186, 186, 186,9999, 182, 182, 187, 188, 187, 186, 182, 180, 179, 180, 180, 179, 179
2010,14209010,209,CH4 ,10PPBC, 7,24,9999, 188, 188, 187, 187, 186, 187, 186, 185, 185, 185, 185, 185, 186, 186, 184, 183, 181, 180, 184, 184, 183, 182, 182
2010,14209010,209,CH4 ,10PPBC, 7,25,9999, 179, 180, 181, 181, 180, 180, 179, 181, 181, 181, 181, 181, 180, 179, 179, 179, 180, 180, 180, 180, 182, 185, 183
2010,14209010,209,CH4 ,10PPBC, 7,26,9999, 179, 179, 179, 181, 182, 181, 181, 182, 182, 183, 183, 181, 179, 179, 178, 179, 179, 180, 180, 179, 180, 182, 182
2010,14209010,209,CH4 ,10PPBC, 7,27,9999, 183, 183, 183, 183, 183, 182, 180, 181, 181, 179, 177, 177, 177, 178, 178, 178, 177, 178, 178, 178, 179, 180, 181
2010,14209010,209,CH4 ,10PPBC, 7,28,9999, 181, 181, 185, 185, 181, 183, 180, 180, 178, 178, 178, 178, 178, 178, 178, 178, 178, 178, 179, 179, 180, 180, 180
2010,14209010,209,CH4 ,10PPBC, 7,29,9999, 180, 180, 181, 181, 180, 180, 180, 180, 180, 180, 178, 177, 177, 177, 177, 177, 177, 177, 177, 177, 177, 176, 176
2010,14209010,209,CH4 ,10PPBC, 7,30,9999, 178, 177, 178, 178, 178, 178, 178, 178, 178, 178, 177, 177, 177, 178, 178, 178, 178, 179, 180, 181, 181, 183, 187
2010,14209010,209,CH4 ,10PPBC, 7,31,9999, 185, 184, 184, 187, 187, 189, 189, 183, 183, 184, 184, 182, 181, 181, 182, 182, 182, 183, 184, 186, 186, 190, 184
2010,14209010,209,CH4 ,10PPBC, 8, 1,9999, 185, 184, 188, 186, 184, 183, 190, 192, 189, 187, 187, 184, 183, 184, 184, 185, 184, 183, 183, 181, 180, 180, 180
2010,14209010,209,CH4 ,10PPBC, 8, 2,9999, 180, 182, 183, 182, 181, 179, 178, 178, 177, 178, 178, 177, 177, 176,9999, 180, 176, 176, 177, 178, 178, 178, 178
2010,14209010,209,CH4 ,10PPBC, 8, 3,9999, 176, 176, 176, 176, 177, 177, 178, 177, 177, 177, 177, 176, 176, 176, 176, 176, 176, 176, 176, 177, 177, 177, 177
2010,14209010,209,CH4 ,10PPBC, 8, 4,9999, 177, 177, 178, 179, 180, 180, 178, 178, 177, 177, 177, 176, 176, 176, 176, 175, 176, 176, 177, 177, 178, 178, 178
2010,14209010,209,CH4 ,10PPBC, 8, 5,9999, 178, 179, 179, 179, 179, 179, 179, 177, 177, 176, 176, 176, 176, 176, 176, 176, 176, 176, 178, 178, 178, 178, 178
2010,14209010,209,CH4 ,10PPBC, 8, 6,9999, 177, 177, 178, 180, 181, 181, 181, 179, 177, 177, 176, 176, 176, 176, 176, 176, 177, 177, 179, 179, 179, 179, 179
2010,14209010,209,CH4 ,10PPBC, 8, 7,9999, 180, 181, 182, 181, 181, 179, 179, 179, 181, 181, 181, 181, 181, 181, 181, 180, 179, 179, 178, 179, 180, 182, 184
2010,14209010,209,CH4 ,10PPBC, 8, 8,9999, 183, 183, 183, 183, 183, 184, 182, 182, 180, 181, 181, 179, 178, 178, 177, 177, 177, 177, 178, 178, 178, 177, 176
2010,14209010,209,CH4 ,10PPBC, 8, 9,9999, 176, 176, 177, 178, 177, 177, 178, 177,9999, 180, 179, 177, 176, 176, 176, 176, 176, 176, 176, 176, 176, 176, 177
2010,14209010,209,CH4 ,10PPBC, 8,10,9999, 177, 177, 177, 178, 178, 177, 180, 179, 178, 177, 175, 175, 175, 175, 175, 175, 175, 176, 177, 176, 177, 177, 177
2010,14209010,209,CH4 ,10PPBC, 8,11,9999, 175, 175, 175, 175, 176, 176, 176, 175, 175, 175, 174, 174, 174, 174, 174, 174, 174, 174, 174, 174, 174, 174, 174
2010,14209010,209,CH4 ,10PPBC, 8,12,9999, 175, 175, 175, 175, 175, 175, 175, 175, 175, 175, 176, 177, 178, 178, 178, 178, 178, 178, 178, 180, 181, 183, 185
2010,14209010,209,CH4 ,10PPBC, 8,13,9999, 187, 183, 183, 182, 183, 182, 183, 184, 187, 186, 186, 191, 196, 188, 187, 186, 186, 187, 188, 188, 189, 188, 189
2010,14209010,209,CH4 ,10PPBC, 8,14,9999, 190, 191, 191, 190, 190, 191, 193, 194, 192, 188, 184, 181, 179, 180, 180, 180, 181, 180, 181, 182, 182, 183, 189
2010,14209010,209,CH4 ,10PPBC, 8,15,9999, 194, 195, 192, 191, 190, 190, 186, 185, 186, 186, 183, 181, 180, 181, 181, 181, 181, 181, 180, 182, 182, 181, 183
2010,14209010,209,CH4 ,10PPBC, 8,16,9999, 192, 194, 195, 192, 186, 186, 188, 185, 185, 188, 186, 186, 185, 184, 183, 183, 183, 184, 185, 186, 187, 185, 186
2010,14209010,209,CH4 ,10PPBC, 8,17,9999, 186, 186, 190, 191, 190, 189, 189, 191, 192, 188, 187, 186, 185, 184, 182, 189, 188, 182, 179, 179, 180, 184, 185
2010,14209010,209,CH4 ,10PPBC, 8,18,9999, 185, 183, 183, 184, 184, 184, 183, 183, 185, 186, 185, 184, 183, 185, 182, 180, 181, 184, 184, 183, 183, 184, 184
2010,14209010,209,CH4 ,10PPBC, 8,19,9999, 184, 183, 183, 184, 185, 185, 185, 186, 186, 185, 185, 185, 185, 184, 185, 186, 186, 185, 185, 185, 186, 190, 188
2010,14209010,209,CH4 ,10PPBC, 8,20,9999, 188, 189, 190, 192, 193, 193, 193, 191, 191, 191, 190, 189, 189, 189, 189, 191, 189, 190, 188, 187, 187, 187, 186
2010,14209010,209,CH4 ,10PPBC, 8,21,9999, 187, 189, 189, 191, 191, 191, 192, 192, 192, 191, 191, 191, 191, 190, 187, 186, 185, 186, 186, 185, 186, 187, 187
2010,14209010,209,CH4 ,10PPBC, 8,22,9999, 189, 190, 190, 190, 190, 188, 188, 188, 187, 185, 184, 183, 183, 183, 183, 182, 183, 183, 183, 184, 185, 185, 186
2010,14209010,209,CH4 ,10PPBC, 8,23,9999, 187, 189, 186, 186, 185, 185, 188, 188, 187, 186, 184, 183, 182, 182, 181, 182, 182, 182, 183, 184, 184, 184, 184
2010,14209010,209,CH4 ,10PPBC, 8,24,9999, 185, 184, 183, 184, 183, 183, 183, 183, 183, 182, 182, 181, 181, 181, 181, 181, 182, 182, 183, 182, 184, 183, 183
2010,14209010,209,CH4 ,10PPBC, 8,25,9999, 184, 185, 185, 186, 185, 186, 185, 185, 185, 183, 182, 181, 181, 181, 181, 181, 181, 181, 183, 184, 185, 184, 186
2010,14209010,209,CH4 ,10PPBC, 8,26,9999, 186, 184, 182, 185, 184, 184, 183, 185,9999, 185, 182, 181, 180, 181, 181, 181, 182, 183, 183, 184, 185, 185, 186
2010,14209010,209,CH4 ,10PPBC, 8,27,9999, 185, 188, 190, 190, 191, 193, 193, 192, 189, 188, 186, 185, 183, 182, 180, 178, 176, 176, 176, 178, 179, 181, 181
2010,14209010,209,CH4 ,10PPBC, 8,28,9999, 182, 182, 186, 188, 190, 189, 186, 186, 183, 183, 183, 179, 177, 176, 177, 177, 178, 177, 178, 179, 181, 182, 183
2010,14209010,209,CH4 ,10PPBC, 8,29,9999, 188, 188, 187, 186, 183, 180, 180, 179, 179, 180, 180, 179, 178, 178, 177, 177, 177, 178, 179, 179, 183, 188, 188
2010,14209010,209,CH4 ,10PPBC, 8,30,9999, 189, 188, 189, 190, 191, 191, 192, 186, 186, 186, 185, 186, 189, 191, 189, 184, 181, 178, 179, 179, 180, 183, 189
2010,14209010,209,CH4 ,10PPBC, 8,31,9999, 190, 189, 188, 187, 187, 186, 188, 188, 188, 187, 188, 191, 186, 182, 179, 178, 178, 182, 183, 181, 178, 178, 180
2010,14209010,209,CH4 ,10PPBC, 9, 1,9999, 180, 182, 184, 184, 184, 184, 186, 181, 180, 179, 180, 180, 177, 178, 178, 178, 178, 179, 179, 182, 182, 182, 181
2010,14209010,209,CH4 ,10PPBC, 9, 2,9999, 183, 182, 182, 181, 182, 183, 183, 182, 182, 183, 183, 183, 183, 182, 182, 181, 182, 181, 182, 182, 183, 183, 184
2010,14209010,209,CH4 ,10PPBC, 9, 3,9999, 185, 186, 186, 187, 189, 189, 184, 184, 184, 184, 183, 183, 182, 182, 182, 182, 182, 183, 183, 185, 188, 191, 187
2010,14209010,209,CH4 ,10PPBC, 9, 4,9999, 184, 184, 184, 184, 187, 185, 184, 182, 182, 183, 182, 182, 182, 185, 184, 183, 181, 182, 182, 181, 181, 181, 183
2010,14209010,209,CH4 ,10PPBC, 9, 5,9999, 183, 187, 191, 191, 195, 198, 190, 183, 183, 184, 182, 181, 181, 180, 180, 179, 179, 180, 180, 182, 182, 183, 183
2010,14209010,209,CH4 ,10PPBC, 9, 6,9999, 182, 181, 182, 185, 192, 190, 183, 181, 179, 178, 178, 176, 176, 175, 174, 175, 175, 176, 176, 176, 176, 176, 176
2010,14209010,209,CH4 ,10PPBC, 9, 7,9999, 177, 176, 177, 177, 179, 181, 181, 179, 178, 177, 177, 177, 177, 177, 176, 176, 177, 176, 177, 177, 177, 181, 182
2010,14209010,209,CH4 ,10PPBC, 9, 8,9999, 181, 181, 182, 183, 184, 187, 187, 188, 190, 190, 189, 187, 186, 186, 185, 183, 183, 183, 183, 182, 182, 181, 183
2010,14209010,209,CH4 ,10PPBC, 9, 9,9999, 184, 186, 187, 187, 187, 187, 187, 188, 187, 187, 187,9999,9999, 186, 185, 186, 190, 193, 192, 193, 196, 192, 193
2010,14209010,209,CH4 ,10PPBC, 9,10,9999, 193, 192, 192, 191, 192, 195, 196, 194, 194, 195, 194, 191, 190, 189, 189, 189, 188, 187, 187, 187, 188, 188, 189
2010,14209010,209,CH4 ,10PPBC, 9,11,9999, 190, 191, 192, 193, 194, 190, 193, 193, 192, 192, 190, 189, 188, 186, 185, 185, 185, 186, 187, 187, 188, 192, 190
2010,14209010,209,CH4 ,10PPBC, 9,12,9999, 188, 189, 189, 187, 187, 189, 191, 194, 195, 194, 199, 202, 193, 188, 188, 191, 191, 190, 188, 186, 186, 184, 183
2010,14209010,209,CH4 ,10PPBC, 9,13,9999, 184, 185, 185, 187, 188, 188, 188, 190, 190, 186, 185, 183, 184, 184, 184, 183, 183, 184, 185, 187, 189, 191, 189
2010,14209010,209,CH4 ,10PPBC, 9,14,9999, 186, 185, 186, 186, 186, 187, 187, 190, 190, 190, 190, 188, 188, 187, 187, 187, 187, 186, 186, 189, 190, 189, 188
2010,14209010,209,CH4 ,10PPBC, 9,15,9999, 188, 188, 188, 189, 188, 188, 188, 187, 188, 188, 189, 188, 189, 189, 189, 189, 189, 189, 189, 190, 190, 191, 191
2010,14209010,209,CH4 ,10PPBC, 9,16,9999, 189, 188, 187, 186, 188, 190, 189, 190, 187, 187, 186, 186, 187, 187, 187, 186, 187, 187, 188, 187, 188, 190, 189
2010,14209010,209,CH4 ,10PPBC, 9,17,9999, 189, 187, 187, 187, 187, 187, 187, 186, 186, 187, 186, 186, 186, 187, 187, 188, 188, 188, 189, 190, 193, 192, 193
2010,14209010,209,CH4 ,10PPBC, 9,18,9999, 190, 190, 191, 188, 187, 188, 189, 187, 188, 188, 187, 187, 187, 188, 189, 188, 188, 188, 188, 188, 188, 188, 188
2010,14209010,209,CH4 ,10PPBC, 9,19,9999, 187, 188, 190, 190, 191, 193, 192, 191, 190, 189, 188, 188, 186, 185, 185, 185, 185, 185, 185, 186, 187, 188, 188
2010,14209010,209,CH4 ,10PPBC, 9,20,9999, 188, 190, 191, 195, 194, 194, 195, 194, 192, 195, 192, 190, 192, 193, 193, 195, 194, 192, 193, 192, 193, 194, 194
2010,14209010,209,CH4 ,10PPBC, 9,21,9999, 193, 195, 193, 193, 193, 194, 190, 189, 189, 189, 189, 189, 190, 192, 191, 191, 190, 191, 193, 194, 195, 193, 192
2010,14209010,209,CH4 ,10PPBC, 9,22,9999, 189, 188, 188, 189, 188, 192, 189, 188, 190, 190, 189, 186, 184, 184, 184, 183, 183, 184, 185, 191, 191, 190, 190
2010,14209010,209,CH4 ,10PPBC, 9,23,9999, 189, 189, 189, 189, 189, 190, 189, 189, 189, 190, 190, 190, 190, 190, 190, 189, 189, 189, 190, 191, 190, 190, 189
2010,14209010,209,CH4 ,10PPBC, 9,24,9999, 187, 188, 188, 189, 192, 192, 191, 190,9999, 190, 191, 191, 191,9999, 189, 190, 190, 191, 191, 190, 190, 190, 190
2010,14209010,209,CH4 ,10PPBC, 9,25,9999, 188, 188, 188, 188, 187, 188, 187, 188, 189, 188, 187, 188, 188, 188, 188, 189, 189, 190, 192, 192, 193, 192, 190
2010,14209010,209,CH4 ,10PPBC, 9,26,9999, 189, 189, 188, 188, 189, 189, 191, 191, 194, 192, 190, 190, 190, 191, 193, 194, 191, 191, 193, 193, 194, 191, 192
2010,14209010,209,CH4 ,10PPBC, 9,27,9999, 191, 190, 190, 191, 189, 190, 188, 188, 187, 187, 185, 185, 185, 185, 184, 187, 188, 187, 187, 188, 189, 187, 187
2010,14209010,209,CH4 ,10PPBC, 9,28,9999, 188, 188, 188, 188, 190, 190, 192, 194, 191, 192, 191, 191, 189, 189, 188, 188, 191, 191, 194, 191, 189, 195, 193
2010,14209010,209,CH4 ,10PPBC, 9,29,9999, 193, 192, 188, 189, 190, 191, 191, 191, 191, 191, 191, 190, 191, 191, 193, 194, 194, 193, 193, 193, 194, 196, 196
2010,14209010,209,CH4 ,10PPBC, 9,30,9999, 194, 193, 193, 195, 194, 195, 194, 193, 195, 194, 195, 195, 194, 192, 192, 192, 192, 192, 194, 194, 193, 193, 192
2010,14209010,209,CH4 ,10PPBC, 9,31,9998,9998,9998,9998,9998,9998,9998,9998,9998,9998,9998,9998,9998,9998,9998,9998,9998,9998,9998,9998,9998,9998,9998,9998
2010,14209010,209,CH4 ,10PPBC,10, 1,9999, 191, 191, 192, 192, 190, 191, 193, 193, 193, 194, 193, 193, 191, 191, 191, 191, 192, 192, 192, 192, 191, 192, 194
2010,14209010,209,CH4 ,10PPBC,10, 2,9999, 193, 193, 193, 193, 193, 192, 192, 190, 190, 190, 189, 189, 188, 188, 189, 188, 190, 190, 190, 191, 193, 193, 194
2010,14209010,209,CH4 ,10PPBC,10, 3,9999, 192, 191, 191, 192, 193, 193, 191, 188, 188, 188, 188, 188, 188, 188, 188, 189, 191, 195, 192, 191, 192, 192, 192
2010,14209010,209,CH4 ,10PPBC,10, 4,9999, 192, 192, 193, 192, 193, 193, 193, 192, 192, 195, 198, 195, 195, 193, 191, 193, 195, 194, 194, 194, 194, 193, 194
2010,14209010,209,CH4 ,10PPBC,10, 5,9999, 193, 194, 196, 196, 190, 190, 191, 191, 190, 192, 193, 191, 194, 193, 191, 191, 192, 193, 194, 195, 195, 194, 195
2010,14209010,209,CH4 ,10PPBC,10, 6,9999, 194, 194, 193, 195, 194, 194, 194, 191, 191, 190, 190, 190, 191, 190, 190, 191, 191, 192, 193, 193, 194, 195, 194
2010,14209010,209,CH4 ,10PPBC,10, 7,9999, 195, 193, 192, 192, 194, 193, 194, 191, 191, 191, 191, 190, 189, 190, 189, 190, 191, 191, 192, 193, 193, 192, 192
2010,14209010,209,CH4 ,10PPBC,10, 8,9999, 191, 191, 191, 192, 191, 191, 191, 190,9999,9999, 192, 191, 191, 190, 190, 190, 190, 191, 191, 192, 192, 191, 191
2010,14209010,209,CH4 ,10PPBC,10, 9,9999, 192, 191, 189, 189, 188, 189, 189, 189, 189, 189, 188, 187, 188, 188, 188, 188, 189, 189, 188, 189, 189, 188, 188
2010,14209010,209,CH4 ,10PPBC,10,10,9999, 189, 188, 188, 189, 189, 189, 189, 188, 188, 187, 187, 186, 186, 186, 186, 188, 189, 191, 190, 191, 192, 189, 188
2010,14209010,209,CH4 ,10PPBC,10,11,9999, 189, 186, 186, 185, 186, 186, 186, 186, 187, 187, 187, 187, 187, 187, 188, 190, 190, 190, 192, 192, 193, 193, 192
2010,14209010,209,CH4 ,10PPBC,10,12,9999, 188, 188, 189, 190, 189, 190, 191, 193, 197, 199, 195, 192, 191, 192, 191, 191, 188, 189, 189, 190, 191, 194, 200
2010,14209010,209,CH4 ,10PPBC,10,13,9999, 204, 196, 195, 195, 194, 195, 195, 196, 193, 191, 191, 190, 190, 190, 193, 193, 195, 195, 194, 197, 199, 197, 195
2010,14209010,209,CH4 ,10PPBC,10,14,9999, 193, 192, 189, 190, 190, 190, 191, 191, 190, 190, 190, 191, 190, 190, 189, 190, 191, 193, 192, 192, 192, 193, 194
2010,14209010,209,CH4 ,10PPBC,10,15,9999, 190, 189, 190, 189, 189, 191, 193, 191, 189, 189, 189, 189, 189, 190, 191, 190, 191, 192, 193, 193, 196, 196, 196
2010,14209010,209,CH4 ,10PPBC,10,16,9999, 193, 191, 191, 191, 192, 193, 193, 193, 192, 190, 189, 189, 189, 191, 194, 192, 192, 192, 194, 196, 196, 195, 193
2010,14209010,209,CH4 ,10PPBC,10,17,9999, 189, 192, 193, 192, 191, 191, 190, 190, 189, 189, 188, 189, 189, 189, 189, 189, 190, 191, 192, 192, 191, 190, 190
2010,14209010,209,CH4 ,10PPBC,10,18,9999, 189, 190, 189, 189, 191, 194, 196, 195, 192, 190, 190, 192, 191, 190, 191, 192, 191, 192, 196, 193, 192, 193, 192
2010,14209010,209,CH4 ,10PPBC,10,19,9999, 191, 190, 189, 188, 189, 190, 190, 189, 190, 189, 189, 189, 190, 190, 190, 190, 190, 191, 192, 191, 192, 191, 191
2010,14209010,209,CH4 ,10PPBC,10,20,9999, 188, 188, 188, 191, 194, 195, 193, 190, 189, 189, 189, 189, 189, 190, 190, 190, 191, 191, 192, 190, 190, 189, 194
2010,14209010,209,CH4 ,10PPBC,10,21,9999, 192, 192, 190, 189, 189, 189, 190, 190, 192, 191, 190, 189, 189, 188, 188, 188, 190, 189, 189, 189, 190, 190, 190
2010,14209010,209,CH4 ,10PPBC,10,22,9999, 190, 191, 191, 191, 191, 192, 191, 191, 190, 190, 190, 190, 189, 189, 190, 190, 190, 190, 190, 190, 190, 191, 191
2010,14209010,209,CH4 ,10PPBC,10,23,9999, 190, 191, 190, 190, 191, 191, 190, 190, 189, 189, 189, 189, 189, 189, 189, 190, 190, 192, 192, 192, 191, 191, 190
2010,14209010,209,CH4 ,10PPBC,10,24,9999, 189, 189, 189, 190, 190, 190, 191, 191, 192, 192, 191, 191, 192, 191, 191, 190, 192, 194, 195, 195, 193, 191, 191
2010,14209010,209,CH4 ,10PPBC,10,25,9999, 190, 190, 188, 189, 191, 192, 192, 189, 189, 190, 191, 191,9999, 190, 190, 189, 190, 192, 193, 194, 195, 195, 191
2010,14209010,209,CH4 ,10PPBC,10,26,9999, 188, 189, 188, 188, 190, 190, 192, 194, 195, 197, 193, 190, 190, 191, 192, 191, 192, 192, 193, 192, 192, 192, 192
2010,14209010,209,CH4 ,10PPBC,10,27,9999, 190, 191, 190, 190, 190, 191, 191, 191, 191, 191, 190, 190, 190, 190, 190, 191, 192, 193, 195, 194, 194, 196, 197
2010,14209010,209,CH4 ,10PPBC,10,28,9999, 192, 192, 191, 191, 190, 191, 191, 191, 190, 191, 189, 189, 189, 189, 189, 188, 189, 189, 190, 190, 190, 191, 191
2010,14209010,209,CH4 ,10PPBC,10,29,9999, 192, 192, 194, 194, 195, 195, 196, 196, 194, 192, 192, 191, 191, 191, 191, 192, 192, 192, 193, 193, 194, 194, 192
2010,14209010,209,CH4 ,10PPBC,10,30,9999, 189, 189, 189, 189, 188, 188, 188, 189, 189, 189, 189, 188, 188, 188, 188, 187, 187, 187, 187, 187, 187, 187, 187
2010,14209010,209,CH4 ,10PPBC,10,31,9999, 187, 187, 187, 188, 186, 188, 188, 188, 186, 186, 187, 187, 187, 187, 187, 188, 189, 189, 189, 189, 189, 189, 190
2010,14209010,209,CH4 ,10PPBC,11, 1,9999, 190, 188, 188, 187, 187, 188, 188, 189, 187, 187, 186, 186, 187, 186, 186, 185, 187, 191, 192, 193, 192, 188, 190
2010,14209010,209,CH4 ,10PPBC,11, 2,9999, 191, 191, 190, 190, 190, 190, 190, 190, 189, 190, 191, 191, 189, 189, 189, 190, 191, 192, 194, 191, 190, 190, 190
2010,14209010,209,CH4 ,10PPBC,11, 3,9999, 195, 192, 191, 192, 192, 193, 194, 190, 192, 191, 191, 191, 191, 191, 191, 191, 191, 191, 191, 191, 192, 193, 196
2010,14209010,209,CH4 ,10PPBC,11, 4,9999, 193, 193, 191, 190, 191, 193, 195, 194, 193, 191, 190, 190, 191, 191, 192, 192, 195, 196, 194, 192, 191, 191, 192
2010,14209010,209,CH4 ,10PPBC,11, 5,9999, 189, 189, 189, 189, 189, 189, 189, 190, 189, 189, 189, 188, 189, 189, 190, 191, 191, 192, 191, 190, 189, 191, 191
2010,14209010,209,CH4 ,10PPBC,11, 6,9999, 190, 190, 189, 189, 189, 189, 189, 189, 191, 190, 190, 190, 190, 189, 194, 195, 194, 196, 196, 192, 190, 189, 189
2010,14209010,209,CH4 ,10PPBC,11, 7,9999, 188, 188, 188, 188, 188, 188, 188, 188, 188, 188, 190, 190, 190, 190, 190, 190, 191, 191, 189, 189, 190, 189, 188
2010,14209010,209,CH4 ,10PPBC,11, 8,9999, 188, 188, 188, 188, 188, 188, 188, 187, 189, 191, 194, 195, 193, 192, 191, 190, 191, 196, 196, 196, 195, 194, 194
2010,14209010,209,CH4 ,10PPBC,11, 9,9999, 193, 192, 191, 194, 195, 196, 195, 192, 189,9999, 189, 188, 188, 188, 189, 191, 192, 192, 193, 193, 194, 194, 195
2010,14209010,209,CH4 ,10PPBC,11,10,9999, 196, 196, 195, 195, 196, 195, 195, 194, 194, 195, 196, 193, 191, 191, 191, 191, 193, 191, 192, 194, 196, 194, 193
2010,14209010,209,CH4 ,10PPBC,11,11,9999, 192, 190, 194, 190, 190, 190, 191, 191, 191, 191, 191, 191, 191, 191, 192, 192, 194, 197, 198, 196, 195, 192, 192
2010,14209010,209,CH4 ,10PPBC,11,12,9999, 192, 193, 195, 195, 195, 192, 192, 192, 193, 195, 194, 194, 192, 191, 190, 190, 191, 195, 195, 197, 199, 194, 192
2010,14209010,209,CH4 ,10PPBC,11,13,9999, 192, 191, 189, 189, 190, 190, 190, 189, 190, 190, 191, 191, 192, 193, 194, 197, 200, 205, 203, 197, 197, 196, 194
2010,14209010,209,CH4 ,10PPBC,11,14,9999, 192, 192, 193, 194, 195, 195, 195, 194, 192, 191, 190, 190, 190, 192, 195, 193, 194, 196, 193, 191, 192, 193, 190
2010,14209010,209,CH4 ,10PPBC,11,15,9999, 187, 188, 188, 187, 187, 191, 190, 192, 193, 191, 190, 191, 192, 193, 192, 192, 191, 191, 191, 192, 193, 193, 194
2010,14209010,209,CH4 ,10PPBC,11,16,9999, 192, 193, 193, 194, 195, 194, 194, 195, 195, 194, 193, 191, 191, 191, 191, 192, 197, 198, 201, 198, 198, 197, 199
2010,14209010,209,CH4 ,10PPBC,11,17,9999, 195, 195, 194, 194, 194, 195, 196, 196, 195, 192, 191, 190, 190, 191, 191, 191, 191, 191, 192, 191, 191, 191, 192
2010,14209010,209,CH4 ,10PPBC,11,18,9999, 193, 192, 191, 190, 191, 193, 193, 191, 191, 190, 190, 189, 190, 189, 190, 191, 190, 191, 190, 190, 191, 191, 190
2010,14209010,209,CH4 ,10PPBC,11,19,9999, 189, 189, 189, 189, 189, 189, 189, 189, 191, 190, 190, 190, 189, 190, 190, 191, 196, 201, 195, 193, 192, 190, 190
2010,14209010,209,CH4 ,10PPBC,11,20,9999, 190, 195, 191, 191, 190, 190, 190, 190, 190, 190, 189, 189, 189, 189, 190, 192, 193, 194, 193, 192, 192, 192, 192
2010,14209010,209,CH4 ,10PPBC,11,21,9999, 190, 189, 189, 189, 189, 189, 190, 189, 191, 190, 190, 188, 188, 189, 189, 189, 192, 193, 192, 191, 190, 190, 189
2010,14209010,209,CH4 ,10PPBC,11,22,9999, 189, 189, 188, 188, 188, 188, 189, 191, 192, 191, 192, 192, 191, 192, 193, 192, 194, 195, 194, 196, 197, 196, 193
2010,14209010,209,CH4 ,10PPBC,11,23,9999, 191, 190, 189, 189, 187, 187, 187, 187, 188, 190, 191, 192, 192, 192, 193, 193, 194, 194, 194, 194, 195, 197, 197
2010,14209010,209,CH4 ,10PPBC,11,24,9999, 194, 193, 192, 192, 192, 193, 195, 195, 195,9999,9999, 193, 193, 193, 192, 193, 197, 197, 197, 200, 201, 200, 200
2010,14209010,209,CH4 ,10PPBC,11,25,9999, 195, 196, 197, 199, 199, 200, 203, 199, 197, 195, 194, 194, 194, 194, 195, 196, 196, 197, 196, 196, 196, 195, 196
2010,14209010,209,CH4 ,10PPBC,11,26,9999, 195, 194, 195, 196, 199, 196, 194, 195, 194, 193, 192, 191, 191, 190, 192, 192, 195, 205, 206, 201, 198, 195, 192
2010,14209010,209,CH4 ,10PPBC,11,27,9999, 191, 191, 191, 191, 191, 191, 191, 191, 192, 191, 191, 191, 190, 191, 195, 192, 191, 193, 195, 196, 199, 199, 198
2010,14209010,209,CH4 ,10PPBC,11,28,9999, 193, 195, 194, 192, 191, 191, 190, 190, 190, 190, 190, 190, 189, 192, 191, 192, 194, 195, 195, 194, 192, 192, 192
2010,14209010,209,CH4 ,10PPBC,11,29,9999, 202, 201, 199, 194, 192, 190, 190, 192, 191, 191, 191, 190, 189, 189, 190, 191, 193, 196, 200, 200, 202, 209, 215
2010,14209010,209,CH4 ,10PPBC,11,30,9999, 201, 195, 196, 196, 193, 193, 193, 195, 193, 193, 193, 192, 193, 194, 193, 193, 194, 194, 193, 196, 204, 197, 201
2010,14209010,209,CH4 ,10PPBC,11,31,9998,9998,9998,9998,9998,9998,9998,9998,9998,9998,9998,9998,9998,9998,9998,9998,9998,9998,9998,9998,9998,9998,9998,9998
2010,14209010,209,CH4 ,10PPBC,12, 1,9999, 194, 193, 194, 194, 192, 192, 193, 192, 193, 193, 192, 192, 191, 192, 192, 194, 200, 199, 196, 195, 195, 194, 192
2010,14209010,209,CH4 ,10PPBC,12, 2,9999, 191, 191, 191, 194, 192, 192, 192, 192, 192, 194, 192, 191, 192, 193, 193, 195, 197, 197, 195, 195, 193, 195, 196
2010,14209010,209,CH4 ,10PPBC,12, 3,9999, 200, 198, 198, 197, 198, 199, 198, 194, 186, 184, 185, 186, 187, 187, 186, 186, 186, 187, 188, 190, 191, 192, 192
2010,14209010,209,CH4 ,10PPBC,12, 4,9999, 192, 192, 192, 192, 192, 195, 196, 196, 195, 194, 193, 193, 192, 192, 193, 193, 193, 194, 194, 198, 198, 195, 196
2010,14209010,209,CH4 ,10PPBC,12, 5,9999, 192, 192, 191, 190, 190, 189, 190, 190, 192, 192, 191, 192, 191, 192, 193, 192, 193, 196, 196, 196, 194, 194, 194
2010,14209010,209,CH4 ,10PPBC,12, 6,9999, 193, 192, 192, 192, 191, 190, 190, 190, 190, 191, 192, 193, 193, 192, 192, 191, 194, 195, 197, 199, 198, 199, 195
2010,14209010,209,CH4 ,10PPBC,12, 7,9999, 192, 192, 193, 196, 195, 196, 196, 198, 197, 194, 193, 191, 191, 191, 191, 192, 192, 192, 192, 192, 191, 192, 191
2010,14209010,209,CH4 ,10PPBC,12, 8,9999, 192, 192, 192, 192, 192, 192, 193, 193, 192, 192, 192, 191, 192, 191, 192, 191, 191, 192, 192, 192, 192, 192, 193
2010,14209010,209,CH4 ,10PPBC,12, 9,9999, 192, 192, 193, 191, 191, 193, 195, 195, 192, 192, 192, 192, 192, 191, 191, 193, 196, 194, 195, 195, 195, 196, 198
2010,14209010,209,CH4 ,10PPBC,12,10,9999, 197, 193, 192, 193, 193, 195, 193, 196,9999,9999,9999,9999,9999,9999, 193, 194, 195, 195, 197, 198, 203, 201, 200
2010,14209010,209,CH4 ,10PPBC,12,11,9999, 197, 197, 196, 194, 192, 191, 192, 193, 195, 189, 188, 188, 187, 187, 187, 188, 193, 196, 191, 188, 189, 194, 192
2010,14209010,209,CH4 ,10PPBC,12,12,9999, 199, 192, 192, 191, 193, 194, 194, 193, 192, 192, 191, 191, 191, 191, 191, 192, 193, 195, 196, 197, 197, 194, 195
2010,14209010,209,CH4 ,10PPBC,12,13,9999, 192, 190, 190, 190, 190, 192, 191, 190, 191, 191, 191, 191, 191, 191, 190, 190, 190, 190, 191, 192, 193, 193, 191
2010,14209010,209,CH4 ,10PPBC,12,14,9999, 194, 193, 191, 190, 190, 192, 194, 194, 195, 198, 196, 194, 194, 193, 193, 194, 197, 198, 197, 199, 202, 201, 198
2010,14209010,209,CH4 ,10PPBC,12,15,9999, 192, 190, 191, 191, 193, 197, 196, 193, 192, 193, 193, 193, 194, 195, 196, 192, 192, 193, 193, 194, 195, 195, 195
2010,14209010,209,CH4 ,10PPBC,12,16,9999, 194, 194, 194, 194, 194, 195, 194, 194, 195, 196, 196, 197, 198, 197, 196, 196, 197, 198, 198, 199, 200, 199, 198
2010,14209010,209,CH4 ,10PPBC,12,17,9999, 200, 200, 197, 195, 195, 193, 193, 192, 195, 194, 192, 191, 192, 192, 192, 194, 198, 198, 201, 200, 200, 199, 195
2010,14209010,209,CH4 ,10PPBC,12,18,9999, 194, 196, 195, 192, 194, 193, 196, 196, 195, 195, 194, 194, 195, 194, 193, 192, 193, 194, 194, 196, 197, 197, 197
2010,14209010,209,CH4 ,10PPBC,12,19,9999, 195, 197, 197, 194, 194, 194, 195, 194, 193, 192, 192, 192, 192, 193, 193, 195, 198, 197, 199, 196, 195, 194, 195
2010,14209010,209,CH4 ,10PPBC,12,20,9999, 199, 195, 193, 192, 192, 193, 193, 194, 193, 192, 190, 189, 189, 189, 189, 191, 194, 192, 196, 195, 192, 191, 190
2010,14209010,209,CH4 ,10PPBC,12,21,9999, 190, 189, 188, 191, 190, 189, 189, 189, 193, 192, 193, 192, 191, 192, 192, 193, 194, 195, 193, 193, 192, 192, 192
2010,14209010,209,CH4 ,10PPBC,12,22,9999, 191, 192, 191, 190, 190, 190, 191, 190, 192, 191, 190, 187, 187, 190, 191, 190, 194, 196, 194, 197, 195, 195, 193
2010,14209010,209,CH4 ,10PPBC,12,23,9999, 194, 193, 194, 193, 193, 194, 195, 201, 192, 191, 190, 191, 190, 190, 191, 191, 192, 194, 197, 198, 195, 194, 193
2010,14209010,209,CH4 ,10PPBC,12,24,9999, 192, 192, 193, 193, 192, 193, 193, 193,9999, 192, 192, 192, 192, 192, 191, 192, 194, 195, 196, 196, 196, 196, 196
2010,14209010,209,CH4 ,10PPBC,12,25,9999, 197, 202, 201, 200, 199, 196, 195, 192, 190, 190, 190, 190, 190, 190, 190, 190, 189, 190, 190, 192, 191, 192, 193
2010,14209010,209,CH4 ,10PPBC,12,26,9999, 190, 190, 191, 191, 191, 191, 192, 192, 194, 191, 190, 190, 189, 190, 190, 190, 191, 192, 194, 195, 196, 198, 193
2010,14209010,209,CH4 ,10PPBC,12,27,9999, 193, 195, 195, 193, 198, 197, 197, 197, 196, 192, 192, 192, 192, 192, 191, 192, 193, 196, 194, 198, 194, 195, 193
2010,14209010,209,CH4 ,10PPBC,12,28,9999, 191, 191, 191, 191, 191, 191, 191, 192, 192, 194, 193, 192, 191, 190, 189, 190, 192, 190, 189, 189, 194, 198, 198
2010,14209010,209,CH4 ,10PPBC,12,29,9999, 197, 196, 200, 199, 198, 199, 197, 199, 194, 193, 192, 192, 192, 193, 193, 193, 193, 194, 194, 194, 195, 196, 198
2010,14209010,209,CH4 ,10PPBC,12,30,9999, 197, 194, 193, 193, 194, 193, 192, 193, 192, 197, 198, 199, 201, 198, 196, 195, 194, 194, 193, 195, 195, 194, 194
2010,14209010,209,CH4 ,10PPBC,12,31,9999, 199, 199, 199, 199, 199, 199, 197, 196, 193, 192, 192, 191, 191, 191, 192, 192, 194, 194, 194, 194, 194, 194, 194
2010,14209010,209,CH4 ,10PPBC, 1, 1,9999, 196, 199, 195, 197, 197, 195, 194, 197, 194, 193, 193, 193, 193, 194, 193, 194, 196, 198, 198, 199, 201, 200, 198
2010,14209010,209,CH4 ,10PPBC, 1, 2,9999, 194, 194, 193, 193, 196, 194, 193, 194, 193, 193, 192, 191, 190, 190, 190, 190, 191, 191, 191, 192, 193, 193, 193
2010,14209010,209,CH4 ,10PPBC, 1, 3,9999, 192, 191, 192, 194, 192, 192, 192, 193, 192, 191, 190, 189, 190, 190, 191, 192, 194, 197, 199, 195, 193, 194, 196
2010,14209010,209,CH4 ,10PPBC, 1, 4,9999, 194, 195, 194, 193, 191, 191, 192, 193, 193, 192, 192, 190, 190, 190, 190, 190, 191, 191, 192, 196, 193, 195, 193
2010,14209010,209,CH4 ,10PPBC, 1, 5,9999, 191, 191, 191, 190, 190, 190, 191, 190, 190, 191, 191, 190, 189, 189, 189, 190, 190, 190, 189, 191, 195, 195, 192
2010,14209010,209,CH4 ,10PPBC, 1, 6,9999, 191, 191, 191, 191, 191, 193, 196, 194, 192, 192, 190, 190, 191, 191, 191, 191, 192, 192, 193, 194, 193, 193, 194
2010,14209010,209,CH4 ,10PPBC, 1, 7,9999, 191, 191, 191, 191, 191, 192, 192, 192,9999, 192, 191, 191, 191, 190, 190, 191, 191, 192, 192, 192, 192, 193, 192
2010,14209010,209,CH4 ,10PPBC, 1, 8,9999, 193, 190, 190, 189, 190, 190, 190, 190, 190, 190, 190, 191, 191, 190, 190, 190, 191, 192, 195, 193, 192, 191, 191
2010,14209010,209,CH4 ,10PPBC, 1, 9,9999, 191, 191, 191, 190, 189, 189, 190, 191, 191, 190, 191, 190, 190, 190, 192, 194, 195, 196, 191, 191, 191, 191, 191
2010,14209010,209,CH4 ,10PPBC, 1,10,9999, 192, 192, 193, 193, 193, 194, 194, 194, 193, 192, 192, 192, 192, 192, 192, 192, 193, 194, 194, 194, 195, 195, 195
2010,14209010,209,CH4 ,10PPBC, 1,11,9999, 193, 193, 194, 197, 195, 196, 196, 203, 197, 197, 195, 192, 192, 192, 191, 192, 194, 195, 197, 198, 202, 204, 201
2010,14209010,209,CH4 ,10PPBC, 1,12,9999, 204, 202, 200, 199, 196, 197, 199, 199, 196, 196, 196, 196, 196, 195, 195, 196, 199, 193, 192, 192, 193, 195, 196
2010,14209010,209,CH4 ,10PPBC, 1,13,9999, 193, 193, 193, 192, 193, 193, 194, 194, 193, 192, 192, 192, 192, 192, 192, 193, 193, 193, 194, 194, 194, 195, 195
2010,14209010,209,CH4 ,10PPBC, 1,14,9999, 194, 195, 195, 196, 197, 198, 201, 201, 198, 194, 194, 194, 194, 193, 194, 193, 193, 197, 200, 200, 201, 200, 199
2010,14209010,209,CH4 ,10PPBC, 1,15,9999, 197, 197, 196, 194, 192, 194, 194, 197, 195, 195, 194, 193, 195, 196, 196, 199, 199, 198, 199, 198, 197, 196, 196
2010,14209010,209,CH4 ,10PPBC, 1,16,9999, 198, 196, 195, 194, 193, 192, 193, 193, 193, 193, 193, 192, 193, 193, 193, 194, 194, 194, 194, 194, 193, 195, 193
2010,14209010,209,CH4 ,10PPBC, 1,17,9999, 192, 191, 192, 193, 193, 192, 193, 193, 193, 191, 191, 191, 191, 190, 190, 190, 192, 192, 193, 194, 194, 194, 193
2010,14209010,209,CH4 ,10PPBC, 1,18,9999, 195, 196, 198, 198, 199, 195, 194, 193, 194, 191, 191, 192, 192, 192, 191, 191, 192, 195, 199, 200, 201, 194, 196
2010,14209010,209,CH4 ,10PPBC, 1,19,9999, 192, 196, 191, 191, 192, 192, 193, 194, 196, 191, 191, 190, 191, 191, 191, 196, 195, 196, 193, 193, 193, 193, 197
2010,14209010,209,CH4 ,10PPBC, 1,20,9999, 194, 192, 192, 193, 196, 197, 200, 199, 198, 192, 191, 191, 191, 191, 191, 193, 191, 192, 192, 192, 193, 193, 195
2010,14209010,209,CH4 ,10PPBC, 1,21,9999, 196, 194, 193, 192, 192, 193, 193, 193, 192,9999, 190, 191, 191, 191, 192, 192, 192, 193, 198, 193, 193, 196, 198
2010,14209010,209,CH4 ,10PPBC, 1,22,9999, 195, 195, 195, 194, 193, 194, 191, 191, 191, 190, 191, 191, 190, 190, 190, 190, 190, 192, 196, 193, 193, 194, 194
2010,14209010,209,CH4 ,10PPBC, 1,23,9999, 194, 195, 193, 194, 196, 193, 199, 194, 192, 198, 196, 193, 191, 191, 191, 192, 193, 196, 195, 194, 194, 195, 194
2010,14209010,209,CH4 ,10PPBC, 1,24,9999, 193, 193, 192, 193, 192, 193, 194, 194, 194, 194, 193, 192, 192, 193, 193, 193, 194, 195, 195, 194, 194, 195, 195
2010,14209010,209,CH4 ,10PPBC, 1,25,9999, 196, 196, 196, 196, 197, 196, 196, 203, 198, 195, 195, 194, 194, 193, 193, 194, 195, 193, 194, 193, 194, 194, 195
2010,14209010,209,CH4 ,10PPBC, 1,26,9999, 197, 194, 193, 194, 194, 194, 194, 193, 193, 194, 193, 193, 193, 192, 191, 194, 194, 193, 192, 191, 193, 194, 195
2010,14209010,209,CH4 ,10PPBC, 1,27,9999, 193, 193, 193, 196, 196, 197, 199, 199, 195, 193, 192, 192, 192, 193, 192, 192, 192, 193, 193, 193, 194, 194, 195
2010,14209010,209,CH4 ,10PPBC, 1,28,9999, 197, 196, 195, 195, 195, 196, 199, 196, 195, 194, 192, 192, 192, 191, 191, 191, 191, 192, 192, 193, 193, 194, 194
2010,14209010,209,CH4 ,10PPBC, 1,29,9999, 195, 194, 193, 193, 192, 192, 193, 193, 192, 192, 192, 192, 192, 192, 192, 193, 193, 196, 196, 199, 198, 199, 200
2010,14209010,209,CH4 ,10PPBC, 1,30,9999, 198, 197, 194, 192, 191, 191, 192, 193, 192, 192, 191, 191, 191, 191, 193, 193, 194, 193, 193, 193, 194, 194, 194
2010,14209010,209,CH4 ,10PPBC, 1,31,9999, 196, 197, 197, 197, 192, 193, 192, 191, 191, 191, 191, 190, 191, 191, 190, 191, 191, 194, 197, 201, 195, 193, 192
2010,14209010,209,CH4 ,10PPBC, 2, 1,9999, 191, 193, 192, 190, 190, 191, 191, 192, 191, 190, 190, 191, 191, 190, 190, 190, 191, 192, 192, 193, 195, 195, 195
2010,14209010,209,CH4 ,10PPBC, 2, 2,9999, 196, 193, 194, 194, 194, 195, 200, 194, 194, 194, 192, 191, 193, 197, 199, 194, 195, 197, 199, 203, 202, 200, 197
2010,14209010,209,CH4 ,10PPBC, 2, 3,9999, 198, 199, 196, 196, 195, 195, 195, 195, 196, 194, 193, 193, 192, 191, 195, 197, 195, 195, 195, 194, 196, 196, 193
2010,14209010,209,CH4 ,10PPBC, 2, 4,9999, 192, 195, 194, 195, 195, 194, 192, 191, 191, 191, 191, 193, 190, 190, 189, 190, 192, 195, 198, 195, 193, 196, 198
2010,14209010,209,CH4 ,10PPBC, 2, 5,9999, 193, 193, 193, 196, 198, 198, 195, 194, 195, 194, 193, 193, 193, 193, 193, 195, 197, 201, 206, 207, 200, 196, 201
2010,14209010,209,CH4 ,10PPBC, 2, 6,9999, 199, 198, 196, 195, 194, 194, 195, 194, 195, 196, 196, 197, 202, 202, 201, 201, 203, 203, 200, 202, 201, 200, 199
2010,14209010,209,CH4 ,10PPBC, 2, 7,9999, 205, 203, 205, 203, 198, 196, 198, 197, 193, 193, 193, 192, 192, 193, 193, 193, 193, 193, 193, 193, 195, 194, 193
2010,14209010,209,CH4 ,10PPBC, 2, 8,9999, 192, 192, 192, 192, 192, 193, 193, 194,9999, 193, 193, 193, 194, 195, 194, 195, 198, 196, 196, 197, 195, 195, 194
2010,14209010,209,CH4 ,10PPBC, 2, 9,9999, 193, 193, 193, 193, 193, 193, 192, 193, 192, 192, 193, 192, 191, 191, 192, 192, 196, 199, 201, 202, 200, 197, 196
2010,14209010,209,CH4 ,10PPBC, 2,10,9999, 195, 195, 196, 193, 192, 193, 194, 193, 193, 192, 192, 192, 193, 193, 193, 195, 194, 194, 193, 194, 194, 193, 193
2010,14209010,209,CH4 ,10PPBC, 2,11,9999, 193, 192, 191, 191, 191, 190, 191, 191, 192, 192, 193, 192, 192, 192, 191, 192, 193, 193, 193, 193, 191, 191, 190
2010,14209010,209,CH4 ,10PPBC, 2,12,9999, 190, 191, 191, 190, 190, 191, 192, 192, 192, 191, 191, 191, 190, 191, 190, 191, 192, 192, 193, 195, 194, 195, 195
2010,14209010,209,CH4 ,10PPBC, 2,13,9999, 193, 191, 190, 190, 190, 190, 190, 191, 192, 192, 192, 192, 192, 192, 192, 193, 193, 194, 195, 194, 196, 196, 196
2010,14209010,209,CH4 ,10PPBC, 2,14,9999, 192, 193, 193, 194, 194, 195, 196, 194, 195, 196, 195, 194, 194, 195, 195, 194, 194, 198, 197, 196, 194, 195, 193
2010,14209010,209,CH4 ,10PPBC, 2,15,9999, 192, 193, 192, 194, 193, 194, 194, 196, 194, 194, 194, 193, 192, 192, 193, 193, 193, 193, 193, 193, 195, 196, 199
2010,14209010,209,CH4 ,10PPBC, 2,16,9999, 195, 195, 196, 194, 194, 193, 193, 197, 195, 195, 195, 196, 196, 194, 194, 193, 193, 194, 195, 198, 198, 199, 200
2010,14209010,209,CH4 ,10PPBC, 2,17,9999, 198, 196, 195, 195, 197, 197, 199, 203, 198, 198, 207, 204, 198, 191, 189, 188, 189, 189, 189, 189, 188, 187, 188
2010,14209010,209,CH4 ,10PPBC, 2,18,9999, 196, 197, 196, 196, 196, 196, 194, 193, 193, 190, 190, 189, 190, 189, 189, 190, 191, 192, 193, 193, 194, 193, 193
2010,14209010,209,CH4 ,10PPBC, 2,19,9999, 192, 193, 193, 193, 194, 194, 194, 194, 193, 193, 192, 193, 193, 194, 196, 195, 195, 195, 195, 196, 201, 197, 197
2010,14209010,209,CH4 ,10PPBC, 2,20,9999, 198, 196, 195, 195, 195, 194, 194, 195, 196, 196, 196, 194, 193, 193, 193, 193, 194, 195, 195, 195, 191, 192, 192
2010,14209010,209,CH4 ,10PPBC, 2,21,9999, 192, 191, 192, 192, 192, 192, 193, 194, 193, 192, 192, 191, 191, 191, 191, 191, 191, 192, 193, 193, 194, 194, 195
2010,14209010,209,CH4 ,10PPBC, 2,22,9999, 194, 194, 194, 193, 192, 194, 196, 196, 197, 195, 193, 192, 192, 191, 191, 191, 193, 194, 194, 194, 195, 196, 198
2010,14209010,209,CH4 ,10PPBC, 2,23,9999, 196, 196, 194, 193, 193, 193, 193, 194, 192, 191, 191, 191, 192, 194, 195, 191, 190, 192, 192, 192, 195, 194, 197
2010,14209010,209,CH4 ,10PPBC, 2,24,9999, 195, 194, 193, 194, 195, 196, 197, 196,9999, 195, 194, 192, 192, 191, 189, 189, 190, 191, 190, 189, 189, 190, 189
2010,14209010,209,CH4 ,10PPBC, 2,25,9999, 189, 191, 191, 192, 193, 193, 193, 192, 188, 187, 187, 187, 187, 186, 187, 187, 188, 188, 191, 192, 192, 192, 192
2010,14209010,209,CH4 ,10PPBC, 2,26,9999, 192, 192, 192, 192, 193, 193, 193, 194, 194, 194, 194, 194, 195, 196, 196, 195, 194, 195, 195, 196, 200, 201, 200
2010,14209010,209,CH4 ,10PPBC, 2,27,9999, 197, 198, 198, 197, 196, 196, 196, 196, 196, 195, 193, 195, 191, 194, 192, 188, 193, 196, 196, 195, 195, 195, 195
2010,14209010,209,CH4 ,10PPBC, 2,28,9999, 195, 194, 194, 193, 193, 193, 194, 194, 194, 193, 193, 193, 193, 193, 193, 192, 192, 193, 193, 193, 193, 193, 193
2010,14209010,209,CH4 ,10PPBC, 2,29,9998,9998,9998,9998,9998,9998,9998,9998,9998,9998,9998,9998,9998,9998,9998,9998,9998,9998,9998,9998,9998,9998,9998,9998
2010,14209010,209,CH4 ,10PPBC, 2,30,9998,9998,9998,9998,9998,9998,9998,9998,9998,9998,9998,9998,9998,9998,9998,9998,9998,9998,9998,9998,9998,9998,9998,9998
2010,14209010,209,CH4 ,10PPBC, 2,31,9998,9998,9998,9998,9998,9998,9998,9998,9998,9998,9998,9998,9998,9998,9998,9998,9998,9998,9998,9998,9998,9998,9998,9998
2010,14209010,209,CH4 ,10PPBC, 3, 1,9999, 192, 193, 192, 192, 193, 194, 195, 197, 195, 194, 193, 193, 192, 193, 194, 194, 195, 193, 194, 194, 196, 196, 196
2010,14209010,209,CH4 ,10PPBC, 3, 2,9999, 197, 197, 198, 196, 197, 199, 199, 201, 199, 197, 197, 196, 196, 195, 192, 191, 192, 193, 193, 194, 194, 194, 196
2010,14209010,209,CH4 ,10PPBC, 3, 3,9999, 196, 194, 192, 192, 192, 193, 193, 192, 192, 192, 191, 191, 191, 191, 191, 191, 192, 192, 193, 193, 192, 192, 192
2010,14209010,209,CH4 ,10PPBC, 3, 4,9999, 195, 194, 193, 194, 193, 195, 196, 193, 192, 192, 192, 191, 192, 192, 192, 193, 193, 193, 194, 196, 197, 197, 196
2010,14209010,209,CH4 ,10PPBC, 3, 5,9999, 198, 199, 197, 194, 195, 192, 192, 196, 193, 191, 191, 192, 192, 192, 191, 191, 191, 192, 193, 194, 195, 194, 194
2010,14209010,209,CH4 ,10PPBC, 3, 6,9999, 195, 195, 196, 193, 192, 192, 191, 191, 192, 192, 192, 191, 191, 191, 192, 193, 195, 196, 195, 195, 196, 194, 195
2010,14209010,209,CH4 ,10PPBC, 3, 7,9999, 195, 193, 191, 191, 192, 191, 192, 193, 194, 195, 194, 193, 193, 192, 192, 191, 192, 193, 193, 194, 194, 195, 197
2010,14209010,209,CH4 ,10PPBC, 3, 8,9999, 197, 197, 198, 197, 196, 196, 197, 200, 196,9999,9999, 193, 193, 193, 193, 194, 194, 194, 195, 195, 194, 193, 192
2010,14209010,209,CH4 ,10PPBC, 3, 9,9999, 193, 194, 193, 194, 192, 194, 194, 194, 194, 193, 193, 192, 191, 191, 190, 189, 190, 191, 191, 190, 193, 191, 192
2010,14209010,209,CH4 ,10PPBC, 3,10,9999, 192, 192, 193, 193, 193, 194, 194, 194, 194, 193, 193, 192, 192, 192, 192, 192, 192, 193, 194, 193, 193, 193, 193
2010,14209010,209,CH4 ,10PPBC, 3,11,9999, 192, 192, 193, 192, 194, 193, 192, 192, 191, 191, 191, 190, 190, 190, 191, 191, 191, 191, 192, 193, 193, 193, 194
2010,14209010,209,CH4 ,10PPBC, 3,12,9999, 195, 199, 194, 193, 196, 192, 192, 193, 193, 192, 192, 192, 192, 193, 193, 194, 196, 196, 197, 195, 195, 195, 193
2010,14209010,209,CH4 ,10PPBC, 3,13,9999, 193, 194, 194, 191, 192, 191, 191, 192, 193, 192, 192, 192, 192, 192, 193, 192, 191, 192, 194, 192, 192, 191, 192
2010,14209010,209,CH4 ,10PPBC, 3,14,9999, 192, 191, 190, 190, 190, 190, 190,9999,9999,9999,9999,9999,9999,9999,9999,9999,9999,9999,9999,9999,9999,9999,9999
2010,14209010,209,CH4 ,10PPBC, 3,15,9999,9999,9999,9999,9999,9999,9999,9999,9999,9999,9999,9999,9999,9999,9999,9999,9999,9999,9999,9999,9999,9999,9999,9999
2010,14209010,209,CH4 ,10PPBC, 3,16,9999,9999,9999,9999,9999,9999,9999,9999,9999,9999,9999,9999,9999,9999,9999,9999,9999,9999,9999,9999,9999,9999,9999,9999
2010,14209010,209,CH4 ,10PPBC, 3,17,9999,9999,9999,9999,9999,9999,9999,9999,9999,9999,9999,9999,9999,9999,9999,9999,9999,9999,9999,9999,9999,9999,9999,9999
2010,14209010,209,CH4 ,10PPBC, 3,18,9999,9999,9999,9999,9999,9999,9999,9999,9999,9999,9999,9999,9999,9999,9999,9999,9999,9999,9999,9999,9999,9999,9999,9999
2010,14209010,209,CH4 ,10PPBC, 3,19,9999,9999,9999,9999,9999,9999,9999,9999,9999,9999,9999,9999,9999,9999,9999,9999,9999,9999,9999,9999,9999,9999,9999,9999
2010,14209010,209,CH4 ,10PPBC, 3,20,9999,9999,9999,9999,9999,9999,9999,9999,9999,9999,9999,9999,9999,9999,9999,9999,9999,9999,9999,9999,9999,9999,9999,9999
2010,14209010,209,CH4 ,10PPBC, 3,21,9999,9999,9999,9999,9999,9999,9999,9999,9999,9999,9999,9999,9999,9999,9999,9999,9999,9999,9999,9999,9999,9999,9999,9999
2010,14209010,209,CH4 ,10PPBC, 3,22,9999,9999,9999,9999,9999,9999,9999,9999,9999,9999,9999,9999,9999,9999,9999,9999,9999,9999,9999,9999,9999,9999,9999,9999
2010,14209010,209,CH4 ,10PPBC, 3,23,9999,9999,9999,9999,9999,9999,9999,9999,9999,9999,9999,9999,9999,9999,9999,9999,9999,9999,9999,9999,9999,9999,9999,9999
2010,14209010,209,CH4 ,10PPBC, 3,24,9999,9999,9999,9999,9999,9999,9999,9999,9999,9999,9999,9999,9999,9999,9999,9999,9999,9999,9999,9999,9999,9999,9999,9999
2010,14209010,209,CH4 ,10PPBC, 3,25,9999,9999,9999,9999,9999,9999,9999,9999,9999,9999,9999,9999, 188, 187, 187, 187, 187, 187, 187, 187, 187, 187, 188, 190
2010,14209010,209,CH4 ,10PPBC, 3,26,9999, 193, 193, 194, 194, 194, 195, 193, 191, 191, 191, 191, 191, 191, 191, 190, 190, 190, 190, 190, 191, 191, 192, 192
2010,14209010,209,CH4 ,10PPBC, 3,27,9999, 189, 189, 189, 189, 189, 189, 190, 189, 188, 188, 188, 188, 188, 188, 188, 187, 188, 188, 190, 190, 192, 190, 189
2010,14209010,209,CH4 ,10PPBC, 3,28,9999, 190, 191, 191, 191, 190, 191, 191, 193, 191, 191, 191, 191, 191, 192, 193, 192, 191, 191, 191, 192, 192, 194, 192
2010,14209010,209,CH4 ,10PPBC, 3,29,9999, 191, 195, 194, 194, 195, 191, 193, 193, 192, 191, 191, 192, 191, 190, 190, 190, 190, 191, 193, 192, 192, 193, 194
2010,14209010,209,CH4 ,10PPBC, 3,30,9999, 193, 192, 191, 191, 191, 193, 194, 193, 193, 192, 192, 192, 192, 191, 191, 191, 191, 191, 192, 194, 193, 191, 191
2010,14209010,209,CH4 ,10PPBC, 3,31,9999, 192, 192, 192, 192, 192, 193, 193, 193, 192, 193, 192, 191, 190, 191, 191, 190, 191, 191, 192, 193, 193, 193, 193
2010,14209520,209,CH4 ,10PPBC, 4, 1,9999, 190, 192, 191, 185, 187, 188, 188, 186, 188, 190, 185, 179, 179, 179, 179, 178, 179, 179, 179, 179, 179, 179, 178
2010,14209520,209,CH4 ,10PPBC, 4, 2, 178, 177, 177, 177, 176, 176, 176, 176, 176, 176, 176, 178, 180, 180, 181, 181, 182, 185, 185, 184, 185, 186, 186, 185
2010,14209520,209,CH4 ,10PPBC, 4, 3, 184, 182, 181, 182, 182, 182, 183, 183, 183, 184, 185, 184, 185, 183, 183, 183, 184, 185, 185, 186, 186, 187, 187, 187
2010,14209520,209,CH4 ,10PPBC, 4, 4, 187, 186, 188, 186, 186, 186, 187, 187, 187, 187, 187, 187, 187, 187, 188, 187, 188, 188, 187, 188, 189, 188, 187, 186
2010,14209520,209,CH4 ,10PPBC, 4, 5, 186, 186, 185, 185, 185, 185, 185, 186, 186, 187, 185, 184, 185, 185, 184, 184, 183, 184, 185, 187, 187, 187, 187, 185
2010,14209520,209,CH4 ,10PPBC, 4, 6, 186, 185, 184, 184, 185, 185, 188, 188, 184, 182,9999,9999, 182, 182, 183, 182, 183, 184, 185, 186, 186, 192, 186, 187
2010,14209520,209,CH4 ,10PPBC, 4, 7, 189, 187, 184, 184, 186, 186, 187, 187, 186, 185, 185, 187, 186, 184, 183, 185, 192, 190, 185, 185, 184, 185, 184, 185
2010,14209520,209,CH4 ,10PPBC, 4, 8, 185, 184, 185, 185, 184, 185, 185, 185, 185, 185, 185, 185, 185, 185, 187, 188, 187, 188, 187, 187, 188, 188, 190, 187
2010,14209520,209,CH4 ,10PPBC, 4, 9, 187, 187, 188, 189, 188, 188, 188, 188, 188, 188, 188, 189, 188, 185, 185, 185, 185, 185, 185, 185, 186, 187, 188, 189
2010,14209520,209,CH4 ,10PPBC, 4,10, 185, 185, 186, 185, 185, 186, 186, 185, 185, 184, 185, 185, 184, 188, 185, 185, 185, 186, 185, 184, 184, 184, 184, 185
2010,14209520,209,CH4 ,10PPBC, 4,11, 186, 186, 184, 184, 183, 184, 185, 185, 184, 184, 184, 184, 185, 185, 185, 186, 187, 188, 188, 186, 188, 187, 186, 186
2010,14209520,209,CH4 ,10PPBC, 4,12, 185, 185, 185, 185, 184, 184, 184, 185, 185, 184, 185, 185, 185, 184, 184, 184, 184, 184, 185, 184, 183, 182, 181, 181
2010,14209520,209,CH4 ,10PPBC, 4,13,9999, 181, 181, 182, 182, 181, 182, 182, 181, 181, 181, 181, 181, 180, 181, 181, 181, 182, 181, 182, 182, 186, 188, 188
2010,14209520,209,CH4 ,10PPBC, 4,14, 185, 183, 183, 183, 183, 183, 183, 184, 184, 184, 185, 185, 185, 187, 187, 187, 187, 187, 187, 187, 186, 186, 186, 186
2010,14209520,209,CH4 ,10PPBC, 4,15, 186, 185, 185, 183, 183, 183, 183, 183, 184, 184, 184, 184, 184, 185, 185, 184, 185, 186, 189, 191, 187, 188, 189, 190
2010,14209520,209,CH4 ,10PPBC, 4,16, 190, 189, 187, 184, 183, 184, 185, 185, 185, 185, 185, 185, 185, 185, 184, 183, 184, 184, 184, 184, 184, 184, 184, 183
2010,14209520,209,CH4 ,10PPBC, 4,17, 183, 182, 182, 181, 180, 181, 181, 181, 183, 184, 184, 182, 183, 183, 183, 184, 185, 186, 187, 188, 188, 188, 188, 191
2010,14209520,209,CH4 ,10PPBC, 4,18, 193, 195, 194, 194, 195, 195, 192, 189, 187, 185, 186, 186, 186, 187, 189, 187, 186, 186, 186, 187, 188, 189, 190, 190
2010,14209520,209,CH4 ,10PPBC, 4,19, 188, 188, 188, 189, 189, 188, 188, 188, 188, 189, 189, 188, 187, 187, 187, 188, 188, 188, 188, 190, 189, 190, 191, 191
2010,14209520,209,CH4 ,10PPBC, 4,20,9999, 186, 187, 186, 188, 187, 187, 187, 186,9999, 178, 178, 177, 178, 179, 178, 179, 179, 179, 181, 181, 181, 181, 179
2010,14209520,209,CH4 ,10PPBC, 4,21, 180, 180, 180, 180, 181, 181, 181, 183, 184, 181, 179, 177, 178, 178, 178, 179, 179, 180, 180, 182, 181, 180, 183, 183
2010,14209520,209,CH4 ,10PPBC, 4,22, 184, 185, 183, 183, 184, 183, 184, 183, 184, 184, 183, 183, 182, 181, 182, 181, 181, 180, 180, 180, 180, 180, 179, 180
2010,14209520,209,CH4 ,10PPBC, 4,23, 180, 178, 179, 179, 179, 180, 181, 181, 179, 180, 180, 179, 179, 179, 178, 179, 179, 180, 181, 181, 182, 182, 183, 183
2010,14209520,209,CH4 ,10PPBC, 4,24, 183, 183, 184, 184, 183, 182, 182, 181, 181, 179, 179, 179, 179, 179, 181, 181, 180, 181, 181, 182, 182, 183, 182, 182
2010,14209520,209,CH4 ,10PPBC, 4,25, 184, 185, 184, 184, 184, 184, 182, 181, 181, 181, 182, 182, 183, 183, 182, 182, 182, 182, 183, 184, 184, 184, 184, 184
2010,14209520,209,CH4 ,10PPBC, 4,26, 183, 182, 182, 182, 182, 181, 184, 184, 187, 183, 183, 184, 183, 184, 185, 185, 185, 184, 185, 186, 189, 186, 191, 186
2010,14209520,209,CH4 ,10PPBC, 4,27,9999, 184, 184, 183, 183, 183, 183, 183, 182, 183, 183, 183, 183, 183, 184, 185, 183, 183, 185, 186, 187, 188, 189, 186
2010,14209520,209,CH4 ,10PPBC, 4,28, 182, 179, 178, 178, 178, 178, 186, 180, 179, 179, 178, 178, 178, 181, 178, 178, 179, 179, 179, 180, 181, 180, 182, 183
2010,14209520,209,CH4 ,10PPBC, 4,29, 184, 183, 181, 181, 179, 177, 177, 177, 177, 177, 176, 176, 176, 177, 179, 178, 178, 179, 180, 180, 182, 183, 181, 181
2010,14209520,209,CH4 ,10PPBC, 4,30, 181, 180, 181, 181, 180, 180, 182, 180, 180, 180, 180, 180, 180, 180, 179, 180, 180, 181, 181, 182, 181, 181, 182, 182
2010,14209520,209,CH4 ,10PPBC, 4,31,9998,9998,9998,9998,9998,9998,9998,9998,9998,9998,9998,9998,9998,9998,9998,9998,9998,9998,9998,9998,9998,9998,9998,9998
2010,14209520,209,CH4 ,10PPBC, 5, 1, 182, 183, 181, 180, 180, 181, 181, 180, 181, 182, 181, 181, 181, 181, 181, 181, 181, 182, 182, 183, 185, 184, 186, 182
2010,14209520,209,CH4 ,10PPBC, 5, 2, 184, 182, 184, 181, 181, 182, 181, 181, 182, 182, 183, 183, 184, 183, 182, 183, 183, 184, 183, 184, 187, 187, 186, 184
2010,14209520,209,CH4 ,10PPBC, 5, 3, 183, 182, 182, 184, 183, 183, 183, 184, 184, 184, 184, 183, 183, 182, 181, 181, 181, 181, 181, 181, 181, 182, 182, 181
2010,14209520,209,CH4 ,10PPBC, 5, 4,9999, 182, 184, 184, 184, 182, 181, 181, 182, 183, 183, 182, 182, 181, 182, 182, 183, 184, 184, 184, 185, 185, 185, 187
2010,14209520,209,CH4 ,10PPBC, 5, 5, 187, 186, 186, 181, 183, 185, 183, 184, 185, 185, 185, 185, 185, 185, 185, 183, 182, 182, 184, 185, 186, 184, 184, 184
2010,14209520,209,CH4 ,10PPBC, 5, 6, 184, 183, 183, 185, 185, 183, 185, 183, 181, 180,9999, 177, 177, 177, 177, 177, 177, 176, 177, 176, 176, 177, 176, 175
2010,14209520,209,CH4 ,10PPBC, 5, 7, 175, 175, 175, 175, 175, 175, 174, 174, 174, 174, 174, 174, 173, 173, 173, 173, 173, 172, 173, 173, 177, 179, 178, 179
2010,14209520,209,CH4 ,10PPBC, 5, 8, 179, 176, 176, 176, 176, 177, 177, 178, 179, 179, 181, 182, 181, 180, 180, 179, 179, 179, 180, 179, 179, 179, 180, 181
2010,14209520,209,CH4 ,10PPBC, 5, 9, 182, 183, 183, 182, 182, 182, 181, 180, 180, 180, 181, 181, 181, 183, 184, 184, 184, 185, 186, 185, 186, 188, 187, 184
2010,14209520,209,CH4 ,10PPBC, 5,10, 183, 183, 183, 183, 183, 183, 183, 183, 182, 182, 182, 182, 183, 182, 182, 181, 182, 182, 183, 184, 185, 183, 184, 183
2010,14209520,209,CH4 ,10PPBC, 5,11,9999, 182, 179, 179, 179, 180, 181, 181, 179, 179, 180, 179, 178, 178, 179, 181, 180, 181, 183, 183, 183, 180, 180, 181
2010,14209520,209,CH4 ,10PPBC, 5,12, 181, 180, 180, 179, 180, 180, 180, 180, 181, 179, 179, 179, 179, 179, 179, 179, 179, 179, 180, 181, 181, 182, 184, 186
2010,14209520,209,CH4 ,10PPBC, 5,13, 184, 183, 185, 184, 181, 180, 180, 180, 180, 180, 180, 180, 180, 180, 180, 181, 181, 181, 181, 181, 181, 181, 181, 181
2010,14209520,209,CH4 ,10PPBC, 5,14, 180, 180, 180, 180, 180, 180, 180, 180, 179, 178, 179, 179, 179, 179, 180, 184, 184, 184, 184, 185, 186, 185, 184, 184
2010,14209520,209,CH4 ,10PPBC, 5,15, 183, 181, 182, 181, 181, 180, 181, 180, 180, 180, 181, 181, 181, 183, 183, 183, 184, 183, 182, 181, 182, 185, 182, 183
2010,14209520,209,CH4 ,10PPBC, 5,16, 184, 185, 184, 185, 186, 185, 184, 184, 182, 181, 182, 182, 180, 180, 180, 180, 180, 181, 181, 181, 183, 183, 184, 184
2010,14209520,209,CH4 ,10PPBC, 5,17, 183, 182, 183, 181, 181, 182, 182, 183, 181, 181, 183, 183, 183, 183, 182, 181, 181, 181, 182, 183, 184, 187, 186, 187
2010,14209520,209,CH4 ,10PPBC, 5,18,9999, 182, 183, 182, 180, 180, 181, 181, 181, 180, 180, 179, 181, 179, 179, 179, 179, 178, 178, 179, 178, 178, 179, 178
2010,14209520,209,CH4 ,10PPBC, 5,19, 178, 178, 178, 178, 177, 178, 178, 177, 177, 177, 177, 177, 177, 177, 176, 176, 177, 177, 177, 177, 176, 177, 177, 176
2010,14209520,209,CH4 ,10PPBC, 5,20, 176, 176, 176, 176, 175, 175, 175, 176, 176,9999, 175, 175, 179, 179, 178, 179, 177, 179, 180, 179, 180, 180, 180, 180
2010,14209520,209,CH4 ,10PPBC, 5,21, 179, 179, 180, 181, 183, 182, 182, 181, 181, 181, 181, 180, 180, 180, 179, 180, 180, 181, 181, 184, 186, 186, 187, 184
2010,14209520,209,CH4 ,10PPBC, 5,22, 183, 181, 183, 184, 185, 186, 184, 183, 184, 185, 185, 184, 184, 187, 186, 185, 184, 183, 182, 183, 182, 183, 184, 182
2010,14209520,209,CH4 ,10PPBC, 5,23, 181, 181, 182, 183, 183, 182, 186, 183, 182, 182, 181, 180, 182, 180, 182, 183, 181, 182, 182, 182, 181, 180, 178, 178
2010,14209520,209,CH4 ,10PPBC, 5,24, 179, 178, 178, 178, 181, 178, 178, 178, 178, 178, 177, 176, 177, 177, 177, 178, 179, 179, 180, 181, 178, 178, 178, 177
2010,14209520,209,CH4 ,10PPBC, 5,25,9999, 181, 185, 184, 184, 182, 183, 182, 182, 182, 182, 182, 182, 184, 184, 183, 184, 186, 186, 188, 187, 185, 184, 184
2010,14209520,209,CH4 ,10PPBC, 5,26, 184, 185, 185, 185, 185, 185, 185, 185, 186, 184, 185, 183, 182, 183, 182, 182, 182, 183, 183, 183, 183, 182, 183, 183
2010,14209520,209,CH4 ,10PPBC, 5,27, 182, 182, 184, 184, 185, 186, 185, 184, 183, 183, 183, 183, 183, 182, 182, 182, 182, 182, 183, 183, 183, 183, 183, 183
2010,14209520,209,CH4 ,10PPBC, 5,28, 182, 182, 182, 182, 184, 184, 183, 182, 181, 181, 182, 183, 183, 182, 184, 184, 184, 185, 184, 183, 183, 183, 186, 186
2010,14209520,209,CH4 ,10PPBC, 5,29, 186, 186, 185, 185, 184, 186, 188, 187, 184, 184, 185, 185, 185, 185, 185, 190, 184, 184, 184, 185, 185, 184, 183, 183
2010,14209520,209,CH4 ,10PPBC, 5,30, 183, 183, 182, 182, 181, 182, 182, 182, 182, 182, 183, 182, 183, 183, 183, 182, 183, 187, 188, 184, 184, 185, 185, 185
2010,14209520,209,CH4 ,10PPBC, 5,31, 185, 184, 184, 185, 186, 185, 185, 185, 185, 185, 186, 185, 189, 189, 188, 184, 183, 184, 184, 184, 184, 184, 184, 188
2010,14209520,209,CH4 ,10PPBC, 6, 1,9999, 184, 182, 188, 184, 182, 182, 183, 182, 181, 181, 181, 180, 182, 184, 183, 183, 182, 180, 180, 180, 183, 183, 184
2010,14209520,209,CH4 ,10PPBC, 6, 2, 187, 189, 186, 186, 185, 185, 189, 190, 190, 188, 187, 184, 183, 184, 185, 184, 182, 182, 182, 181, 180, 181, 183, 183
2010,14209520,209,CH4 ,10PPBC, 6, 3, 184, 184, 185, 186, 185, 185, 186, 184, 184, 184, 183, 184, 183, 180, 179, 179, 179, 178, 179, 179, 180, 179, 180, 182
2010,14209520,209,CH4 ,10PPBC, 6, 4, 181, 180, 179, 179, 179, 180, 180, 181, 180, 181, 179, 179, 178, 178, 178, 178, 178, 178, 179, 179, 180, 179, 180, 180
2010,14209520,209,CH4 ,10PPBC, 6, 5, 180, 180, 180, 180, 181, 180, 181, 181, 180, 181, 182, 181, 180, 180, 181, 182, 184, 184, 183, 182, 181, 181, 184, 184
2010,14209520,209,CH4 ,10PPBC, 6, 6, 183, 182, 182, 182, 182, 182, 182, 181, 181, 182, 183, 184, 184, 182, 181, 180, 179, 179, 181, 179, 179, 181, 179, 180
2010,14209520,209,CH4 ,10PPBC, 6, 7, 181, 181, 182, 182, 181, 181, 184, 182, 182, 184, 184, 184, 183, 182, 180, 179, 179, 179, 179, 179, 180, 180,9999,9999
2010,14209520,209,CH4 ,10PPBC, 6, 8,9999,9999,9999,9999,9999,9999,9999,9999,9999,9999,9999, 186, 185, 186, 187, 186, 184, 183, 187, 191, 188, 186, 186, 187
2010,14209520,209,CH4 ,10PPBC, 6, 9, 186, 185, 184, 182, 182, 181, 182, 183, 183, 182, 183, 186, 186, 184, 185, 185, 184, 185, 184, 190, 197, 188, 184, 184
2010,14209520,209,CH4 ,10PPBC, 6,10, 184, 184, 183, 185, 186, 184, 181, 183, 184, 185, 184, 184, 182, 182, 181, 183, 182, 182, 183, 182, 182, 184, 185, 184
2010,14209520,209,CH4 ,10PPBC, 6,11, 185, 185, 185, 183, 191, 202, 197, 190, 186, 185, 185, 185, 184, 183, 183, 181, 181, 181, 180, 181, 180, 181, 181, 181
2010,14209520,209,CH4 ,10PPBC, 6,12, 182, 182, 182, 181, 182, 183, 183, 182, 183, 183, 181, 180, 179, 179, 179, 179, 179, 179, 179, 179, 179, 179, 179, 179
2010,14209520,209,CH4 ,10PPBC, 6,13, 179, 179, 182, 181, 181, 181, 181, 179, 179, 179, 179, 178, 178, 177, 178, 178, 178, 179, 179, 179, 179, 179, 179, 179
2010,14209520,209,CH4 ,10PPBC, 6,14, 179, 179, 179, 179, 179, 179, 179, 180, 180, 181, 181, 182, 182, 182, 181, 180, 179, 179, 180, 179, 179, 180, 180, 180
2010,14209520,209,CH4 ,10PPBC, 6,15,9999, 185, 182, 181, 183, 180, 181, 180, 180, 181, 180, 179, 179, 180, 180, 180, 181, 182, 184, 184, 182, 178, 179, 180
2010,14209520,209,CH4 ,10PPBC, 6,16, 181, 182, 181, 180, 181, 177, 173, 168, 172, 182, 175, 171, 170, 172, 174, 177, 179, 182, 180, 178, 178, 178, 178, 179
2010,14209520,209,CH4 ,10PPBC, 6,17, 178, 178, 178, 180, 182, 183, 182, 183, 183, 182, 182, 183, 182, 181, 184, 184, 181, 182, 181, 180, 181, 182, 184, 184
2010,14209520,209,CH4 ,10PPBC, 6,18, 183, 184, 183, 184, 187, 189, 188, 188, 187, 185, 185, 184, 184, 182, 173, 172, 174, 175, 176, 177, 179, 181, 181, 182
2010,14209520,209,CH4 ,10PPBC, 6,19, 182, 180, 181, 180, 180, 180, 182, 180, 181, 182, 181, 180, 179, 176, 174, 176, 178, 179, 179, 180, 183, 185, 189, 187
2010,14209520,209,CH4 ,10PPBC, 6,20, 186, 179, 175, 186, 185, 186, 185, 184, 182, 180, 175, 172, 173, 172, 172, 174, 174, 173, 173, 172, 172, 172, 171, 171
2010,14209520,209,CH4 ,10PPBC, 6,21, 172, 172, 171, 170, 170, 171, 173, 174, 175, 175, 175, 175, 170, 170, 171, 171, 172, 173, 176, 178, 179, 180, 179, 177
2010,14209520,209,CH4 ,10PPBC, 6,22,9999, 176, 181, 180, 183, 185, 186, 187, 186, 186,9999, 184, 186, 187, 186, 182, 175, 173, 174, 174, 175, 177, 178, 178
2010,14209520,209,CH4 ,10PPBC, 6,23, 177, 179, 178, 177, 179, 180, 176, 173, 171, 169, 169, 169, 169, 172, 179, 179, 178, 180, 181, 181, 177, 177, 177, 176
2010,14209520,209,CH4 ,10PPBC, 6,24, 178, 179, 180, 180, 182, 182, 182, 182, 182, 182, 182, 182, 181, 182, 182, 186, 191, 191, 193, 193, 191, 188, 189, 186
2010,14209520,209,CH4 ,10PPBC, 6,25, 186, 186, 186, 185, 184, 184, 182, 184, 184, 183, 184, 185, 185, 184, 187, 188, 183, 182, 183, 186, 186, 187, 189, 189
2010,14209520,209,CH4 ,10PPBC, 6,26, 186, 185, 185, 186, 188, 186, 186, 185, 188, 183, 175, 175, 174, 174, 175, 175, 175, 175, 173, 174, 174, 174, 174, 174
2010,14209520,209,CH4 ,10PPBC, 6,27, 173, 173, 173, 173, 173, 173, 173, 172, 174, 175, 172, 172, 172, 172, 172, 172, 172, 172, 173, 174, 176, 182, 187, 187
2010,14209520,209,CH4 ,10PPBC, 6,28, 183, 185, 192, 188, 184, 181, 180, 180, 181, 182, 183, 185, 185, 183, 178, 182, 186, 182, 177, 178, 180, 181, 185, 185
2010,14209520,209,CH4 ,10PPBC, 6,29,9999, 182, 183, 182, 184, 184, 184, 184, 186, 188, 201, 207, 205, 189, 191, 187, 182, 183, 182, 182, 180, 179, 179, 179
2010,14209520,209,CH4 ,10PPBC, 6,30, 179, 177, 176, 176, 177, 175, 175, 175, 174, 175, 176, 175, 174, 173, 176, 177, 178, 179, 179, 180, 178, 177, 178, 179
2010,14209520,209,CH4 ,10PPBC, 6,31,9998,9998,9998,9998,9998,9998,9998,9998,9998,9998,9998,9998,9998,9998,9998,9998,9998,9998,9998,9998,9998,9998,9998,9998
2010,14209520,209,CH4 ,10PPBC, 7, 1, 179, 178, 179, 183, 182, 181, 181, 184, 191, 191, 189, 185, 180, 174, 173, 172, 173, 171, 172, 174, 176, 175, 176, 179
2010,14209520,209,CH4 ,10PPBC, 7, 2, 178, 178, 178, 179, 176, 177, 179, 179, 178, 179, 179, 180, 177, 174, 173, 172, 172, 173, 173, 173, 175, 181, 181, 181
2010,14209520,209,CH4 ,10PPBC, 7, 3, 181, 181, 182, 182, 180, 182, 182, 180, 180, 188, 182, 180, 179, 177, 174, 175, 174, 173, 173, 172, 172, 173, 174, 174
2010,14209520,209,CH4 ,10PPBC, 7, 4, 174, 175, 174, 177, 187, 183, 181, 179, 178, 178, 179, 180, 179, 178, 178, 177, 177, 177, 178, 178, 179, 179, 182, 183
2010,14209520,209,CH4 ,10PPBC, 7, 5, 183, 183, 182, 182, 181, 181, 188, 190, 192, 194, 189, 186, 182, 180, 180, 179, 180, 179, 180, 182, 182, 182, 181, 181
2010,14209520,209,CH4 ,10PPBC, 7, 6,9999, 183, 184, 184, 185, 186, 187, 186, 185, 187, 188, 187, 186, 185, 183, 182, 182, 184, 187, 190, 191, 190, 192, 193
2010,14209520,209,CH4 ,10PPBC, 7, 7, 194, 193, 192, 191, 192, 192, 189, 189, 188,9999, 188, 190, 191, 191, 191, 191, 187, 184, 185, 185, 183, 181, 182, 184
2010,14209520,209,CH4 ,10PPBC, 7, 8, 186, 187, 188, 190, 189, 186, 186, 185, 184, 186, 187, 180, 180, 182, 183, 185, 186, 186, 185, 183, 185, 187, 182, 184
2010,14209520,209,CH4 ,10PPBC, 7, 9, 180, 177, 177, 178, 185, 189, 188, 186, 185, 186, 190, 188, 183, 180, 178, 177, 177, 177, 177, 175, 175, 173, 172, 172
2010,14209520,209,CH4 ,10PPBC, 7,10, 174, 175, 176, 176, 177, 177, 177, 177, 177, 178, 179, 178, 181, 178, 179, 180, 181, 182, 184, 187, 186, 186, 186, 186
2010,14209520,209,CH4 ,10PPBC, 7,11, 190, 192, 191, 190, 188, 188, 187, 188, 187, 186, 185, 188, 185, 184, 176, 176, 175, 173, 172, 171, 171, 171, 171, 170
2010,14209520,209,CH4 ,10PPBC, 7,12, 169, 169, 169, 169, 170, 169, 169, 170, 170, 170, 170, 170, 170, 170, 170, 170, 170, 171, 172, 171, 172, 172, 172, 172
2010,14209520,209,CH4 ,10PPBC, 7,13,9999, 171, 175, 177, 178, 184, 188, 189, 190, 183, 183, 183, 184, 184, 184, 183, 183, 186, 183, 184, 184, 186, 185, 185
2010,14209520,209,CH4 ,10PPBC, 7,14, 187, 188, 188, 188, 187, 186, 187, 187, 179, 171, 170, 169, 170, 169, 170, 171, 170, 171, 172, 170, 171, 171, 171, 171
2010,14209520,209,CH4 ,10PPBC, 7,15, 171, 171, 171, 170, 171, 170, 170, 171, 171, 170, 170, 169, 170, 170, 171, 169, 169, 170, 170, 171, 172, 171, 171, 173
2010,14209520,209,CH4 ,10PPBC, 7,16, 172, 172, 173, 175, 176, 177, 182, 182, 178, 174, 171, 171, 171, 170, 171, 170,9999, 172, 173, 173, 175, 176, 174, 176
2010,14209520,209,CH4 ,10PPBC, 7,17, 177, 178, 181, 181, 179, 177, 176, 177, 176, 173, 172, 172, 172, 172, 172, 173, 171, 172, 172, 173, 174, 174, 175, 177
2010,14209520,209,CH4 ,10PPBC, 7,18, 178, 178, 176, 177, 178, 176, 173, 174, 174, 173, 173, 171, 171, 171, 171, 171, 171, 171, 172, 173, 174, 173, 173, 174
2010,14209520,209,CH4 ,10PPBC, 7,19, 175, 175, 176, 176, 177, 178, 175, 173, 173, 174, 172, 172, 172, 172, 172, 172, 173, 173, 173, 175, 175, 177, 177, 177
2010,14209520,209,CH4 ,10PPBC, 7,20,9999, 177, 176, 183, 177, 175, 175, 177, 177, 178, 177, 178, 175, 174, 174, 173, 173, 173, 174, 174, 175, 177, 177, 176
2010,14209520,209,CH4 ,10PPBC, 7,21, 178, 178, 178, 176, 183, 190, 186, 183, 180, 179, 181, 180, 178, 180, 181, 181, 181, 177, 174, 175, 176, 176, 175, 177
2010,14209520,209,CH4 ,10PPBC, 7,22, 178, 180, 180, 181, 181, 184, 183, 180, 181,9999,9999, 182, 178, 174, 174, 174, 174, 174, 174, 172, 173, 173, 173, 174
2010,14209520,209,CH4 ,10PPBC, 7,23, 176, 176, 176, 177, 177, 178, 178, 178, 179, 178, 176, 175, 174, 180, 181, 181, 179, 175, 173, 173, 173, 174, 173, 172
2010,14209520,209,CH4 ,10PPBC, 7,24, 173, 181, 182, 181, 180, 180, 179, 178, 178, 178, 178, 178, 178, 180, 179, 178, 176, 175, 174, 179, 178, 177, 175, 176
2010,14209520,209,CH4 ,10PPBC, 7,25, 173, 173, 173, 173, 174, 172, 172, 173, 174, 173, 174, 174, 174, 173, 172, 172, 173, 174, 173, 172, 172, 176, 178, 176
2010,14209520,209,CH4 ,10PPBC, 7,26, 173, 172, 172, 173, 174, 175, 175, 175, 175, 175, 176, 175, 174, 171, 173, 173, 173, 174, 175, 174, 173, 175, 174, 174
2010,14209520,209,CH4 ,10PPBC, 7,27, 174, 176, 177, 177, 177, 177, 176, 174, 174, 174, 171, 171, 171, 172, 171, 172, 173, 171, 171, 171, 172, 172, 174, 173
2010,14209520,209,CH4 ,10PPBC, 7,28, 175, 173, 174, 176, 177, 174, 173, 173, 172, 170, 170, 170, 170, 170, 172, 171, 171, 171, 171, 171, 172, 172, 172, 173
2010,14209520,209,CH4 ,10PPBC, 7,29,9999, 173, 173, 173, 173, 172, 172, 172, 172, 172, 172, 170, 169, 170, 169, 169, 169, 169, 169, 169, 169, 169, 168, 168
2010,14209520,209,CH4 ,10PPBC, 7,30, 168, 168, 167, 167, 168, 167, 168, 168, 169, 168, 168, 167, 167, 167, 168, 169, 169, 170, 171, 171, 171, 172, 175, 176
2010,14209520,209,CH4 ,10PPBC, 7,31, 176, 173, 174, 176, 178, 178, 180, 179, 177, 174, 174, 175, 175, 173, 172, 173, 174, 174, 174, 178, 179, 179, 180, 180
2010,14209520,209,CH4 ,10PPBC, 8, 1, 177, 177, 178, 179, 183, 178, 175, 180, 183, 181, 179, 179, 176, 175, 175, 176, 176, 176, 175, 175, 173, 172, 172, 171
2010,14209520,209,CH4 ,10PPBC, 8, 2, 171, 171, 173, 175, 172, 171, 170, 170, 170, 169, 169, 169, 169, 168, 168, 168, 168, 169, 169, 169, 170, 171, 170, 169
2010,14209520,209,CH4 ,10PPBC, 8, 3, 169, 169, 168, 168, 169, 169, 169, 170, 169, 169, 169, 169, 169, 169, 170, 169, 169, 169, 169, 169, 170, 170, 171, 170
2010,14209520,209,CH4 ,10PPBC, 8, 4, 170, 170, 171, 171, 171, 171, 171, 171, 170, 170, 170, 170, 170, 169, 170, 170, 169, 170, 170, 171, 171, 172, 172, 171
2010,14209520,209,CH4 ,10PPBC, 8, 5,9999, 169, 169, 170, 171, 171, 172, 171, 169, 169, 169, 169, 169, 168, 169, 169, 169, 169, 170, 172, 171, 172, 170, 170
2010,14209520,209,CH4 ,10PPBC, 8, 6, 171, 170, 171, 171, 171, 172, 172, 173, 172,9999,9999, 168, 169, 169, 168, 169, 169, 170, 171, 171, 172, 172, 172, 171
2010,14209520,209,CH4 ,10PPBC, 8, 7, 171, 172, 172, 173, 174, 173, 172, 171, 171, 174, 173, 174, 174, 173, 172, 172, 172, 172, 170, 169, 170, 173, 175, 176
2010,14209520,209,CH4 ,10PPBC, 8, 8, 175, 174, 174, 174, 174, 174, 175, 174, 173, 172, 173, 172, 170, 169, 169, 169, 169, 169, 169, 170, 169, 169, 168, 167
2010,14209520,209,CH4 ,10PPBC, 8, 9, 168, 168, 168, 170, 170, 168, 169, 169, 170, 170, 171, 170, 168, 168, 168, 169, 167, 168, 168, 168, 167, 168, 168, 168
2010,14209520,209,CH4 ,10PPBC, 8,10, 167, 168, 168, 167, 167, 169, 168, 170, 172, 170, 169, 166, 168, 166, 166, 166, 166, 167, 168, 168, 168, 169, 169, 168
2010,14209520,209,CH4 ,10PPBC, 8,11, 167, 167, 167, 167, 166, 166, 167, 168, 167, 167, 166, 166, 166, 165, 166, 166, 166, 166, 166, 165, 165, 166, 165, 165
2010,14209520,209,CH4 ,10PPBC, 8,12, 164, 165, 165, 165, 165, 165, 165, 164, 164, 165, 165, 165, 165, 167, 167, 167, 168, 168, 168, 168, 170, 173, 175, 176
2010,14209520,209,CH4 ,10PPBC, 8,13,9999, 180, 177, 178, 178, 178, 177, 175, 177, 179, 179, 179, 185, 186, 180, 180, 179, 179, 180, 181, 181, 181, 182, 182
2010,14209520,209,CH4 ,10PPBC, 8,14, 183, 183, 183, 184, 183, 184, 185, 186, 186, 184, 183, 177, 172, 173, 173, 174, 173, 173, 174, 175, 175, 175, 177, 178
2010,14209520,209,CH4 ,10PPBC, 8,15, 186, 187, 183, 182, 184, 183, 181, 179, 179, 179, 179, 174, 174, 175, 175, 175, 176, 175, 175, 176, 176, 174, 175, 177
2010,14209520,209,CH4 ,10PPBC, 8,16, 182, 186, 188, 189, 186, 180, 180, 181, 179, 180, 180, 181, 180, 179, 178, 178, 178, 177, 178, 179, 181, 180, 178, 178
2010,14209520,209,CH4 ,10PPBC, 8,17, 180, 178, 179, 183, 184, 185, 186, 186, 186, 185, 182, 181, 179, 179, 178, 177, 183, 183, 176, 174, 174, 174, 176, 180
2010,14209520,209,CH4 ,10PPBC, 8,18, 180, 178, 178, 178, 179, 180, 180, 178, 178, 180, 179, 178, 179, 177, 180, 177, 177, 177, 178, 178, 180, 179, 179, 180
2010,14209520,209,CH4 ,10PPBC, 8,19, 182, 179, 177, 178, 179, 180, 181, 182, 182, 182, 181, 181, 181, 180, 180, 182, 182, 183, 182, 181, 182, 182, 185, 183
2010,14209520,209,CH4 ,10PPBC, 8,20,9999, 180, 181, 181, 183, 185, 185, 185, 184, 184, 183, 182, 181, 182, 181, 182, 184, 183, 183, 180, 179, 180, 180, 178
2010,14209520,209,CH4 ,10PPBC, 8,21, 178, 179, 180, 182, 181, 182, 183, 184, 184, 183, 184, 183, 183, 183, 181, 180, 178, 176, 178, 177, 177, 178, 178, 178
2010,14209520,209,CH4 ,10PPBC, 8,22, 179, 180, 180, 182, 181, 181, 180, 179, 178, 178, 176, 175, 174, 174, 174, 174, 175, 174, 174, 174, 175, 175, 177, 178
2010,14209520,209,CH4 ,10PPBC, 8,23, 177, 177, 178, 177, 175, 175, 178, 179, 179, 178, 177, 175, 173, 174, 174, 173, 173, 173, 175, 175, 174, 175, 175, 174
2010,14209520,209,CH4 ,10PPBC, 8,24, 176, 174, 174, 175, 174, 173, 173, 173, 173, 173, 173, 172, 172, 174, 172, 172, 172, 174, 174, 175, 175, 175, 174, 174
2010,14209520,209,CH4 ,10PPBC, 8,25, 174, 175, 175, 174, 175, 176, 177, 176, 175,9999,9999, 173, 174, 173, 173, 172, 173, 173, 175, 177, 177, 178, 176, 177
2010,14209520,209,CH4 ,10PPBC, 8,26, 179, 176, 175, 174, 175, 175, 177, 177, 179, 176, 176, 173, 172, 172, 173, 173, 173, 175, 176, 176, 178, 177, 178, 180
2010,14209520,209,CH4 ,10PPBC, 8,27,9999, 178, 180, 183, 182, 183, 186, 187, 184, 181, 181, 179, 177, 176, 175, 173, 171, 169, 169, 171, 172, 173, 173, 174
2010,14209520,209,CH4 ,10PPBC, 8,28, 175, 174, 173, 175, 178, 181, 182, 179, 179, 177, 178, 175, 172, 169, 169, 170, 172, 170, 170, 171, 172, 173, 174, 173
2010,14209520,209,CH4 ,10PPBC, 8,29, 176, 179, 178, 178, 178, 175, 172, 171, 171, 171, 172, 172, 171, 171, 170, 170, 170, 170, 170, 172, 172, 173, 178, 180
2010,14209520,209,CH4 ,10PPBC, 8,30, 180, 181, 178, 180, 180, 182, 180, 178, 177, 177, 178, 177, 178, 182, 184, 180, 175, 173, 172, 173, 173, 173, 172, 177
2010,14209520,209,CH4 ,10PPBC, 8,31, 180, 180, 180, 176, 176, 176, 178, 181, 180, 179, 177, 182, 185, 177, 172, 171, 170, 171, 175, 177, 174, 170, 169, 169
2010,14209520,209,CH4 ,10PPBC, 9, 1, 170, 172, 172, 175, 176, 180, 177, 177, 172, 171, 171, 172, 173, 169, 170, 170, 171, 172, 171, 173, 175, 175, 175, 174
2010,14209520,209,CH4 ,10PPBC, 9, 2, 175, 174, 175, 175, 174, 174, 173, 174, 174, 175, 176, 176, 176, 176, 176, 175, 175, 175, 175, 175, 176, 175, 176, 175
2010,14209520,209,CH4 ,10PPBC, 9, 3,9999, 177, 177, 177, 179, 181, 180, 177, 176, 176, 176, 176, 175, 174, 174, 175, 175, 175, 178, 179, 177, 179, 179, 180
2010,14209520,209,CH4 ,10PPBC, 9, 4, 178, 176, 176, 175, 175, 178, 177, 175, 174, 174, 175, 175, 174, 175, 177, 175, 175, 174, 174, 174, 174, 174, 174, 176
2010,14209520,209,CH4 ,10PPBC, 9, 5, 175, 174, 177, 177, 179, 187, 188, 182, 174, 175, 176, 174, 173, 173, 173, 172, 172, 172, 172, 173, 174, 175, 175, 174
2010,14209520,209,CH4 ,10PPBC, 9, 6, 173, 174, 173, 173, 175, 179, 178, 174, 173, 171, 171, 170, 170, 169, 167, 168, 168, 169, 169, 169, 168, 168, 167, 167
2010,14209520,209,CH4 ,10PPBC, 9, 7, 167, 167, 167, 167, 168, 169, 171, 171, 169, 168,9999,9999,9999,9999, 171, 171, 171, 172, 172, 173, 172, 172, 176, 178
2010,14209520,209,CH4 ,10PPBC, 9, 8, 177, 178, 177, 177, 179, 179, 182, 182, 183, 184, 186, 186, 182, 181, 180, 180, 179, 179, 178, 177, 177, 176, 176, 177
2010,14209520,209,CH4 ,10PPBC, 9, 9, 178, 179, 181, 182, 182, 182, 182, 182, 183, 183, 182, 182, 182, 181, 181, 181, 181, 189, 189, 190, 189, 192, 187, 189
2010,14209520,209,CH4 ,10PPBC, 9,10, 189, 188, 187, 186, 187, 188, 191, 192, 192, 191, 190, 190, 186, 185, 185, 185, 186, 184, 183, 183, 184, 184, 185, 186
2010,14209520,209,CH4 ,10PPBC, 9,11, 186, 187, 186, 188, 189, 190, 188, 190, 189, 187, 187, 186, 184, 183, 182, 182, 181, 181, 182, 183, 185, 186, 185, 186
2010,14209520,209,CH4 ,10PPBC, 9,12, 185, 186, 184, 184, 182, 183, 185, 187, 189, 189, 190, 195, 198, 189, 183, 185, 188, 186, 184, 184, 181, 180, 179, 179
2010,14209520,209,CH4 ,10PPBC, 9,13, 182, 179, 178, 180, 181, 183, 182, 183, 185, 183, 180, 179, 178, 178, 179, 179, 179, 179, 180, 181, 183, 183, 185, 184
2010,14209520,209,CH4 ,10PPBC, 9,14,9999, 179, 177, 177, 178, 178, 179, 179, 183, 182, 183, 182, 181, 182, 179, 179, 179, 181, 180, 181, 183, 184, 182, 181
2010,14209520,209,CH4 ,10PPBC, 9,15, 181, 181, 181, 181, 182, 181, 182, 181, 180, 181, 181, 181, 182, 182, 182, 182, 183, 183, 183, 182, 182, 182, 182, 182
2010,14209520,209,CH4 ,10PPBC, 9,16, 182, 181, 180, 179, 179, 180, 182, 182, 181, 180, 179, 179, 179, 179, 180, 180, 181, 180, 180, 179, 180, 181, 183, 182
2010,14209520,209,CH4 ,10PPBC, 9,17, 183, 181, 180, 179, 178, 179, 180, 178, 177, 178, 179, 178, 178, 179, 180, 180, 181, 182, 182, 184, 184, 185, 183, 183
2010,14209520,209,CH4 ,10PPBC, 9,18, 183, 183, 183, 183, 182, 181, 184, 183, 180, 181, 181, 180, 181, 182, 183, 182, 182, 183, 183, 182, 182, 184, 181, 181
2010,14209520,209,CH4 ,10PPBC, 9,19, 182, 181, 181, 182, 184, 184, 185, 185, 183, 182, 182, 182, 180, 178, 178, 177, 177, 178, 178, 179, 179, 180, 181, 181
2010,14209520,209,CH4 ,10PPBC, 9,20, 181, 181, 181, 183, 187, 187, 187, 188, 187, 185, 187, 184, 183, 185, 187, 186, 188, 187, 186, 185, 186, 186, 187, 186
2010,14209520,209,CH4 ,10PPBC, 9,21,9999, 185, 186, 187, 187, 187, 187, 184, 182, 180, 181, 181, 181, 183, 184, 183, 184, 184, 184, 186, 185, 188, 191, 185
2010,14209520,209,CH4 ,10PPBC, 9,22, 183, 180, 180, 179, 180, 181, 184, 184, 182, 183,9999, 179, 178, 178, 177, 177, 178, 176, 177, 179, 183, 185, 183, 183
2010,14209520,209,CH4 ,10PPBC, 9,23, 182, 182, 182, 182, 181, 182, 182, 182, 181, 182, 182, 182, 181, 182, 182, 181, 181, 181, 181, 182, 182, 182, 182, 181
2010,14209520,209,CH4 ,10PPBC, 9,24, 180, 180, 181, 181, 182, 185, 184, 184, 182, 182, 183, 184, 184, 184, 183, 183, 182, 183, 183, 184, 184, 183, 183, 181
2010,14209520,209,CH4 ,10PPBC, 9,25, 180, 180, 180, 180, 179, 179, 179, 179, 179, 179, 179, 179, 180, 180, 180, 181, 181, 182, 183, 185, 184, 187, 188, 184
2010,14209520,209,CH4 ,10PPBC, 9,26, 182, 182, 183, 182, 182, 182, 183, 184, 185, 187, 185, 184, 184, 183, 185, 187, 187, 187, 186, 186, 186, 186, 187, 185
2010,14209520,209,CH4 ,10PPBC, 9,27, 186, 185, 185, 184, 184, 183, 184, 184, 183, 181, 180, 180, 179, 180, 180, 179, 180, 180, 180, 181, 182, 182, 181, 180
2010,14209520,209,CH4 ,10PPBC, 9,28, 180, 180, 180, 180, 180, 181, 182, 185, 185, 183, 182, 183, 182, 182, 182, 181, 181, 183, 187, 187, 189, 192, 192, 189
2010,14209520,209,CH4 ,10PPBC, 9,29,9999, 186, 187, 183, 182, 184, 183, 182, 183, 183, 183, 183, 184, 183, 184, 187, 188, 187, 188, 187, 187, 187, 190, 193
2010,14209520,209,CH4 ,10PPBC, 9,30, 190, 189, 187, 187, 190, 189, 189, 189, 188, 189, 189, 189, 188, 188, 186, 186, 186, 187, 189, 189, 187, 187, 187, 185
2010,14209520,209,CH4 ,10PPBC, 9,31,9998,9998,9998,9998,9998,9998,9998,9998,9998,9998,9998,9998,9998,9998,9998,9998,9998,9998,9998,9998,9998,9998,9998,9998
2010,14209520,209,CH4 ,10PPBC,10, 1, 186, 186, 185, 186, 186, 185, 184, 185, 187, 187, 187, 188, 186, 186, 185, 185, 185, 186, 189, 186, 186, 186, 189, 190
2010,14209520,209,CH4 ,10PPBC,10, 2, 189, 188, 187, 187, 188, 187, 188, 187, 185, 185, 184, 184, 183, 184, 183, 184, 184, 186, 185, 186, 188, 189, 189, 190
2010,14209520,209,CH4 ,10PPBC,10, 3, 190, 187, 185, 185, 185, 185, 187, 185, 182, 183, 182, 182, 183, 182, 182, 183, 183, 186, 187, 186, 185, 186, 187, 187
2010,14209520,209,CH4 ,10PPBC,10, 4, 186, 185, 185, 186, 186, 185, 185, 186, 185, 186, 188, 189, 187, 188, 187, 185, 185, 186, 189, 188, 187, 187, 187, 186
2010,14209520,209,CH4 ,10PPBC,10, 5, 186, 187, 185, 186, 185, 183, 183, 183, 182, 183, 185, 186, 186, 185, 184, 183, 184, 185, 186, 186, 187, 190, 189, 188
2010,14209520,209,CH4 ,10PPBC,10, 6,9999, 186, 186, 186, 187, 187, 185, 185, 184, 183, 182, 183, 183, 183, 183, 183, 183, 185, 186, 187, 187, 187, 188, 186
2010,14209520,209,CH4 ,10PPBC,10, 7, 186, 187, 187, 185, 186, 185, 185, 185, 185,9999, 185, 185, 185, 184, 185, 185, 185, 185, 186, 187, 187, 187, 186, 185
2010,14209520,209,CH4 ,10PPBC,10, 8, 185, 185, 186, 186, 186, 187, 186, 185, 185, 186, 186, 185, 185, 184, 184, 185, 184, 185, 186, 186, 187, 187, 185, 185
2010,14209520,209,CH4 ,10PPBC,10, 9, 185, 185, 184, 183, 182, 182, 183, 183, 183, 183, 182, 181, 181, 181, 182, 181, 180, 180, 181, 181, 181, 181, 181, 181
2010,14209520,209,CH4 ,10PPBC,10,10, 180, 180, 179, 179, 180, 180, 180, 180, 181, 179, 179, 178, 179, 178, 178, 179, 180, 182, 183, 185, 183, 183, 187, 185
2010,14209520,209,CH4 ,10PPBC,10,11, 183, 185, 180, 177, 177, 177, 178, 178, 178, 179, 179, 179, 179, 179, 179, 181, 183, 182, 184, 186, 186, 186, 187, 188
2010,14209520,209,CH4 ,10PPBC,10,12, 183, 181, 182, 182, 184, 184, 183, 184, 186, 190, 193, 187, 186, 186, 185, 185, 185, 181, 183, 183, 185, 185, 188, 188
2010,14209520,209,CH4 ,10PPBC,10,13,9999, 192, 187, 188, 186, 187, 186, 187, 187, 185, 184, 183, 182, 182, 182, 185, 186, 190, 188, 188, 190, 192, 190, 187
2010,14209520,209,CH4 ,10PPBC,10,14, 184, 184, 184, 181, 181, 181, 182, 183, 182, 181, 182, 182, 182, 182, 182, 181, 182, 183, 185, 183, 183, 185, 185, 185
2010,14209520,209,CH4 ,10PPBC,10,15, 184, 181, 181, 181, 181, 181, 182, 183, 182, 180, 180, 180, 181, 181, 181, 182, 181, 183, 185, 186, 186, 187, 188, 187
2010,14209520,209,CH4 ,10PPBC,10,16, 185, 184, 181, 182, 182, 183, 184, 184, 185, 183, 182, 181, 181, 181, 184, 187, 185, 184, 185, 188, 189, 191, 192, 186
2010,14209520,209,CH4 ,10PPBC,10,17, 184, 183, 184, 185, 184, 183, 182, 183, 182, 181, 182, 181, 181, 181, 181, 182, 182, 183, 184, 184, 184, 186, 187, 186
2010,14209520,209,CH4 ,10PPBC,10,18, 186, 182, 184, 183, 184, 184, 187, 188, 187, 184, 182, 183, 184, 184, 183, 184, 185, 184, 184, 189, 185, 185, 186, 184
2010,14209520,209,CH4 ,10PPBC,10,19, 184, 183, 183, 182, 181, 182, 182, 182, 183, 183, 182, 182, 182, 183, 183, 184, 183, 183, 184, 184, 183, 183, 183, 183
2010,14209520,209,CH4 ,10PPBC,10,20,9999, 180, 180, 180, 183, 185, 187, 186, 183, 180, 181, 182, 180, 181, 182, 182, 182, 183, 182, 183, 183, 180, 181, 182
2010,14209520,209,CH4 ,10PPBC,10,21, 183, 182, 181, 180, 179, 179, 179, 180, 181, 181, 180, 179, 179, 179, 179, 179, 179, 179, 179, 178, 178, 179, 181, 179
2010,14209520,209,CH4 ,10PPBC,10,22, 179, 180, 181, 181, 182, 181, 181, 181, 181,9999,9999, 182, 182, 182, 182, 182, 183, 183, 182, 182, 183, 183, 183, 183
2010,14209520,209,CH4 ,10PPBC,10,23, 183, 183, 183, 183, 183, 184, 183, 183, 182, 181, 181, 182, 182, 182, 182, 182, 183, 184, 185, 186, 188, 186, 184, 184
2010,14209520,209,CH4 ,10PPBC,10,24, 183, 182, 181, 183, 182, 183, 183, 184, 184, 183, 184, 183, 184, 184, 184, 183, 183, 184, 185, 186, 186, 185, 184, 182
2010,14209520,209,CH4 ,10PPBC,10,25, 182, 181, 180, 179, 178, 179, 181, 180, 179, 179, 180, 181, 181, 180, 180, 180, 180, 181, 183, 184, 186, 188, 186, 182
2010,14209520,209,CH4 ,10PPBC,10,26, 178, 178, 179, 178, 179, 180, 180, 182, 184, 186, 186, 184, 180, 180, 181, 182, 181, 181, 182, 182, 182, 182, 181, 181
2010,14209520,209,CH4 ,10PPBC,10,27, 181, 181, 181, 181, 181, 181, 181, 181, 181, 181, 181, 181, 181, 181, 182, 182, 182, 183, 184, 187, 185, 186, 187, 187
2010,14209520,209,CH4 ,10PPBC,10,28, 185, 184, 183, 183, 182, 182, 182, 183, 182, 182, 181, 180, 181, 180, 180, 180, 179, 179, 179, 180, 181, 181, 180, 180
2010,14209520,209,CH4 ,10PPBC,10,29,9999, 183, 184, 185, 185, 186, 186, 187, 188, 184, 185, 184, 184, 184, 184, 184, 186, 186, 185, 186, 187, 188, 186, 185
2010,14209520,209,CH4 ,10PPBC,10,30, 184, 183, 183, 183, 183, 182, 182, 182, 182, 182, 182, 182, 182, 182, 182, 181, 181, 181, 180, 180, 179, 179, 179, 180
2010,14209520,209,CH4 ,10PPBC,10,31, 180, 180, 179, 179, 178, 179, 179, 181, 180, 180, 180, 181, 181, 181, 182, 182, 182, 182, 182, 182, 182, 182, 183, 182
2010,14209520,209,CH4 ,10PPBC,11, 1, 182, 181, 179, 179, 179, 178, 179, 180, 181, 178, 178, 178, 179, 179, 179, 178, 178, 180, 183, 186, 187, 187, 182, 182
2010,14209520,209,CH4 ,10PPBC,11, 2, 183, 185, 182, 180, 180, 179, 179, 180, 180, 180, 182, 183, 182, 181, 181, 181, 182, 183, 186, 186, 185, 183, 181, 182
2010,14209520,209,CH4 ,10PPBC,11, 3, 182, 188, 190, 185, 185, 186, 186, 187, 184, 184, 184, 184, 184, 184, 185, 185, 185, 184, 185, 185, 184, 184, 185, 187
2010,14209520,209,CH4 ,10PPBC,11, 4, 186,9999,9999,9999,9999,9999,9999,9999,9999,9999,9999,9999,9999,9999,9999,9999,9999,9999,9999,9999,9999,9999,9999,9999
2010,14209520,209,CH4 ,10PPBC,11, 5,9999,9999,9999,9999,9999,9999,9999,9999,9999,9999,9999,9999,9999,9999,9999,9999,9999,9999,9999,9999,9999,9999,9999,9999
2010,14209520,209,CH4 ,10PPBC,11, 6,9999,9999,9999,9999,9999,9999,9999,9999,9999,9999,9999,9999,9999,9999,9999,9999,9999,9999,9999,9999,9999,9999,9999,9999
2010,14209520,209,CH4 ,10PPBC,11, 7,9999,9999,9999,9999,9999,9999,9999,9999,9999,9999,9999,9999,9999,9999,9999,9999,9999,9999,9999,9999,9999,9999,9999,9999
2010,14209520,209,CH4 ,10PPBC,11, 8,9999,9999,9999,9999,9999,9999,9999,9999,9999,9999,9999,9999,9999,9999,9999,9999,9999,9999,9999,9999,9999,9999,9999,9999
2010,14209520,209,CH4 ,10PPBC,11, 9,9999,9999,9999,9999,9999,9999,9999,9999,9999,9999,9999,9999,9999,9999,9999,9999,9999,9999,9999,9999,9999,9999,9999,9999
2010,14209520,209,CH4 ,10PPBC,11,10,9999,9999,9999,9999,9999,9999,9999,9999,9999,9999,9999,9999,9999,9999,9999,9999,9999,9999,9999,9999,9999,9999,9999,9999
2010,14209520,209,CH4 ,10PPBC,11,11,9999,9999,9999,9999,9999,9999,9999,9999,9999,9999,9999,9999,9999,9999,9999,9999,9999,9999,9999,9999,9999,9999,9999,9999
2010,14209520,209,CH4 ,10PPBC,11,12,9999,9999,9999,9999,9999,9999,9999,9999,9999,9999,9999,9999,9999,9999,9999,9999,9999,9999,9999,9999,9999,9999,9999,9999
2010,14209520,209,CH4 ,10PPBC,11,13,9999,9999,9999,9999,9999,9999,9999,9999,9999,9999,9999,9999,9999,9999,9999,9999,9999,9999,9999,9999,9999,9999,9999,9999
2010,14209520,209,CH4 ,10PPBC,11,14,9999,9999,9999,9999,9999,9999,9999,9999,9999,9999,9999,9999,9999,9999,9999,9999,9999,9999,9999,9999,9999,9999,9999,9999
2010,14209520,209,CH4 ,10PPBC,11,15,9999,9999,9999,9999,9999,9999,9999,9999,9999,9999,9999,9999,9999,9999,9999,9999,9999,9999,9999,9999,9999,9999,9999,9999
2010,14209520,209,CH4 ,10PPBC,11,16,9999,9999,9999,9999,9999,9999,9999,9999,9999,9999,9999,9999,9999,9999,9999,9999,9999,9999,9999,9999,9999,9999,9999,9999
2010,14209520,209,CH4 ,10PPBC,11,17,9999,9999,9999,9999,9999,9999,9999,9999,9999,9999,9999,9999,9999,9999,9999,9999,9999,9999,9999,9999,9999,9999,9999,9999
2010,14209520,209,CH4 ,10PPBC,11,18,9999,9999,9999,9999,9999,9999,9999,9999,9999,9999,9999,9999,9999,9999,9999,9999,9999,9999,9999,9999,9999,9999,9999,9999
2010,14209520,209,CH4 ,10PPBC,11,19,9999,9999,9999,9999,9999,9999,9999,9999,9999,9999,9999,9999,9999,9999,9999,9999,9999,9999,9999,9999,9999,9999,9999,9999
2010,14209520,209,CH4 ,10PPBC,11,20,9999,9999,9999,9999,9999,9999,9999,9999,9999,9999,9999,9999,9999,9999,9999,9999,9999,9999,9999,9999,9999,9999,9999,9999
2010,14209520,209,CH4 ,10PPBC,11,21,9999,9999,9999,9999,9999,9999,9999,9999,9999,9999,9999,9999,9999,9999,9999,9999,9999,9999,9999,9999,9999,9999,9999,9999
2010,14209520,209,CH4 ,10PPBC,11,22,9999,9999,9999,9999,9999,9999,9999,9999,9999,9999,9999,9999,9999,9999,9999,9999,9999,9999,9999,9999,9999,9999,9999,9999
2010,14209520,209,CH4 ,10PPBC,11,23,9999,9999,9999,9999,9999,9999,9999,9999,9999,9999,9999,9999,9999,9999,9999,9999,9999,9999,9999,9999,9999,9999,9999,9999
2010,14209520,209,CH4 ,10PPBC,11,24,9999,9999,9999,9999,9999,9999,9999,9999,9999,9999,9999,9999,9999,9999,9999,9999,9999,9999,9999,9999,9999,9999,9999,9999
2010,14209520,209,CH4 ,10PPBC,11,25,9999,9999,9999,9999,9999,9999,9999,9999,9999,9999,9999,9999,9999,9999,9999,9999,9999,9999,9999,9999,9999,9999,9999,9999
2010,14209520,209,CH4 ,10PPBC,11,26,9999,9999,9999,9999,9999,9999,9999,9999,9999,9999,9999,9999,9999,9999,9999,9999,9999,9999,9999,9999,9999,9999,9999,9999
2010,14209520,209,CH4 ,10PPBC,11,27,9999,9999,9999,9999,9999,9999,9999,9999,9999,9999,9999,9999,9999,9999,9999,9999,9999,9999,9999,9999,9999,9999,9999,9999
2010,14209520,209,CH4 ,10PPBC,11,28,9999,9999,9999,9999,9999,9999,9999,9999,9999,9999,9999,9999,9999,9999,9999,9999,9999,9999,9999,9999,9999,9999,9999,9999
2010,14209520,209,CH4 ,10PPBC,11,29,9999,9999,9999,9999,9999,9999,9999,9999,9999,9999,9999,9999,9999,9999,9999,9999, 183, 185, 189, 192, 192, 194, 196, 204
2010,14209520,209,CH4 ,10PPBC,11,30, 198, 194, 191, 191, 190, 187, 189, 190, 189, 185, 185, 184, 185, 186, 201, 186, 186, 188, 186, 187, 186, 195, 195, 192
2010,14209520,209,CH4 ,10PPBC,11,31,9998,9998,9998,9998,9998,9998,9998,9998,9998,9998,9998,9998,9998,9998,9998,9998,9998,9998,9998,9998,9998,9998,9998,9998
2010,14209520,209,CH4 ,10PPBC,12, 1, 192, 187, 188, 186, 188, 187, 184, 187, 186, 189, 184, 184, 185, 184, 184, 185, 189, 198, 201, 198, 194, 191, 188, 186
2010,14209520,209,CH4 ,10PPBC,12, 2, 185, 184, 184, 185, 185, 188, 188, 185, 185, 186, 187, 185, 185, 186, 186, 187, 188, 191, 191, 190, 191, 198, 189, 192
2010,14209520,209,CH4 ,10PPBC,12, 3, 189, 189, 188, 188, 188, 187, 188, 188, 186, 178, 175, 176, 177, 180, 178, 178, 177, 177, 178, 180, 182, 183, 183, 183
2010,14209520,209,CH4 ,10PPBC,12, 4, 183, 182, 181, 181, 181, 182, 183, 185, 186, 185, 183, 183, 182, 182, 183, 183, 184, 184, 184, 185, 187, 193, 187, 189
2010,14209520,209,CH4 ,10PPBC,12, 5, 184, 184, 183, 183, 182, 181, 180, 181, 183, 184, 184, 183, 184, 184, 185, 186, 185, 187, 188, 194, 191, 188, 191, 191
2010,14209520,209,CH4 ,10PPBC,12, 6,9999, 185, 184, 183, 183, 183, 183, 182, 182, 183, 183, 184, 185, 184, 184, 184, 184, 185, 188, 188, 190, 193, 194, 187
2010,14209520,209,CH4 ,10PPBC,12, 7, 186, 183, 183, 183, 184, 185, 185, 186, 186, 185, 183, 182, 181, 180, 181, 181, 182, 182, 183, 184, 182, 182, 181, 181
2010,14209520,209,CH4 ,10PPBC,12, 8, 181, 180, 180, 180, 180, 180, 180, 181, 181, 180, 179, 179,9999,9999,9999, 184, 183, 183, 184, 184, 184, 184, 184, 185
2010,14209520,209,CH4 ,10PPBC,12, 9, 184, 184, 183, 183, 182, 183, 183, 186, 186, 183, 182, 183, 183, 183, 183, 184, 186, 189, 187, 189, 189, 191, 191, 188
2010,14209520,209,CH4 ,10PPBC,12,10, 187, 187, 185, 184, 185, 185, 186, 186, 188, 185, 185, 187, 186, 186, 189, 188, 189, 192, 194, 195, 197, 198, 200, 199
2010,14209520,209,CH4 ,10PPBC,12,11, 193, 193, 191, 191, 191, 188, 186, 190, 189, 189, 183, 182, 182, 181, 182, 182, 183, 187, 192, 184, 183, 183, 189, 188
2010,14209520,209,CH4 ,10PPBC,12,12, 190, 191, 186, 186, 185, 186, 187, 190, 188, 186, 186, 186, 186, 186, 186, 187, 188, 189, 191, 193, 194, 192, 190, 190
2010,14209520,209,CH4 ,10PPBC,12,13, 189, 188, 187, 187, 186, 187, 188, 187, 187, 187, 186, 187, 187, 188, 188, 186, 186, 186, 186, 186, 186, 186, 187, 187
2010,14209520,209,CH4 ,10PPBC,12,14, 187, 185, 185, 183, 182, 182, 183, 185, 185, 186, 188, 187, 186, 186, 186, 185, 188, 192, 192, 193, 197, 195, 198, 195
2010,14209520,209,CH4 ,10PPBC,12,15,9999, 183, 182, 182, 184, 184, 187, 188, 184, 183, 184, 184, 184, 189, 187, 188, 183, 183, 185, 186, 186, 186, 187, 186
2010,14209520,209,CH4 ,10PPBC,12,16, 186, 186, 186, 186, 187, 186, 187, 186, 187, 187, 187, 188, 189, 189, 188, 188, 187, 189, 188, 189, 190, 191, 192, 189
2010,14209520,209,CH4 ,10PPBC,12,17, 188, 188, 188, 190, 188, 188, 188, 189, 185, 185, 185, 183, 183, 184, 184, 185, 188, 192, 192, 196, 196, 193, 191, 189
2010,14209520,209,CH4 ,10PPBC,12,18, 189, 188, 189, 187, 184, 185, 186, 193, 188, 185, 186, 185, 186, 188, 187, 186, 186, 186, 186, 187, 187, 188, 189, 190
2010,14209520,209,CH4 ,10PPBC,12,19, 189, 189, 193, 192, 189, 188, 188, 188, 188, 187, 186, 186, 185, 187, 189, 189, 190, 193, 192, 194, 193, 191, 189, 190
2010,14209520,209,CH4 ,10PPBC,12,20, 192, 193, 192, 187, 186, 185, 187, 187, 187, 186, 185, 184, 182, 184, 185, 185, 186, 192, 199, 195, 191, 191, 188, 190
2010,14209520,209,CH4 ,10PPBC,12,21, 193, 189, 185, 186, 185, 185, 185, 186, 185,9999, 187, 188, 186, 186, 187, 187, 190, 188, 189, 186, 187, 185, 185, 184
2010,14209520,209,CH4 ,10PPBC,12,22,9999, 182, 182, 181, 180, 179, 181, 183, 181, 182, 187, 179, 178, 178, 181, 183, 183, 184, 190, 191, 187, 188, 190, 189
2010,14209520,209,CH4 ,10PPBC,12,23, 185, 185, 183, 183, 183, 184, 185, 187, 187, 181, 181, 180, 180, 181, 181, 182, 183, 183, 185, 190, 189, 187, 185, 188
2010,14209520,209,CH4 ,10PPBC,12,24, 186, 186, 183, 182, 183, 183, 184, 185, 183, 182, 182, 182, 182, 183, 183, 182, 183, 185, 186, 186, 186, 186, 185, 185
2010,14209520,209,CH4 ,10PPBC,12,25, 185, 185, 185, 188, 189, 189, 187, 185, 182, 179, 179, 179, 179, 179, 179, 179, 179, 180, 180, 181, 182, 181, 181, 181
2010,14209520,209,CH4 ,10PPBC,12,26, 180, 179, 178, 178, 179, 178, 179, 180, 180, 180, 179, 179, 178, 178, 179, 179, 179, 180, 181, 182, 188, 185, 189, 186
2010,14209520,209,CH4 ,10PPBC,12,27, 183, 182, 183, 184, 182, 183, 185, 186, 185, 182, 181, 180, 180, 181, 182, 181, 183, 185, 191, 188, 188, 187, 188, 184
2010,14209520,209,CH4 ,10PPBC,12,28, 182, 182, 181, 181, 182, 181, 182, 182, 182, 182, 184, 183, 182, 181, 181, 181, 181, 183, 181, 181, 180, 183, 188, 187
2010,14209520,209,CH4 ,10PPBC,12,29,9999, 191, 189, 191, 191, 190, 190, 191, 190, 187, 184, 184, 184, 184, 185, 186, 186, 186, 186, 187, 187, 187, 188, 190
2010,14209520,209,CH4 ,10PPBC,12,30, 192, 192, 189, 189, 188, 189, 190, 187, 186, 187, 190, 191, 192, 193, 191, 188, 187, 187, 186, 185, 186, 186, 186, 186
2010,14209520,209,CH4 ,10PPBC,12,31, 186, 187, 188, 188, 188, 188, 190, 188, 186, 183, 181, 181, 181, 181, 182, 182, 183, 184, 185, 185, 184, 186, 185, 184
2010,14209520,209,CH4 ,10PPBC, 1, 1, 185, 186, 186, 188, 186, 185, 185, 183, 186, 185, 183, 183, 184, 184, 184, 185, 186, 188, 187, 189, 192, 192, 189, 193
2010,14209520,209,CH4 ,10PPBC, 1, 2, 189, 191, 190, 189, 189, 191, 189, 186, 188, 186, 186, 185, 185, 184, 184, 184, 185, 185, 186, 186, 186, 187, 187, 188
2010,14209520,209,CH4 ,10PPBC, 1, 3, 188, 188, 189, 189, 188, 187, 188, 188, 187, 185, 184, 184, 184, 184, 184, 185, 186, 188, 191, 192, 191, 191, 193, 189
2010,14209520,209,CH4 ,10PPBC, 1, 4, 189, 187, 186, 185, 184, 184, 185, 187, 186, 185, 185, 185, 184, 184, 184, 184, 184, 185, 186, 186, 191, 192, 191, 189
2010,14209520,209,CH4 ,10PPBC, 1, 5,9999, 183, 183, 185, 183, 183, 183, 185, 182, 181, 183, 182, 182, 182, 182, 182, 181, 183, 182, 182, 182, 185, 187, 185
2010,14209520,209,CH4 ,10PPBC, 1, 6, 182, 182, 181, 181, 181, 181, 182, 185, 184,9999,9999, 181, 181, 182, 182, 182, 182, 182, 183, 183, 185, 183, 183, 184
2010,14209520,209,CH4 ,10PPBC, 1, 7, 183, 182, 182, 182, 181, 182, 183, 183, 182, 182, 182, 182, 182, 182, 182, 182, 182, 183, 184, 184, 185, 184, 184, 183
2010,14209520,209,CH4 ,10PPBC, 1, 8, 183, 183, 182, 181, 180, 181, 182, 182, 182, 182, 182, 182, 183, 183, 184, 184, 183, 184, 186, 190, 189, 185, 184, 183
2010,14209520,209,CH4 ,10PPBC, 1, 9, 187, 184, 183, 181, 181, 181, 180, 181, 182, 181, 182, 181, 180, 180, 180, 186, 185, 187, 187, 183, 183, 183, 183, 183
2010,14209520,209,CH4 ,10PPBC, 1,10, 182, 183, 183, 183, 184, 184, 184, 184, 184, 183, 183, 183, 183, 183, 183, 183, 184, 184, 185, 185, 185, 185, 185, 185
2010,14209520,209,CH4 ,10PPBC, 1,11, 184, 184, 184, 182, 184, 187, 187, 187, 187, 186, 186, 184, 183, 183, 182, 183, 182, 185, 188, 191, 190, 194, 196, 194
2010,14209520,209,CH4 ,10PPBC, 1,12, 190, 194, 193, 190, 189, 187, 187, 189, 188, 185, 186, 186, 186, 186, 185, 186, 188, 190, 184, 182, 184, 184, 184, 185
2010,14209520,209,CH4 ,10PPBC, 1,13,9999, 183, 183, 183, 183, 183, 183, 184, 184, 184, 183, 183, 183, 183, 184, 184, 184, 185, 185, 185, 185, 186, 186, 186
2010,14209520,209,CH4 ,10PPBC, 1,14, 186, 186, 187, 187, 187, 189, 191, 191, 189, 187, 186, 186, 186, 186, 186, 186, 188, 190, 190, 196, 196, 196, 194, 192
2010,14209520,209,CH4 ,10PPBC, 1,15, 192, 188, 190, 189, 186, 184, 185, 187, 185, 187, 185, 184, 183, 185, 186, 188, 189, 190, 191, 190, 189, 188, 187, 187
2010,14209520,209,CH4 ,10PPBC, 1,16, 185, 184, 184, 182, 180, 180, 180, 180, 180, 181, 182, 181, 180, 181, 181, 182, 182, 182, 183, 183, 184, 184, 183, 182
2010,14209520,209,CH4 ,10PPBC, 1,17, 181, 182, 182, 181, 183, 184, 182, 184, 184, 184, 182, 181, 181, 182, 182, 182, 182, 184, 185, 184, 185, 185, 186, 185
2010,14209520,209,CH4 ,10PPBC, 1,18, 186, 187, 188, 188, 188, 190, 193, 194, 191, 185, 183, 184, 186, 185, 185, 184, 184, 187, 192, 195, 198, 190, 196, 192
2010,14209520,209,CH4 ,10PPBC, 1,19, 188, 186, 188, 185, 183, 185, 187, 192, 189, 188, 182, 182, 182, 183, 184, 185, 190, 186, 191, 186, 185, 185, 185, 186
2010,14209520,209,CH4 ,10PPBC, 1,20,9999, 188, 184, 183, 183, 187, 190, 192, 193,9999, 181, 182, 182, 183, 182, 184, 185, 183, 184, 184, 184, 184, 184, 185
2010,14209520,209,CH4 ,10PPBC, 1,21, 184, 183, 184, 184, 183, 182, 183, 183, 183, 183, 181, 181, 182, 182, 183, 184, 183, 185, 188, 189, 185, 186, 185, 189
2010,14209520,209,CH4 ,10PPBC, 1,22, 190, 188, 186, 186, 185, 184, 185, 183, 182, 182, 184, 184, 183, 182, 182, 182, 183, 189, 187, 189, 186, 185, 186, 185
2010,14209520,209,CH4 ,10PPBC, 1,23, 186, 187, 189, 185, 187, 191, 185, 190, 190, 184, 188, 188, 184, 183, 183, 184, 185, 186, 188, 188, 186, 187, 186, 186
2010,14209520,209,CH4 ,10PPBC, 1,24, 185, 185, 184, 184, 184, 184, 184, 185, 186, 185, 185, 185, 184, 184, 184, 185, 186, 188, 187, 187, 186, 186, 186, 186
2010,14209520,209,CH4 ,10PPBC, 1,25, 186, 187, 186, 186, 186, 187, 189, 190, 190, 187, 185, 185, 186, 185, 186, 185, 186, 187, 186, 186, 186, 187, 186, 187
2010,14209520,209,CH4 ,10PPBC, 1,26, 190, 189, 188, 186, 186, 187, 189, 188, 186, 185, 185, 185, 185, 185, 184, 185, 186, 186, 185, 184, 184, 185, 186, 187
2010,14209520,209,CH4 ,10PPBC, 1,27,9999, 184, 183, 184, 187, 187, 188, 192, 194, 186, 184, 183, 183, 183, 184, 184, 185, 184, 184, 184, 185, 185, 185, 185
2010,14209520,209,CH4 ,10PPBC, 1,28, 185, 186, 188, 187, 186, 188, 189, 188, 186, 183, 183, 182, 182, 182, 182, 183, 183, 183, 183, 184, 184, 185, 184, 184
2010,14209520,209,CH4 ,10PPBC, 1,29, 184, 183, 183, 183, 182, 181, 182, 182, 182, 182, 182, 182, 183, 182, 183, 183, 184, 184, 186, 186, 187, 191, 191, 187
2010,14209520,209,CH4 ,10PPBC, 1,30, 187, 187, 187, 182, 180, 179, 179, 181, 180, 180, 180, 180, 181, 180, 181, 183, 183, 183, 182, 182, 183, 183, 184, 183
2010,14209520,209,CH4 ,10PPBC, 1,31, 184, 184, 186, 186, 187, 181, 182, 185, 180, 180, 180, 180, 180, 181, 182, 181, 182, 184, 184, 187, 191, 191, 189, 182
2010,14209520,209,CH4 ,10PPBC, 2, 1, 182, 181, 181, 182, 181, 179, 181, 180, 181, 180, 181, 180, 180, 181, 181, 181, 182, 184, 184, 184, 184, 184, 185, 184
2010,14209520,209,CH4 ,10PPBC, 2, 2, 184, 185, 186, 184, 185, 185, 187, 189, 185, 184, 184, 182, 182, 185, 190, 190, 187, 189, 187, 190, 194, 194, 192, 188
2010,14209520,209,CH4 ,10PPBC, 2, 3,9999, 187, 188, 189, 187, 186, 186, 187, 186, 186, 185, 185, 186, 184, 185, 189, 188, 187, 189, 189, 188, 190, 192, 187
2010,14209520,209,CH4 ,10PPBC, 2, 4, 188, 186, 186,9999,9999,9999,9999,9999,9999,9999,9999,9999,9999,9999,9999,9999,9999,9999, 188, 194, 189, 186, 188, 193
2010,14209520,209,CH4 ,10PPBC, 2, 5, 193, 186, 184, 189, 188, 184, 186, 190, 186, 186, 184, 184, 184, 183, 184, 185, 186, 190, 192, 196, 195, 190, 192, 190
2010,14209520,209,CH4 ,10PPBC, 2, 6, 190, 189, 189, 190, 187, 190, 186, 186, 186, 187, 187, 187, 189, 191, 191, 192, 193, 194, 193, 191, 190, 191, 190, 189
2010,14209520,209,CH4 ,10PPBC, 2, 7, 191, 193, 193, 194, 192, 191, 187, 189, 184, 182,9999, 182, 183, 183, 185, 185, 185, 185, 184, 184, 184, 185, 184, 184
2010,14209520,209,CH4 ,10PPBC, 2, 8, 184, 183, 182, 182, 182, 182, 184, 184, 184, 184, 184, 183, 183, 185, 185, 185, 187, 188, 187, 188, 188, 185, 185, 185
2010,14209520,209,CH4 ,10PPBC, 2, 9, 183, 182, 182, 183, 182, 182, 181, 181, 181, 181, 182, 181, 180, 181, 181, 182, 183, 191, 190, 191, 192, 191, 187, 185
2010,14209520,209,CH4 ,10PPBC, 2,10, 184, 184, 183, 183, 182, 182, 183, 183, 184, 183, 182, 182, 183, 183, 184, 184, 186, 187, 185, 184, 184, 184, 184, 183
2010,14209520,209,CH4 ,10PPBC, 2,11,9999, 184, 184, 183, 182, 182, 182, 182, 182, 183, 183, 183, 184, 183, 182, 181, 181, 183, 183, 183, 183, 181, 180, 179
2010,14209520,209,CH4 ,10PPBC, 2,12, 179, 179, 179, 178, 179, 178, 179, 179, 179, 180, 180, 179, 179, 179, 179, 180, 180, 180, 181, 182, 182, 184, 185, 185
2010,14209520,209,CH4 ,10PPBC, 2,13, 183, 183, 182, 180, 180, 179, 179, 179, 180, 181, 181, 182, 182, 182, 183, 184, 184, 184, 186, 186, 185, 186, 187, 190
2010,14209520,209,CH4 ,10PPBC, 2,14, 187, 185, 185, 184, 184, 193, 186, 186, 186, 186, 186, 187, 185, 186, 187, 187, 187, 186, 188, 187, 187, 186, 185, 183
2010,14209520,209,CH4 ,10PPBC, 2,15, 181, 181, 182, 181, 181, 183, 182, 185, 185, 185, 184, 184, 184, 183, 183, 184, 184, 185, 186, 186, 186, 186, 186, 191
2010,14209520,209,CH4 ,10PPBC, 2,16, 192, 189, 188, 192, 188, 186, 188, 190, 190, 186, 187, 187, 189, 189, 189, 188, 187, 187, 187, 189, 191, 191, 191, 191
2010,14209520,209,CH4 ,10PPBC, 2,17, 191, 193, 192, 193, 192, 191, 193, 195, 197, 192, 193, 200, 199, 191, 184, 182, 182, 182, 182, 183, 183, 181, 180, 181
2010,14209520,209,CH4 ,10PPBC, 2,18,9999, 187, 187, 187, 186, 186, 186, 184, 182, 181, 181, 180, 181, 181, 181, 181, 182, 183, 184, 185, 185, 185, 185, 184
2010,14209520,209,CH4 ,10PPBC, 2,19, 185, 185, 184, 185, 185, 185, 185, 186, 186, 185, 185, 185, 185, 185, 188, 189, 188, 189, 188, 188, 190, 193, 191, 189
2010,14209520,209,CH4 ,10PPBC, 2,20, 191, 191, 189, 188, 188, 188, 187, 188, 188, 189, 189, 188, 188, 187, 186, 186, 187, 188, 190, 189, 188, 184, 185, 185
2010,14209520,209,CH4 ,10PPBC, 2,21, 185, 184, 184, 185, 186, 186, 185, 186, 187, 186, 186, 186, 185, 185, 185, 186, 185, 186, 190, 187, 187, 187, 188, 189
2010,14209520,209,CH4 ,10PPBC, 2,22, 188, 188, 187, 185, 185, 186, 188, 189, 189, 190, 187, 186, 186, 186, 186, 186, 186, 187, 188, 189, 189, 189, 191, 193
2010,14209520,209,CH4 ,10PPBC, 2,23, 194, 191, 190, 189, 189, 189, 188, 190, 189,9999, 185, 186, 186, 188, 190, 191, 187, 186, 189, 190, 190, 194, 194, 192
2010,14209520,209,CH4 ,10PPBC, 2,24, 191, 190, 188, 188, 188, 189, 191, 192, 191, 190, 191, 191, 187, 186, 186, 184, 184, 185, 186, 185, 184, 184, 184, 184
2010,14209520,209,CH4 ,10PPBC, 2,25,9999, 181, 180, 182, 183, 183, 186, 186, 181, 178, 179, 179, 178, 178, 178, 180, 180, 181, 182, 185, 184, 185, 185, 184
2010,14209520,209,CH4 ,10PPBC, 2,26, 184, 184, 184, 184, 184, 184, 185, 185, 186, 186, 185, 186, 187, 188, 189, 189, 188, 188, 188, 189, 193, 195, 194, 194
2010,14209520,209,CH4 ,10PPBC, 2,27, 193, 191, 191, 191, 190, 189, 188, 188, 187, 189, 187, 188, 187, 183, 187, 184, 183, 186, 190, 190, 189, 189, 189, 189
2010,14209520,209,CH4 ,10PPBC, 2,28, 188, 187, 186, 186, 185, 185, 185, 185, 185, 184, 184, 184, 183, 184, 184, 183, 183, 183, 182, 182, 183, 183, 182, 182
2010,14209520,209,CH4 ,10PPBC, 2,29,9998,9998,9998,9998,9998,9998,9998,9998,9998,9998,9998,9998,9998,9998,9998,9998,9998,9998,9998,9998,9998,9998,9998,9998
2010,14209520,209,CH4 ,10PPBC, 2,30,9998,9998,9998,9998,9998,9998,9998,9998,9998,9998,9998,9998,9998,9998,9998,9998,9998,9998,9998,9998,9998,9998,9998,9998
2010,14209520,209,CH4 ,10PPBC, 2,31,9998,9998,9998,9998,9998,9998,9998,9998,9998,9998,9998,9998,9998,9998,9998,9998,9998,9998,9998,9998,9998,9998,9998,9998
2010,14209520,209,CH4 ,10PPBC, 3, 1, 182, 182, 182, 182, 182, 182, 183, 184, 185, 184, 184, 182, 182, 182, 183, 183, 183, 185, 184, 182, 183, 184, 183, 183
2010,14209520,209,CH4 ,10PPBC, 3, 2, 184, 185, 184, 184, 184, 184, 187, 188, 189, 187, 185, 184, 184, 184, 183, 179, 179, 180, 180, 181, 181, 182, 182, 182
2010,14209520,209,CH4 ,10PPBC, 3, 3, 183, 183, 182, 180, 180, 180, 181, 181, 180, 180, 180, 179, 180, 180, 180, 180, 181, 181, 181, 181, 182, 182, 181, 182
2010,14209520,209,CH4 ,10PPBC, 3, 4,9999,9999, 185, 185, 184, 186, 185, 185, 184, 182, 183, 182, 183, 183, 184, 184, 184, 185, 185, 186, 187, 188, 191, 194
2010,14209520,209,CH4 ,10PPBC, 3, 5, 194, 193, 192, 189, 189, 188, 186, 185, 187, 185, 184, 184, 185, 186, 186, 186, 186, 186, 186, 188, 188, 190, 190, 189
2010,14209520,209,CH4 ,10PPBC, 3, 6, 192, 191, 189, 187, 187, 186, 185, 184, 184, 187, 184, 185, 184, 185, 184, 186, 188, 190, 190, 189, 193, 193, 191, 190
2010,14209520,209,CH4 ,10PPBC, 3, 7, 189, 186, 186, 184, 183, 183, 183, 183, 184,9999,9999,9999, 182, 183, 181, 181, 181, 181, 182, 183, 183, 184, 185, 186
2010,14209520,209,CH4 ,10PPBC, 3, 8, 186, 185, 186, 186, 187, 185, 187, 188, 190, 185, 184, 184, 185, 184, 185, 186, 186, 187, 186, 188, 189, 187, 185, 184
2010,14209520,209,CH4 ,10PPBC, 3, 9, 186, 185, 185, 185, 185, 183, 185, 188, 185, 185, 184, 185, 183, 183, 183, 181, 182, 183, 183, 183, 183, 184, 183, 184
2010,14209520,209,CH4 ,10PPBC, 3,10, 184, 184, 184, 184, 184, 185, 184, 185, 185, 184, 184, 184, 184, 184, 186, 185, 185, 185, 186, 187, 188, 186, 186, 185
2010,14209520,209,CH4 ,10PPBC, 3,11, 184, 184, 183, 185, 184, 185, 186, 184, 183, 183, 183, 183, 182, 183, 182, 183, 183, 184, 184, 185, 185, 185, 186, 186
2010,14209520,209,CH4 ,10PPBC, 3,12, 186, 186, 188, 187, 189, 188, 186, 185, 185, 186, 185, 185, 185, 186, 186, 187, 187, 190, 190, 191, 188, 189, 190, 188
2010,14209520,209,CH4 ,10PPBC, 3,13, 188, 188, 188, 188, 185, 185, 185, 185, 185, 187, 186, 186, 186, 187, 187, 188, 187, 187, 188, 189, 189, 187, 186, 186
2010,14209520,209,CH4 ,10PPBC, 3,14,9999, 185, 183, 182, 182, 182, 182, 182, 182, 180, 179, 178,9999,9999,9999,9999,9999,9999,9999,9999,9999,9999,9999,9999
2010,14209520,209,CH4 ,10PPBC, 3,15,9999,9999,9999,9999,9999,9999,9999,9999,9999,9999,9999,9999,9999,9999,9999,9999,9999,9999,9999,9999,9999,9999,9999,9999
2010,14209520,209,CH4 ,10PPBC, 3,16,9999,9999,9999,9999,9999,9999,9999,9999,9999,9999,9999,9999,9999,9999,9999,9999,9999,9999,9999,9999,9999,9999,9999,9999
2010,14209520,209,CH4 ,10PPBC, 3,17,9999,9999,9999,9999,9999,9999,9999,9999,9999,9999,9999,9999,9999,9999,9999,9999,9999,9999,9999,9999,9999,9999,9999,9999
2010,14209520,209,CH4 ,10PPBC, 3,18,9999,9999,9999,9999,9999,9999,9999,9999,9999,9999,9999,9999,9999,9999,9999,9999,9999,9999,9999,9999,9999,9999,9999,9999
2010,14209520,209,CH4 ,10PPBC, 3,19,9999,9999,9999,9999,9999,9999,9999,9999,9999,9999,9999,9999,9999,9999,9999,9999,9999,9999,9999,9999,9999,9999,9999,9999
2010,14209520,209,CH4 ,10PPBC, 3,20,9999,9999,9999,9999,9999,9999,9999,9999,9999,9999,9999,9999,9999,9999,9999,9999,9999,9999,9999,9999,9999,9999,9999,9999
2010,14209520,209,CH4 ,10PPBC, 3,21,9999,9999,9999,9999,9999,9999,9999,9999,9999,9999,9999,9999,9999,9999,9999,9999,9999,9999,9999,9999,9999,9999,9999,9999
2010,14209520,209,CH4 ,10PPBC, 3,22,9999,9999,9999,9999,9999,9999,9999,9999,9999,9999,9999,9999,9999,9999,9999,9999,9999,9999,9999,9999,9999,9999,9999,9999
2010,14209520,209,CH4 ,10PPBC, 3,23,9999,9999,9999,9999,9999,9999,9999,9999,9999,9999,9999,9999,9999,9999,9999,9999,9999,9999,9999,9999,9999,9999,9999,9999
2010,14209520,209,CH4 ,10PPBC, 3,24,9999,9999,9999,9999,9999,9999,9999,9999,9999,9999,9999,9999, 181, 180, 180, 178, 178, 177, 181, 180, 180, 178, 177, 178
2010,14209520,209,CH4 ,10PPBC, 3,25, 178, 177, 177, 177, 178, 178, 178, 178, 181, 190, 190, 183, 183, 181, 181, 182, 181, 180, 180, 181, 182, 182, 182, 183
2010,14209520,209,CH4 ,10PPBC, 3,26, 183, 181, 181, 182, 182, 183, 184, 183, 181, 181, 180, 181, 181, 181, 181, 182, 182, 182, 181, 182, 182, 182, 182, 182
2010,14209520,209,CH4 ,10PPBC, 3,27, 181, 181, 181, 181, 182, 182, 181, 182, 181, 181, 181, 181, 181, 182, 182, 182, 182, 182, 182, 185, 185, 185, 184, 182
2010,14209520,209,CH4 ,10PPBC, 3,28, 182, 182, 183, 182, 183, 183, 183, 183, 183, 182, 183, 182, 182, 182, 183, 185, 184, 183, 183, 183, 185, 185, 184, 184
2010,14209520,209,CH4 ,10PPBC, 3,29, 183, 182, 184, 185, 185, 185, 183, 186, 183, 182, 183, 183, 183, 183, 182, 182, 183, 183, 185, 186, 185, 184, 185, 185
2010,14209520,209,CH4 ,10PPBC, 3,30, 184, 183, 183, 183, 185, 183, 184, 185, 183, 183, 183, 183, 184, 184, 182, 182, 183, 182, 183, 185, 185, 184, 183, 182
2010,14209520,209,CH4 ,10PPBC, 3,31,9999, 183, 182, 182, 182, 183, 183, 183, 182, 184, 183, 183, 182, 182, 182, 182, 182, 182, 183, 183, 184, 184, 184, 183
2010,14209530,209,CH4 ,10PPBC, 4, 1, 194,9999, 191, 189, 189, 188, 188, 191, 193, 192, 194, 191, 187, 185, 183, 183, 182, 182, 182, 182, 182, 182, 182, 182
2010,14209530,209,CH4 ,10PPBC, 4, 2, 181, 181, 181, 181, 180, 180, 180, 180, 180, 180, 180, 182, 183, 183, 184, 185, 186, 190, 191, 190, 188, 189, 190, 190
2010,14209530,209,CH4 ,10PPBC, 4, 3, 189, 186, 186, 187, 188, 188, 188, 188, 188, 189, 189, 189, 189, 187, 186, 186, 186, 186, 193, 189, 190, 190, 191, 192
2010,14209530,209,CH4 ,10PPBC, 4, 4, 190, 189, 189, 189, 189, 189, 190, 193, 192, 193, 192, 193, 193, 194, 193, 192, 192, 194, 194, 195, 195, 194, 193, 192
2010,14209530,209,CH4 ,10PPBC, 4, 5, 192, 192, 192, 192, 191, 191, 191, 193, 194, 194, 193, 193, 192, 193, 192, 192, 193, 192, 194, 194, 195, 195, 194, 192
2010,14209530,209,CH4 ,10PPBC, 4, 6, 193, 193, 191, 190, 190, 197, 197, 195, 189, 189, 188, 186,9999, 186, 185, 184, 185, 184, 185, 186, 188, 192, 193, 196
2010,14209530,209,CH4 ,10PPBC, 4, 7, 204, 202, 193, 187, 187, 187, 188, 190, 190, 188, 189, 190, 189, 188, 187, 188, 195, 193, 189, 189, 189, 190, 189, 191
2010,14209530,209,CH4 ,10PPBC, 4, 8, 191,9999, 191, 191, 191, 192, 193, 192, 191, 191, 191, 190, 190, 190, 190, 190, 189, 189, 191, 191, 190, 190, 193, 193
2010,14209530,209,CH4 ,10PPBC, 4, 9, 191, 191, 192, 193, 192, 193, 194, 194, 195, 193, 192, 191, 191, 188, 188, 188, 187, 187, 187, 188, 188, 189, 191, 190
2010,14209530,209,CH4 ,10PPBC, 4,10, 188, 188, 187, 187, 188, 189, 188, 191, 190, 189, 187, 187, 186, 187, 185, 185, 184, 185, 184, 185, 184, 185, 185, 188
2010,14209530,209,CH4 ,10PPBC, 4,11, 190, 188, 186, 185, 186, 185, 184, 187, 187, 186, 186, 185, 185, 185, 184, 185, 185, 187, 186, 185, 186, 186, 187, 186
2010,14209530,209,CH4 ,10PPBC, 4,12, 185, 185, 185, 186, 185, 185, 186, 187, 187, 187, 187, 188, 188, 189, 189, 188, 189, 190, 189, 189, 188, 188, 189, 188
2010,14209530,209,CH4 ,10PPBC, 4,13, 187, 186, 186, 185, 186, 186, 186, 186, 186, 185, 184, 184, 183, 182, 182, 181, 182, 181, 183, 183, 185, 187, 189, 188
2010,14209530,209,CH4 ,10PPBC, 4,14, 187, 184, 184, 184, 184, 185, 185, 186, 186, 186, 186, 186, 186, 187, 186, 186, 186, 187, 187, 187, 186, 186, 187, 187
2010,14209530,209,CH4 ,10PPBC, 4,15, 187,9999, 188, 188, 188, 188, 189, 189, 191, 189, 190, 190, 190, 190, 191, 190, 191, 191, 192, 198, 194, 194, 196, 195
2010,14209530,209,CH4 ,10PPBC, 4,16, 194, 194, 194, 191, 191, 191, 191, 193, 193, 193, 193, 192, 192, 192, 192, 192, 192, 192, 193, 194, 193, 192, 193, 191
2010,14209530,209,CH4 ,10PPBC, 4,17, 192, 191, 191, 190, 190, 190, 191, 192, 193, 194, 193, 191, 191, 191, 190, 190, 190, 190, 191, 192, 192, 193, 193, 194
2010,14209530,209,CH4 ,10PPBC, 4,18, 199, 200, 203, 202, 201, 203, 198, 197, 195, 192, 191, 190, 190, 190, 192, 190, 189, 188, 189, 191, 191, 192, 195, 190
2010,14209530,209,CH4 ,10PPBC, 4,19, 190, 190, 190, 191, 192, 191, 191, 192, 193, 191, 192, 191, 189, 189, 188, 189, 188, 187, 188, 189, 196, 192, 194, 203
2010,14209530,209,CH4 ,10PPBC, 4,20, 193, 190, 192, 195, 191, 191, 191, 195, 191, 186, 185,9999, 184, 184, 184, 184, 184, 185, 185, 193, 187, 187, 186, 193
2010,14209530,209,CH4 ,10PPBC, 4,21, 185, 187, 186, 184, 184, 187, 186, 184, 185, 186, 187, 185, 184, 182, 182, 182, 182, 183, 183, 183, 185, 184, 187, 188
2010,14209530,209,CH4 ,10PPBC, 4,22, 188,9999, 190, 189, 190, 190, 191, 192, 193, 194, 193, 192, 191, 191, 191, 191, 192, 192, 191, 192, 192, 191, 190, 191
2010,14209530,209,CH4 ,10PPBC, 4,23, 191, 190, 190, 191, 191, 191, 191, 193, 192, 192, 191, 191, 190, 191, 189, 189, 189, 190, 190, 191, 193, 192, 194, 194
2010,14209530,209,CH4 ,10PPBC, 4,24, 194, 194, 195, 194, 194, 193, 193, 193, 192, 191, 190, 189, 188, 189, 190, 189, 189, 189, 190, 190, 190, 190, 193, 193
2010,14209530,209,CH4 ,10PPBC, 4,25, 191, 191, 190, 190, 190, 190, 190, 192, 191, 191, 191, 191, 192, 191, 189, 189, 189, 188, 189, 190, 190, 190, 192, 190
2010,14209530,209,CH4 ,10PPBC, 4,26, 189, 189, 190, 190, 189, 189, 190, 191, 191, 191, 190, 190, 190, 189, 191, 189, 189, 188, 188, 189, 190, 192, 193, 194
2010,14209530,209,CH4 ,10PPBC, 4,27, 192, 191, 191, 191, 191, 191, 191, 192, 192, 192, 193, 193, 191, 192, 192, 193, 192, 192, 194, 194, 195, 197, 197, 196
2010,14209530,209,CH4 ,10PPBC, 4,28, 193, 190, 189, 189, 189, 188, 195, 192, 191, 190, 189, 189, 188, 188, 189, 188, 188, 189, 190, 190, 191, 192, 198, 201
2010,14209530,209,CH4 ,10PPBC, 4,29, 193,9999, 191, 190, 187, 185, 186, 185, 185, 184, 183, 183, 183, 184, 185, 186, 184, 185, 185, 186, 190, 190, 187, 188
2010,14209530,209,CH4 ,10PPBC, 4,30, 187, 188, 188, 188, 187, 188, 187, 188, 187, 187, 188, 187, 187, 186, 186, 185, 185, 186, 188, 187, 186, 187, 188, 188
2010,14209530,209,CH4 ,10PPBC, 4,31,9998,9998,9998,9998,9998,9998,9998,9998,9998,9998,9998,9998,9998,9998,9998,9998,9998,9998,9998,9998,9998,9998,9998,9998
2010,14209530,209,CH4 ,10PPBC, 5, 1, 188, 187, 186, 186, 187, 187, 187, 187, 189, 188, 188, 188, 187, 187, 186, 185, 185, 185, 185, 187, 188, 187, 188, 187
2010,14209530,209,CH4 ,10PPBC, 5, 2, 188, 187, 187, 188, 188, 187, 188, 189, 190, 189, 189, 189, 188, 187, 186, 187, 186, 186, 186, 187, 193, 194, 191, 190
2010,14209530,209,CH4 ,10PPBC, 5, 3, 188, 188, 187, 188, 187, 187, 187, 189, 189, 188, 189, 188, 187, 186, 185, 185, 184, 184, 185, 184, 186, 188, 194, 194
2010,14209530,209,CH4 ,10PPBC, 5, 4, 194, 193, 189, 187, 186, 186, 187, 186, 186, 186, 187, 185, 184, 184, 184, 184, 185, 186, 185, 185, 186, 187, 194, 192
2010,14209530,209,CH4 ,10PPBC, 5, 5, 201, 196, 192, 188, 184, 184, 184, 186, 187, 187, 188, 188, 188, 185, 185, 183, 182, 182, 184, 185, 189, 185, 184, 184
2010,14209530,209,CH4 ,10PPBC, 5, 6,9999,9999,9999,9999,9999,9999,9999,9999,9999,9999,9999,9999,9999, 190, 190, 189, 188, 188, 188, 189, 189, 189, 189, 190
2010,14209530,209,CH4 ,10PPBC, 5, 7, 190, 190, 190, 190, 191, 190, 190, 190, 190, 190, 190, 189, 189, 189, 189, 189, 188, 188, 189, 190, 196, 196, 196, 197
2010,14209530,209,CH4 ,10PPBC, 5, 8, 194, 193, 193, 194, 195, 195, 194, 192, 196, 196, 196, 197, 197, 196, 195, 195, 194, 194, 194, 195, 195, 196, 196, 199
2010,14209530,209,CH4 ,10PPBC, 5, 9, 198, 198, 199, 198, 196, 196, 196, 197, 198, 198, 197, 197, 197, 198, 198, 198, 197, 198, 199, 199, 200, 206, 203, 200
2010,14209530,209,CH4 ,10PPBC, 5,10, 199, 199, 199, 199, 199, 199, 200, 200, 200, 199, 199, 198, 198, 198, 197, 197, 198, 198, 198, 201, 203, 205, 202, 197
2010,14209530,209,CH4 ,10PPBC, 5,11, 197, 195, 194, 195, 195, 195, 195, 196, 197, 195, 195, 198, 198, 198, 197, 198, 198, 199, 201, 199, 201, 203, 199, 200
2010,14209530,209,CH4 ,10PPBC, 5,12, 198, 199, 200, 199, 200, 207, 201, 200, 200, 199, 199, 199, 197, 197, 197, 196, 196, 196, 197, 197, 199, 199, 202, 202
2010,14209530,209,CH4 ,10PPBC, 5,13, 203,9999, 191, 189, 189, 189, 189, 190, 189, 189, 188, 188, 187, 188, 187, 188, 188, 187, 188, 188, 188, 189, 189, 189
2010,14209530,209,CH4 ,10PPBC, 5,14, 187, 188, 188, 188, 188, 189, 190, 191, 189, 187, 188, 187, 186, 186, 187, 189, 189, 190, 190, 189, 191, 191, 194, 194
2010,14209530,209,CH4 ,10PPBC, 5,15, 191, 188, 188, 191, 190, 189, 189, 189, 188, 188, 189, 188, 188, 190, 189, 189, 188, 188, 187, 187, 187, 190, 189, 189
2010,14209530,209,CH4 ,10PPBC, 5,16, 190, 190, 190, 194, 195, 192, 192, 191, 189, 188, 188, 186, 186, 185, 185, 184, 184, 184, 184, 185, 186, 192, 190, 189
2010,14209530,209,CH4 ,10PPBC, 5,17, 188, 187, 187, 186, 186, 187, 187, 187, 188, 187, 188, 188, 187, 186, 185, 184, 183, 183, 184, 186, 186, 190, 187, 189
2010,14209530,209,CH4 ,10PPBC, 5,18, 188, 187, 188, 193, 189, 188, 186, 187, 187, 186, 186, 185, 184, 183, 183, 183, 183, 182, 183, 183, 184, 183, 184, 184
2010,14209530,209,CH4 ,10PPBC, 5,19, 185, 188, 190, 191, 188, 188, 189, 186, 184, 183, 184, 184, 183, 183, 183, 183, 183, 183, 183, 183, 184, 183, 183, 184
2010,14209530,209,CH4 ,10PPBC, 5,20, 184,9999, 184, 184, 184, 183, 183, 184, 184, 184, 183,9999, 186, 187, 187, 187, 185, 186, 187, 188, 189, 189, 187, 186
2010,14209530,209,CH4 ,10PPBC, 5,21, 186, 186, 186, 188, 189, 191, 189, 190, 188, 188, 188, 187, 187, 185, 185, 185, 186, 186, 186, 188, 191, 192, 199, 189
2010,14209530,209,CH4 ,10PPBC, 5,22, 189, 187, 186, 187, 188, 188, 188, 188, 189, 190, 191, 189, 189, 192, 192, 191, 188, 188, 187, 187, 186, 187, 186, 186
2010,14209530,209,CH4 ,10PPBC, 5,23, 187, 187, 188, 190, 191, 190, 190, 189, 189, 188, 187, 187, 186, 187, 189, 189, 188, 192, 193, 190, 189, 188, 186, 188
2010,14209530,209,CH4 ,10PPBC, 5,24, 188, 187, 187, 189, 189, 188, 187, 188, 190, 190, 187, 187, 187, 187, 187, 188, 188, 188, 191, 188, 187, 187, 187, 187
2010,14209530,209,CH4 ,10PPBC, 5,25, 191, 190, 189, 188, 188, 194, 187, 186, 185, 185, 185, 184, 184, 185, 185, 185, 185, 187, 188, 188, 188, 186, 185, 185
2010,14209530,209,CH4 ,10PPBC, 5,26, 186, 186, 186, 188, 187, 187, 187, 187, 187, 187, 187, 186, 186, 186, 185, 184, 185, 186, 186, 186, 187, 185, 186, 187
2010,14209530,209,CH4 ,10PPBC, 5,27, 195,9999, 188, 190, 193, 190, 191, 190, 188, 188, 187, 186, 185, 185, 184, 184, 184, 185, 185, 185, 188, 190, 186, 185
2010,14209530,209,CH4 ,10PPBC, 5,28, 185, 185, 185, 186, 188, 187, 186, 187, 185, 185, 184, 185, 184, 184, 184, 185, 185, 185, 184, 183, 183, 184, 184, 185
2010,14209530,209,CH4 ,10PPBC, 5,29, 186, 187, 188, 187, 188, 189, 188, 189, 190, 188, 188, 188, 189, 188, 188, 189, 188, 187, 187, 189, 188, 190, 189, 188
2010,14209530,209,CH4 ,10PPBC, 5,30, 188, 187, 187, 186, 186, 187, 187, 188, 187, 188, 188, 189, 189, 188, 187, 187, 187, 190, 193, 189, 189, 189, 188, 200
2010,14209530,209,CH4 ,10PPBC, 5,31, 191, 189, 188, 188, 189, 190, 190, 191, 189, 188, 189, 189, 191, 192, 190, 187, 186, 186, 186, 186, 186, 187, 187, 187
2010,14209530,209,CH4 ,10PPBC, 6, 1, 189, 189, 190, 188, 192, 189, 189, 190, 189, 188, 188, 187, 186, 186, 189, 188, 187, 186, 185, 185, 184, 185, 188, 190
2010,14209530,209,CH4 ,10PPBC, 6, 2, 190, 189, 189, 190, 190, 191, 191, 194, 193, 193, 193, 190, 188, 190, 190, 189, 187, 187, 186, 185, 184, 184, 191, 190
2010,14209530,209,CH4 ,10PPBC, 6, 3, 190,9999, 190, 190, 190, 190, 188, 190, 189, 190, 189, 188, 187, 185, 184, 183, 183, 182, 182, 182, 182, 183, 186, 184
2010,14209530,209,CH4 ,10PPBC, 6, 4, 185, 185, 184, 184, 185, 185, 185, 185, 185, 186, 185, 185, 183, 183, 183, 183, 183, 182, 182, 183, 184, 184, 185, 185
2010,14209530,209,CH4 ,10PPBC, 6, 5, 185, 185, 186, 185, 184, 186, 186, 186, 186, 187, 189, 187, 186, 185, 186, 188, 188, 188, 188, 185, 186, 185, 187, 189
2010,14209530,209,CH4 ,10PPBC, 6, 6, 188, 187, 187, 187, 187, 188, 188, 188, 187, 187, 187, 188, 188, 187, 186, 185, 184, 184, 183, 182, 183, 184, 184, 185
2010,14209530,209,CH4 ,10PPBC, 6, 7, 185, 186, 187, 186, 187, 187, 187, 188, 189, 189, 189, 190, 189, 186, 185, 184, 184, 184, 184, 183, 184, 184, 184, 184
2010,14209530,209,CH4 ,10PPBC, 6, 8, 188, 187, 189, 186, 188, 189, 188, 187, 185, 187, 189, 188, 188,9999,9999, 190, 188, 187, 189, 192, 189, 189, 189, 187
2010,14209530,209,CH4 ,10PPBC, 6, 9, 186, 186, 186, 186, 186, 186, 186, 186, 190, 190, 188, 190, 190, 188, 188, 189, 188, 188, 188, 190, 198, 196, 193, 192
2010,14209530,209,CH4 ,10PPBC, 6,10, 191,9999, 190, 189, 188, 188, 187, 186, 189, 190, 189, 188, 187, 187, 186, 187, 186, 185, 186, 185, 184, 186, 187, 188
2010,14209530,209,CH4 ,10PPBC, 6,11, 192, 189, 188, 188, 190, 203, 198, 192, 191, 188, 188, 188, 187, 187, 187, 184, 184, 185, 183, 183, 183, 182, 183, 185
2010,14209530,209,CH4 ,10PPBC, 6,12, 185, 185, 185, 187, 186, 187, 185, 186, 186, 186, 186, 184, 183, 183, 183, 182, 182, 182, 182, 182, 182, 183, 182, 184
2010,14209530,209,CH4 ,10PPBC, 6,13, 183, 184, 204, 184, 210, 189, 186, 184, 183, 182, 182, 182, 182, 182, 182, 181, 182, 182, 182, 182, 182, 182, 182, 182
2010,14209530,209,CH4 ,10PPBC, 6,14, 189, 184, 183, 183, 183, 183, 183, 185, 185, 185, 186, 186, 188, 188, 187, 187, 186, 186, 186, 185, 185, 185, 188, 188
2010,14209530,209,CH4 ,10PPBC, 6,15, 188, 196, 194, 186, 186, 186, 185, 185, 186, 186, 185, 184, 183, 184, 184, 184, 185, 185, 187, 187, 186, 183, 182, 184
2010,14209530,209,CH4 ,10PPBC, 6,16, 184, 185, 186, 186, 184, 183, 183, 176, 180, 186, 182, 177, 175, 176, 177, 180, 183, 184, 184, 182, 184, 185, 188, 188
2010,14209530,209,CH4 ,10PPBC, 6,17, 187,9999, 186, 185, 186, 187, 189, 189, 187, 189, 188, 189, 185, 186, 189, 188, 186, 188, 186, 185, 188, 192, 189, 189
2010,14209530,209,CH4 ,10PPBC, 6,18, 197, 197, 190, 188, 189, 191, 190, 193, 193, 192, 189, 188, 188, 187, 178, 175, 178, 182, 184, 183, 185, 187, 188, 187
2010,14209530,209,CH4 ,10PPBC, 6,19, 186, 186, 186, 186, 186, 186, 186, 186, 186, 187, 189, 186, 185, 184, 183, 182, 182, 182, 184, 190, 191, 188, 194, 192
2010,14209530,209,CH4 ,10PPBC, 6,20, 191, 189, 190, 191, 195, 192, 191, 191, 189, 187, 182, 177, 178, 178, 179, 181, 180, 179, 179, 179, 178, 178, 178, 178
2010,14209530,209,CH4 ,10PPBC, 6,21, 178, 179, 178, 177, 178, 180, 180, 183, 180, 181, 184, 181, 176, 176, 176, 176, 177, 178, 181, 179, 184, 185, 181, 181
2010,14209530,209,CH4 ,10PPBC, 6,22, 182, 185, 187, 186, 183, 183, 186, 188, 192, 193, 192,9999,9999, 192, 192, 185, 180, 179, 178, 178, 181, 182, 183, 182
2010,14209530,209,CH4 ,10PPBC, 6,23, 187, 185, 191, 184, 188, 185, 181, 179, 175, 173, 174, 174, 174, 176, 184, 184, 183, 183, 184, 184, 182, 190, 182, 182
2010,14209530,209,CH4 ,10PPBC, 6,24, 187,9999, 184, 185, 187, 188, 189, 189, 188, 188, 188, 188, 188, 188, 188, 191, 194, 196, 198, 199, 197, 194, 198, 195
2010,14209530,209,CH4 ,10PPBC, 6,25, 201, 194, 188, 188, 188, 197, 190, 188, 188, 190, 190, 190, 191, 190, 192, 192, 187, 187, 188, 192, 196, 196, 196, 206
2010,14209530,209,CH4 ,10PPBC, 6,26, 199, 194, 209, 205, 192, 192, 191, 191, 194, 194, 186, 181, 180, 180, 181, 180, 180, 179, 179, 180, 179, 179, 179, 179
2010,14209530,209,CH4 ,10PPBC, 6,27, 179, 178, 178, 178, 178, 178, 180, 187, 195, 188, 183, 179, 179, 178, 177, 177, 177, 178, 178, 180, 187, 187, 191, 190
2010,14209530,209,CH4 ,10PPBC, 6,28, 201, 182, 193, 191, 185, 183, 181, 182, 186, 187, 187, 189, 190, 188, 185, 190, 192, 189, 183, 184, 186, 207, 196, 192
2010,14209530,209,CH4 ,10PPBC, 6,29, 190, 205, 192, 190, 188, 187, 189, 190, 189, 190, 191, 214, 223, 208, 201, 191, 189, 189, 188, 189, 186, 189, 187, 185
2010,14209530,209,CH4 ,10PPBC, 6,30, 185, 183, 181, 180, 182, 181, 181, 182, 182, 183, 183, 182, 181, 180, 183, 183, 184, 185, 185, 184, 185, 185, 184, 185
2010,14209530,209,CH4 ,10PPBC, 6,31,9998,9998,9998,9998,9998,9998,9998,9998,9998,9998,9998,9998,9998,9998,9998,9998,9998,9998,9998,9998,9998,9998,9998,9998
2010,14209530,209,CH4 ,10PPBC, 7, 1, 185,9999, 191, 198, 190, 196, 185, 187, 195, 193, 190, 187, 182, 180, 178, 178, 177, 176, 177, 178, 181, 180, 181, 185
2010,14209530,209,CH4 ,10PPBC, 7, 2, 184, 184, 183, 182, 183, 184, 183, 187, 185, 184, 184, 184, 182, 179, 177, 177, 177, 178, 179, 179, 180, 186, 186, 186
2010,14209530,209,CH4 ,10PPBC, 7, 3, 185, 187, 186, 186, 185, 186, 187, 187, 186, 185, 186, 186, 185, 183, 180, 180, 180, 179, 180, 178, 179, 179, 181, 184
2010,14209530,209,CH4 ,10PPBC, 7, 4, 187, 181, 180, 184, 191, 187, 184, 184, 184, 184, 185, 184, 184, 183, 182, 182, 182, 183, 182, 183, 187, 185, 186, 185
2010,14209530,209,CH4 ,10PPBC, 7, 5, 187, 188, 187, 187, 188, 188, 194, 198, 199, 201, 195, 193, 186, 185, 186, 186, 186, 185, 186, 189, 187, 187, 187, 186
2010,14209530,209,CH4 ,10PPBC, 7, 6, 187, 190, 190, 188, 189, 189, 189, 190, 190, 191, 191, 189, 189, 188, 186, 186, 186, 188, 190, 193, 197, 194, 193, 194
2010,14209530,209,CH4 ,10PPBC, 7, 7, 204, 192, 190, 198, 194, 193, 191, 192, 191, 191, 191,9999,9999, 194, 194, 194, 192, 189, 186, 188, 186, 184, 186, 188
2010,14209530,209,CH4 ,10PPBC, 7, 8, 189,9999, 193, 193, 191, 189, 187, 188, 188, 191, 191, 184, 184, 186, 188, 189, 190, 190, 189, 187, 190, 191, 188, 190
2010,14209530,209,CH4 ,10PPBC, 7, 9, 190, 194, 198, 202, 190, 191, 190, 190, 190, 191, 194, 191, 187, 185, 182, 182, 181, 181, 180, 181, 180, 180, 177, 177
2010,14209530,209,CH4 ,10PPBC, 7,10, 181, 178, 181, 182, 183, 184, 184, 184, 182, 183, 184, 183, 183, 182, 183, 184, 185, 186, 188, 189, 191, 190, 189, 188
2010,14209530,209,CH4 ,10PPBC, 7,11, 192, 194, 193, 191, 189, 188, 187, 189, 192, 192, 190, 192, 186, 185, 182, 180, 179, 177, 177, 176, 175, 175, 175, 174
2010,14209530,209,CH4 ,10PPBC, 7,12, 174, 174, 174, 173, 174, 174, 174, 175, 175, 175, 174, 174, 174, 175, 175, 175, 175, 175, 176, 176, 176, 178, 177, 179
2010,14209530,209,CH4 ,10PPBC, 7,13, 182, 185, 180, 184, 197, 191, 195, 196, 198, 193, 191, 190, 191, 191, 191, 190, 191, 191, 191, 192, 192, 192, 191, 191
2010,14209530,209,CH4 ,10PPBC, 7,14, 191, 193, 195, 195, 195, 194, 195, 196, 188, 180, 176, 176, 176, 176, 176, 176, 176, 176, 177, 176, 177, 178, 180, 178
2010,14209530,209,CH4 ,10PPBC, 7,15, 180,9999, 177, 176, 177, 177, 178, 183, 178, 176, 175, 175, 174, 175, 176, 175, 174, 175, 175, 175, 177, 177, 178, 178
2010,14209530,209,CH4 ,10PPBC, 7,16, 183, 183, 182, 178, 180, 180, 182, 187, 184, 180, 176, 175, 175, 175, 175, 176, 176, 176, 177, 178, 180, 181, 185, 196
2010,14209530,209,CH4 ,10PPBC, 7,17, 200, 216, 212, 184, 179, 178, 178, 181, 180, 178, 177, 177, 176, 176, 177, 176, 176, 176, 177, 177, 179, 180, 182, 203
2010,14209530,209,CH4 ,10PPBC, 7,18, 195, 191, 182, 191, 198, 183, 179, 182, 181, 178, 177, 176, 176, 176, 176, 176, 175, 176, 177, 177, 178, 180, 179, 179
2010,14209530,209,CH4 ,10PPBC, 7,19, 189, 181, 181, 183, 186, 183, 178, 178, 179, 179, 177, 177, 177, 176, 177, 177, 176, 177, 178, 178, 179, 187, 183, 177
2010,14209530,209,CH4 ,10PPBC, 7,20, 178, 178, 179, 178, 178, 178, 179, 180, 182, 183, 184, 182, 180, 178, 179, 179, 179, 178, 178, 179, 180, 182, 182, 187
2010,14209530,209,CH4 ,10PPBC, 7,21, 188, 203, 194, 180, 184, 182, 178, 181, 185, 184, 184, 185, 183, 186, 186, 185, 185, 182, 180, 180, 182, 181, 182, 192
2010,14209530,209,CH4 ,10PPBC, 7,22, 192,9999, 191, 183, 183, 184, 183, 184, 185, 185, 184,9999, 181, 178, 177, 177, 177, 176, 176, 175, 176, 177, 178, 181
2010,14209530,209,CH4 ,10PPBC, 7,23, 179, 179, 180, 180, 180, 179, 179, 182, 183, 182, 181, 179, 179, 184, 184, 183, 182, 179, 176, 175, 176, 176, 176, 177
2010,14209530,209,CH4 ,10PPBC, 7,24, 179, 184, 186, 185, 183, 183, 182, 182, 183, 183, 182, 181, 182, 183, 182, 181, 179, 177, 177, 182, 181, 181, 180, 178
2010,14209530,209,CH4 ,10PPBC, 7,25, 177, 176, 177, 177, 177, 177, 177, 177, 178, 178, 178, 179, 178, 177, 176, 176, 176, 177, 176, 176, 177, 179, 182, 179
2010,14209530,209,CH4 ,10PPBC, 7,26, 177, 176, 176, 176, 177, 177, 177, 178, 180, 181, 180, 180, 178, 176, 177, 176, 176, 176, 177, 178, 178, 178, 178, 178
2010,14209530,209,CH4 ,10PPBC, 7,27, 177, 179, 179, 179, 179, 178, 178, 177, 178, 179, 176, 174, 175, 175, 175, 175, 175, 174, 174, 175, 175, 177, 178, 182
2010,14209530,209,CH4 ,10PPBC, 7,28, 187, 181, 178, 179, 181, 178, 177, 178, 177, 174, 175, 175, 174, 175, 175, 175, 174, 174, 175, 175, 176, 176, 176, 177
2010,14209530,209,CH4 ,10PPBC, 7,29, 177,9999, 178, 178, 178, 178, 177, 178, 178, 177, 177, 175, 174, 174, 174, 174, 174, 174, 174, 174, 173, 174, 173, 173
2010,14209530,209,CH4 ,10PPBC, 7,30, 173, 173, 173, 173, 173, 173, 173, 174, 174, 173, 173, 173, 172, 173, 173, 173, 174, 174, 175, 175, 175, 185, 180, 181
2010,14209530,209,CH4 ,10PPBC, 7,31, 185, 179, 179, 180, 179, 179, 179, 183, 183, 179, 178, 179, 178, 177, 176, 177, 177, 178, 179, 181, 181, 182, 198, 183
2010,14209530,209,CH4 ,10PPBC, 8, 1, 179, 179, 179, 179, 183, 180, 179, 181, 185, 187, 186, 184, 179, 179, 180, 180, 180, 179, 178, 178, 177, 177, 177, 177
2010,14209530,209,CH4 ,10PPBC, 8, 2, 176, 176, 178, 181, 178, 177, 175, 175, 174, 174, 174, 175, 174, 173, 173, 172, 172, 173, 173, 174, 175, 175, 175, 175
2010,14209530,209,CH4 ,10PPBC, 8, 3, 175, 174, 174, 174, 174, 174, 175, 175, 174, 174, 174, 174, 174, 174, 173, 173, 173, 173, 173, 174, 174, 174, 174, 175
2010,14209530,209,CH4 ,10PPBC, 8, 4, 174, 175, 175, 176, 177, 180, 179, 176, 176, 175, 175, 174, 174, 174, 174, 174, 173, 173, 174, 174, 175, 176, 179, 180
2010,14209530,209,CH4 ,10PPBC, 8, 5, 177,9999, 178, 176, 182, 179, 178, 177, 175, 174, 174, 174, 173, 173, 173, 173, 173, 173, 173, 174, 175, 175, 175, 175
2010,14209530,209,CH4 ,10PPBC, 8, 6, 176, 175, 175, 179, 185, 185, 186, 179, 177, 175, 175,9999,9999, 173, 174, 174, 174, 175, 176, 177, 177, 177, 177, 177
2010,14209530,209,CH4 ,10PPBC, 8, 7, 178, 179, 179, 180, 185, 183, 177, 176, 177, 178, 178, 179, 179, 179, 178, 178, 177, 177, 176, 175, 177, 179, 181, 191
2010,14209530,209,CH4 ,10PPBC, 8, 8, 184, 182, 181, 179, 180, 180, 181, 182, 180, 179, 179, 178, 177, 176, 175, 175, 175, 175, 175, 175, 175, 175, 175, 174
2010,14209530,209,CH4 ,10PPBC, 8, 9, 174, 175, 176, 176, 176, 175, 175, 177, 176, 176, 177, 177, 175, 174, 174, 174, 174, 174, 174, 174, 174, 174, 175, 175
2010,14209530,209,CH4 ,10PPBC, 8,10, 174, 174, 176, 176, 182, 181, 178, 179, 177, 175, 174, 173, 173, 172, 172, 172, 173, 173, 174, 174, 174, 174, 175, 175
2010,14209530,209,CH4 ,10PPBC, 8,11, 173, 173, 173, 173, 174, 175, 176, 175, 173, 173, 172, 172, 172, 172, 172, 171, 171, 171, 171, 172, 173, 172, 172, 172
2010,14209530,209,CH4 ,10PPBC, 8,12, 171,9999, 173, 173, 173, 173, 173, 172, 173, 173, 173, 174, 174, 175, 176, 175, 176, 177, 177, 177, 177, 185, 184, 181
2010,14209530,209,CH4 ,10PPBC, 8,13, 183, 185, 181, 191, 181, 178, 177, 182, 180, 182, 183, 183, 188, 190, 185, 187, 186, 183, 188, 187, 187, 188, 188, 186
2010,14209530,209,CH4 ,10PPBC, 8,14, 185, 185, 187, 188, 188, 188, 189, 189, 191, 190, 185, 183, 182, 178, 178, 178, 178, 179, 180, 180, 182, 181, 196, 187
2010,14209530,209,CH4 ,10PPBC, 8,15, 190, 189, 201, 201, 189, 191, 188, 186, 184, 183, 183, 180, 178, 178, 178, 178, 179, 179, 178, 178, 178, 183, 180, 184
2010,14209530,209,CH4 ,10PPBC, 8,16, 182, 184, 188, 187, 186, 182, 181, 182, 182, 181, 182, 183, 182, 182, 181, 181, 181, 180, 181, 183, 184, 184, 180, 181
2010,14209530,209,CH4 ,10PPBC, 8,17, 184, 182, 182, 183, 183, 185, 187, 187, 187, 189, 187, 186, 184, 183, 181, 179, 188, 185, 178, 176, 177, 177, 178, 183
2010,14209530,209,CH4 ,10PPBC, 8,18, 183, 183, 182, 182, 183, 183, 187, 184, 182, 183, 184, 183, 182, 181, 183, 181, 179, 179, 183, 183, 186, 187, 185, 183
2010,14209530,209,CH4 ,10PPBC, 8,19, 183,9999, 180, 180, 180, 182, 182, 182, 183, 184, 182, 184, 183, 182, 182, 183, 183, 183, 182, 181, 181, 183, 186, 186
2010,14209530,209,CH4 ,10PPBC, 8,20, 185, 185, 186, 187, 189, 190, 190, 191, 190, 190, 190, 188, 187, 187, 187, 187, 189, 189, 188, 186, 185, 184, 185, 188
2010,14209530,209,CH4 ,10PPBC, 8,21, 185, 189, 186, 187, 188, 188, 188, 189, 189, 188, 188, 187, 187, 187, 186, 184, 183, 182, 182, 182, 182, 184, 185, 187
2010,14209530,209,CH4 ,10PPBC, 8,22, 193, 189, 187, 188, 200, 198, 193, 187, 185, 183, 182, 181, 180, 180, 179, 179, 178, 178, 179, 179, 180, 181, 182, 184
2010,14209530,209,CH4 ,10PPBC, 8,23, 184, 206, 195, 183, 180, 180, 180, 181, 182, 182, 182, 182, 180, 179, 178, 178, 177, 177, 178, 179, 180, 180, 181, 182
2010,14209530,209,CH4 ,10PPBC, 8,24, 181, 182, 180, 180, 179, 178, 179, 180, 180, 180, 179, 179, 178, 178, 178, 178, 177, 178, 179, 179, 180, 180, 180, 182
2010,14209530,209,CH4 ,10PPBC, 8,25, 183, 181, 181, 181, 181, 182, 182, 184, 182, 182, 179,9999, 177, 178, 177, 177, 177, 177, 177, 178, 180, 180, 179, 181
2010,14209530,209,CH4 ,10PPBC, 8,26, 182,9999, 181, 179, 180, 181, 181, 181, 182, 183, 182, 179, 178, 178, 178, 179, 179, 179, 179, 181, 182, 185, 183, 184
2010,14209530,209,CH4 ,10PPBC, 8,27, 184, 187, 185, 187, 187, 187, 192, 191, 191, 189, 186, 185, 183, 181, 180, 177, 176, 174, 174, 174, 177, 178, 179, 182
2010,14209530,209,CH4 ,10PPBC, 8,28, 181, 183, 180, 181, 180, 182, 182, 182, 182, 181, 181, 180, 177, 174, 174, 174, 175, 175, 175, 176, 179, 180, 184, 180
2010,14209530,209,CH4 ,10PPBC, 8,29, 180, 179, 181, 183, 180, 178, 179, 177, 178, 178, 178, 178, 177, 176, 176, 175, 175, 175, 175, 176, 176, 182, 183, 183
2010,14209530,209,CH4 ,10PPBC, 8,30, 180, 180, 182, 181, 193, 189, 184, 182, 185, 183, 182, 182, 183, 186, 188, 185, 180, 177, 176, 176, 177, 177, 183, 188
2010,14209530,209,CH4 ,10PPBC, 8,31, 185, 186, 187, 188, 185, 185, 186, 185, 184, 184, 184, 184, 187, 182, 178, 176, 175, 175, 180, 179, 178, 176,9999,9999
2010,14209530,209,CH4 ,10PPBC, 9, 1,9999,9999,9999,9999,9999,9999, 180, 179, 177, 176, 176, 176, 176, 174, 173, 173, 173, 174, 174, 175, 176, 179, 178, 178
2010,14209530,209,CH4 ,10PPBC, 9, 2, 178,9999, 179, 176, 176, 175, 176, 179, 179, 179, 181, 181, 181, 180, 179, 178, 178, 178, 178, 178, 179, 180, 180, 181
2010,14209530,209,CH4 ,10PPBC, 9, 3, 182, 182, 181, 181, 181, 181, 185, 180, 181, 181, 180, 180, 179, 178, 178, 177, 178, 177, 178, 179, 181, 181, 184, 180
2010,14209530,209,CH4 ,10PPBC, 9, 4, 181, 179, 178, 179, 179, 179, 179, 178, 178, 179, 179, 178, 178, 178, 180, 178, 178, 177, 177, 177, 177, 177, 178, 179
2010,14209530,209,CH4 ,10PPBC, 9, 5, 182, 185, 187, 189, 193, 194, 189, 190, 186, 180, 181, 179, 177, 177, 176, 176, 175, 175, 176, 176, 179, 180, 180, 180
2010,14209530,209,CH4 ,10PPBC, 9, 6, 180, 180, 182, 183, 184, 181, 182, 179, 178, 176, 175, 174, 173, 172, 171, 171, 171, 171, 172, 172, 172, 172, 172, 173
2010,14209530,209,CH4 ,10PPBC, 9, 7, 173, 172, 172, 174, 178, 178, 183, 177, 174, 174, 173, 173, 172, 172,9999,9999,9999, 174, 174, 175, 176, 176, 179, 181
2010,14209530,209,CH4 ,10PPBC, 9, 8, 181, 181, 181, 181, 183, 183, 185, 188, 189, 189, 189, 189, 188, 187, 186, 185, 184, 184, 184, 183, 183, 184, 182, 183
2010,14209530,209,CH4 ,10PPBC, 9, 9, 182,9999, 183, 184, 184, 185, 184, 185, 185, 185, 185, 185, 185, 184, 184, 183, 184, 188, 190, 190, 189, 192, 200, 192
2010,14209530,209,CH4 ,10PPBC, 9,10, 190, 190, 191, 191, 189, 194, 195, 194, 193, 192, 194, 192, 188, 187, 187, 187, 187, 186, 186, 185, 187, 188, 187, 192
2010,14209530,209,CH4 ,10PPBC, 9,11, 191, 197, 199, 191, 187, 187, 186, 187, 185, 187, 189, 188, 187, 185, 183, 183, 183, 183, 185, 186, 186, 189, 189, 191
2010,14209530,209,CH4 ,10PPBC, 9,12, 191, 191, 185, 184, 183, 184, 185, 188, 190, 192, 191, 194, 198, 193, 186, 186, 188, 188, 187, 185, 183, 182, 182, 180
2010,14209530,209,CH4 ,10PPBC, 9,13, 180, 181, 181, 182, 184, 186, 187, 187, 188, 188, 183, 181, 181, 180, 181, 181, 179, 180, 182, 183, 183, 186, 188, 187
2010,14209530,209,CH4 ,10PPBC, 9,14, 185, 184, 182, 182, 182, 183, 184, 185, 186, 185, 185, 186, 185, 185, 184, 184, 184, 184, 184, 183, 185, 187, 186, 186
2010,14209530,209,CH4 ,10PPBC, 9,15, 186, 186, 186, 186, 186, 186, 187, 187, 186, 187, 187, 188, 188, 187, 188, 188, 188, 188, 189, 189, 189, 189, 188, 187
2010,14209530,209,CH4 ,10PPBC, 9,16, 187,9999, 184, 184, 183, 185, 186, 188, 187, 186, 184, 185, 184, 185, 186, 186, 186, 187, 187, 186, 186, 186, 199, 189
2010,14209530,209,CH4 ,10PPBC, 9,17, 189, 186, 184, 184, 184, 184, 183, 184, 185, 184, 184, 184, 183, 184, 183, 185, 185, 185, 189, 189, 187, 186, 188, 187
2010,14209530,209,CH4 ,10PPBC, 9,18, 185, 184, 184, 184, 183, 183, 183, 183, 184, 185, 185, 185, 184, 185, 185, 186, 186, 185, 185, 185, 186, 187, 186, 186
2010,14209530,209,CH4 ,10PPBC, 9,19, 189, 186, 190, 188, 190, 190, 189, 189, 189, 187, 186, 186, 185, 183, 182, 182, 182, 182, 183, 183, 184, 185, 186, 188
2010,14209530,209,CH4 ,10PPBC, 9,20, 188, 187, 187, 187, 187, 187, 186, 189, 191, 189, 191, 190, 187, 188, 191, 190, 191, 192, 193, 191, 191, 192, 193, 191
2010,14209530,209,CH4 ,10PPBC, 9,21, 192, 192, 191, 189, 188, 187, 188, 187, 187, 186, 186, 186, 187, 188, 189, 188, 187, 187, 190, 192, 192, 192, 190, 188
2010,14209530,209,CH4 ,10PPBC, 9,22, 187, 186, 184, 183, 188, 186, 184, 183, 186, 188, 186, 186,9999, 181, 180, 179, 180, 178, 179, 185, 186, 189, 188, 186
2010,14209530,209,CH4 ,10PPBC, 9,23, 186,9999, 187, 187, 187, 187, 187, 188, 187, 187, 189, 189, 188, 188, 188, 189, 188, 189, 189, 190, 191, 192, 191, 189
2010,14209530,209,CH4 ,10PPBC, 9,24, 186, 186, 187, 187, 188, 191, 192, 194, 193, 191, 191, 191, 192, 192, 191, 191, 191, 191, 191, 191, 191, 190, 190, 189
2010,14209530,209,CH4 ,10PPBC, 9,25, 188, 188, 188, 188, 188, 188, 188, 188, 189, 189, 188, 188, 187, 187, 187, 187, 187, 188, 194, 190, 191, 193, 192, 189
2010,14209530,209,CH4 ,10PPBC, 9,26, 189, 188, 188, 189, 188, 189, 189, 189, 191, 193, 192, 190, 190, 189, 192, 194, 192, 191, 190, 190, 190, 192, 194, 193
2010,14209530,209,CH4 ,10PPBC, 9,27, 192, 192, 192, 191, 191, 190, 191, 192, 192, 191, 189, 189, 189, 188, 189, 189, 188, 189, 190, 190, 191, 192, 190, 189
2010,14209530,209,CH4 ,10PPBC, 9,28, 189, 189, 189, 189, 189, 189, 189, 192, 194, 193, 192, 191, 191, 190, 190, 189, 190, 191, 195, 198, 190, 194, 192, 190
2010,14209530,209,CH4 ,10PPBC, 9,29, 187, 188, 189, 186, 187, 188, 190, 191, 192, 190, 190, 190, 190, 189, 190, 193, 193, 192, 193, 193, 193, 195, 195, 192
2010,14209530,209,CH4 ,10PPBC, 9,30, 191,9999, 189, 189, 191, 191, 191, 192, 194, 192, 192, 193, 192, 193, 193, 191, 191, 192, 194, 195, 194, 192, 192, 190
2010,14209530,209,CH4 ,10PPBC, 9,31,9998,9998,9998,9998,9998,9998,9998,9998,9998,9998,9998,9998,9998,9998,9998,9998,9998,9998,9998,9998,9998,9998,9998,9998
2010,14209530,209,CH4 ,10PPBC,10, 1, 190, 190, 190, 191, 191, 190, 190, 193, 191, 192, 193, 193, 191, 190, 190, 190, 190, 189, 189, 188, 189, 188, 191, 190
2010,14209530,209,CH4 ,10PPBC,10, 2, 189, 188, 189, 189, 190, 190, 190, 191, 188, 189, 188, 187, 187, 186, 186, 187, 186, 188, 188, 187, 191, 194, 191, 193
2010,14209530,209,CH4 ,10PPBC,10, 3, 191, 191, 190, 191, 191, 190, 189, 189, 188, 187, 187, 186, 186, 185, 185, 186, 186, 188, 190, 189, 189, 190, 189, 189
2010,14209530,209,CH4 ,10PPBC,10, 4, 188, 188, 189, 189, 190, 190, 190, 190, 191, 189, 191, 193, 195, 192, 191, 190, 190, 190, 192, 192, 191, 191, 193, 191
2010,14209530,209,CH4 ,10PPBC,10, 5, 191, 189, 188, 189, 191, 189, 187, 188, 187, 187, 188, 190, 189, 188, 187, 187, 188, 189, 190, 191, 190, 192, 192, 188
2010,14209530,209,CH4 ,10PPBC,10, 6, 188, 189, 189, 189, 189, 188, 188, 188, 189, 188, 187, 187, 187, 187, 187, 187, 187, 187, 188, 189, 189, 192, 195, 191
2010,14209530,209,CH4 ,10PPBC,10, 7, 190,9999, 188, 188, 187, 187, 188, 188, 189, 189, 189,9999, 188, 188, 188, 187, 187, 187, 188, 189, 190, 190, 190, 190
2010,14209530,209,CH4 ,10PPBC,10, 8, 189, 188, 188, 189, 189, 189, 189, 190, 189, 189, 189, 190, 189, 189, 188, 187, 187, 187, 188, 188, 189, 189, 189, 188
2010,14209530,209,CH4 ,10PPBC,10, 9, 188, 189, 187, 187, 186, 186, 186, 187, 187, 188, 188, 186, 186, 186, 187, 187, 186, 190, 190, 187, 188, 188, 190, 188
2010,14209530,209,CH4 ,10PPBC,10,10, 189, 190, 189, 185, 186, 186, 186, 187, 186, 186, 185, 185, 183, 182, 183, 183, 184, 191, 196, 186, 186, 186, 185, 192
2010,14209530,209,CH4 ,10PPBC,10,11, 189, 190, 185, 181, 181, 182, 182, 184, 183, 183, 184, 184, 184, 183, 183, 185, 185, 186, 186, 188, 189, 188, 189, 187
2010,14209530,209,CH4 ,10PPBC,10,12, 185, 184, 183, 184, 183, 183, 184, 186, 191, 193, 197, 193, 188, 189, 188, 188, 186, 186, 186, 187, 187, 189, 193, 194
2010,14209530,209,CH4 ,10PPBC,10,13, 192, 194, 195, 192, 189, 189, 189, 190, 194, 190, 187, 187, 187, 187, 187, 189, 188, 190, 190, 191, 201, 193, 190, 189
2010,14209530,209,CH4 ,10PPBC,10,14, 188,9999, 190, 187, 187, 187, 187, 190, 190, 188, 188, 188, 188, 188, 188, 187, 187, 189, 192, 192, 189, 190, 191, 191
2010,14209530,209,CH4 ,10PPBC,10,15, 189, 188, 187, 188, 188, 188, 189, 192, 192, 187, 187, 187, 187, 187, 188, 189, 192, 189, 198, 192, 191, 191, 193, 191
2010,14209530,209,CH4 ,10PPBC,10,16, 190, 190, 189, 190, 190, 190, 190, 192, 194, 191, 189, 188, 188, 188, 189, 192, 191, 191, 191, 199, 195, 193, 192, 190
2010,14209530,209,CH4 ,10PPBC,10,17, 189, 188, 188, 189, 189, 189, 189, 190, 190, 189, 188, 188, 190, 189, 188, 187, 188, 189, 191, 190, 191, 191, 191, 189
2010,14209530,209,CH4 ,10PPBC,10,18, 188, 188, 187, 187, 187, 188, 189, 195, 196, 193, 189, 190, 191, 191, 190, 192, 191, 189, 190, 191, 192, 193, 197, 195
2010,14209530,209,CH4 ,10PPBC,10,19, 193, 192, 190, 190, 190, 191, 191, 191, 191, 191, 190, 190, 190, 190, 192, 192, 191, 194, 194, 192, 192, 192, 191, 190
2010,14209530,209,CH4 ,10PPBC,10,20, 188, 188, 188, 188, 191, 193, 193, 193, 194, 192, 190, 191, 190, 190, 191, 191, 191, 192, 193, 194, 192, 192, 196, 193
2010,14209530,209,CH4 ,10PPBC,10,21, 191,9999, 185, 184, 184, 183, 184, 184, 186, 187, 187, 187, 186, 185, 186, 187, 186, 187, 189, 188, 188, 189, 189, 186
2010,14209530,209,CH4 ,10PPBC,10,22, 186, 186, 188, 188, 187, 188, 188, 190, 189, 188, 188,9999,9999, 187, 187, 187, 187, 188, 187, 187, 188, 187, 189, 188
2010,14209530,209,CH4 ,10PPBC,10,23, 188, 188, 188, 188, 189, 189, 189, 189, 189, 188, 187, 188, 187, 187, 187, 187, 187, 189, 190, 188, 191, 190, 189, 188
2010,14209530,209,CH4 ,10PPBC,10,24, 187, 187, 186, 186, 186, 186, 186, 189, 190, 191, 190, 190, 190, 191, 190, 189, 190, 189, 192, 192, 193, 191, 190, 190
2010,14209530,209,CH4 ,10PPBC,10,25, 188, 187, 186, 185, 186, 186, 187, 189, 190, 186, 185, 186, 187, 185, 185, 185, 184, 184, 187, 188, 188, 191, 190, 185
2010,14209530,209,CH4 ,10PPBC,10,26, 183, 181, 181, 182, 182, 183, 185, 189, 189, 189, 190, 189, 186, 185, 187, 187, 186, 186, 188, 188, 188, 188, 189, 188
2010,14209530,209,CH4 ,10PPBC,10,27, 188, 188, 188, 188, 188, 188, 189, 189, 190, 189, 188, 189, 188, 188, 187, 188, 188, 189, 190, 194, 191, 194, 194, 194
2010,14209530,209,CH4 ,10PPBC,10,28, 195,9999, 190, 188, 188, 188, 188, 189, 190, 188, 188, 189, 188, 188, 187, 188, 188, 187, 188, 188, 188, 188, 189, 188
2010,14209530,209,CH4 ,10PPBC,10,29, 189, 189, 189, 191, 191, 191, 192, 194, 194, 192, 189, 188, 187, 187, 187, 187, 188, 188, 188, 190, 191, 191, 190, 189
2010,14209530,209,CH4 ,10PPBC,10,30, 187, 186, 186, 187, 187, 186, 186, 187, 187, 187, 187, 187, 187, 187, 186, 186, 186, 185, 186, 185, 185, 185, 185, 184
2010,14209530,209,CH4 ,10PPBC,10,31, 184, 185, 185, 185, 185, 185, 186, 186, 185, 184, 184, 184, 184, 184, 184, 185, 185, 187, 188, 187, 187, 188, 189, 186
2010,14209530,209,CH4 ,10PPBC,11, 1, 185, 184, 183, 182, 182, 182, 182, 184, 185, 183, 181, 181, 181, 181, 181, 179, 180, 184, 186, 196, 187, 189, 184, 182
2010,14209530,209,CH4 ,10PPBC,11, 2, 182, 182, 185, 183, 183, 183, 182, 184, 186, 185, 185, 186, 183, 182, 181, 182, 184, 185, 185, 186, 184, 184, 184, 183
2010,14209530,209,CH4 ,10PPBC,11, 3, 184, 185, 184, 186, 185, 187, 187, 187, 186, 187, 187, 187, 187, 186, 186, 186, 186, 186, 187, 187, 187, 189, 193, 191
2010,14209530,209,CH4 ,10PPBC,11, 4, 189,9999, 188, 188, 188, 188, 191, 193, 194, 191, 189, 187, 187, 188, 187, 189, 189, 190, 197, 191, 190, 190, 189, 189
2010,14209530,209,CH4 ,10PPBC,11, 5, 187, 187, 186, 187, 187, 187, 187, 187, 186, 186, 186, 186, 186, 185, 185, 186, 186, 187, 193, 189, 189, 187, 187, 186
2010,14209530,209,CH4 ,10PPBC,11, 6, 187, 186, 186, 186, 186, 186, 187, 189, 189, 188, 188, 187, 187, 186, 186, 191, 190, 190, 192, 190, 189, 187, 188, 185
2010,14209530,209,CH4 ,10PPBC,11, 7, 184, 184, 184, 184, 184, 184, 185, 185, 186, 186, 186, 186, 187, 186, 186, 186, 191, 189, 188, 187, 186, 186, 185, 185
2010,14209530,209,CH4 ,10PPBC,11, 8, 184, 183, 183, 183, 183, 183, 184, 186, 186, 185, 187,9999,9999, 188, 187, 186, 186, 186, 194, 192, 190, 190, 189, 189
2010,14209530,209,CH4 ,10PPBC,11, 9, 186, 186, 185, 185, 187, 186, 184, 185, 188, 184, 184, 183, 182, 181, 181, 182, 183, 184, 186, 186, 188, 192, 189, 188
2010,14209530,209,CH4 ,10PPBC,11,10, 190, 190, 190, 192, 195, 196, 191, 190, 191, 190, 190, 191, 187, 186, 186, 185, 185, 187, 186, 187, 189, 191, 190, 187
2010,14209530,209,CH4 ,10PPBC,11,11, 187,9999, 188, 187, 188, 188, 189, 191, 190, 189, 189, 188, 188, 188, 188, 189, 190, 191, 195, 196, 195, 193, 193, 191
2010,14209530,209,CH4 ,10PPBC,11,12, 189, 189, 189, 188, 189, 190, 190, 192, 190, 191, 194, 192, 192, 191, 189, 187, 187, 190, 194, 196, 191, 191, 192, 191
2010,14209530,209,CH4 ,10PPBC,11,13, 188, 187, 188, 188, 187, 187, 188, 190, 190, 189, 190, 189, 189, 190, 191, 193, 196, 196, 198, 199, 195, 193, 192, 192
2010,14209530,209,CH4 ,10PPBC,11,14, 191, 190, 190, 190, 190, 190, 191, 192, 192, 191, 192, 189, 188, 189, 191, 193, 193, 193, 195, 191, 190, 189, 190, 187
2010,14209530,209,CH4 ,10PPBC,11,15, 186, 186, 185, 185, 185, 186, 185, 187, 187, 190, 190, 188, 188, 189, 190, 189, 189, 188, 189, 189, 190, 192, 192, 192
2010,14209530,209,CH4 ,10PPBC,11,16, 191, 192, 192, 193, 193, 193, 192, 195, 195, 194, 194, 190, 190, 190, 189, 188, 188, 199, 193, 199, 195, 195, 195, 195
2010,14209530,209,CH4 ,10PPBC,11,17, 193, 192, 192, 193, 193, 193, 192, 193, 195, 194, 195, 190, 190, 191, 192, 192, 191, 193, 193, 191, 192, 192, 192, 192
2010,14209530,209,CH4 ,10PPBC,11,18, 191,9999, 188, 188, 187, 187, 188, 188, 188, 188, 187, 187, 186, 186, 186, 186, 187, 188, 187, 187, 187, 188, 188, 187
2010,14209530,209,CH4 ,10PPBC,11,19, 186, 186, 186, 186, 186, 186, 187, 188, 188, 189, 190, 188, 186, 186, 186, 186, 187, 191, 192, 189, 188, 188, 188, 186
2010,14209530,209,CH4 ,10PPBC,11,20, 186, 186, 186, 186, 186, 186, 186, 188, 188, 188, 187, 186, 185, 184, 184, 186, 187, 189, 188, 190, 188, 188, 189, 186
2010,14209530,209,CH4 ,10PPBC,11,21, 185, 186, 185, 184, 184, 184, 184, 185, 186, 186, 187, 186, 185, 184, 183, 183, 183, 184, 187, 186, 185, 185, 184, 183
2010,14209530,209,CH4 ,10PPBC,11,22, 182, 183, 183, 183, 183, 182, 182, 185, 187, 186, 187,9999, 183, 186, 186, 188, 188, 190, 191, 191, 189, 189, 191, 190
2010,14209530,209,CH4 ,10PPBC,11,23, 186, 184, 184, 183, 183, 180, 180, 181, 182, 182, 184, 184, 184, 184, 184, 185, 185, 186, 186, 186, 187, 187, 190, 190
2010,14209530,209,CH4 ,10PPBC,11,24, 190, 189, 186, 186, 187, 187, 188, 191, 191, 190, 188, 187, 187, 187, 186, 186, 186, 190, 190, 190, 192, 192, 194, 193
2010,14209530,209,CH4 ,10PPBC,11,25, 191,9999, 193, 194, 193, 194, 194, 194, 196, 194, 193, 192, 192, 192, 191, 192, 192, 193, 195, 195, 195, 196, 200, 197
2010,14209530,209,CH4 ,10PPBC,11,26, 196, 194, 192, 193, 196, 192, 191, 191, 192, 188, 190, 189, 187, 187, 186, 187, 188, 189, 197, 195, 194, 198, 195, 188
2010,14209530,209,CH4 ,10PPBC,11,27, 188, 187, 188, 188, 187, 187, 188, 188, 189, 188, 188, 187, 187, 186, 187, 190, 188, 187, 189, 190, 191, 195, 196, 193
2010,14209530,209,CH4 ,10PPBC,11,28, 191, 191, 189, 189, 188, 187, 187, 188, 188, 187, 187, 188, 187, 186, 188, 188, 187, 188, 191, 191, 195, 201, 205, 203
2010,14209530,209,CH4 ,10PPBC,11,29, 198, 198, 200, 196, 192, 190, 189, 190, 188, 188, 189, 188, 187, 186, 186, 187, 187, 190, 194, 193, 193, 196, 205, 206
2010,14209530,209,CH4 ,10PPBC,11,30, 195, 192, 192, 190, 190, 190, 190, 192, 191, 191, 191, 192, 191, 190, 191, 191, 190, 191, 190, 190, 192, 194, 193, 194
2010,14209530,209,CH4 ,10PPBC,11,31,9998,9998,9998,9998,9998,9998,9998,9998,9998,9998,9998,9998,9998,9998,9998,9998,9998,9998,9998,9998,9998,9998,9998,9998
2010,14209530,209,CH4 ,10PPBC,12, 1, 192, 189, 189, 189, 189, 190, 190, 192, 194, 190, 190, 189, 189, 188, 188, 189, 191, 196, 194, 192, 191, 192, 194, 190
2010,14209530,209,CH4 ,10PPBC,12, 2, 189,9999, 188, 189, 189, 189, 188, 189, 191, 190, 191, 190, 188, 188, 190, 191, 192, 194, 193, 193, 190, 189, 191, 191
2010,14209530,209,CH4 ,10PPBC,12, 3, 190, 192, 191, 193, 192, 195, 195, 193, 192, 181, 179, 178, 180, 182, 181, 179, 179, 179, 180, 181, 183, 185, 185, 187
2010,14209530,209,CH4 ,10PPBC,12, 4, 192, 189, 186, 188, 187, 188, 189, 193, 192, 189, 188, 188, 187, 187, 186, 186, 186, 186, 188, 190, 192, 191, 189, 189
2010,14209530,209,CH4 ,10PPBC,12, 5, 187, 187, 187, 187, 186, 186, 186, 187, 187, 187, 187, 188, 188, 187, 187, 188, 188, 189, 193, 191, 191, 191, 189, 188
2010,14209530,209,CH4 ,10PPBC,12, 6, 187, 187, 187, 186, 186, 186, 187, 188, 189, 189, 187, 188, 189, 188, 187, 187, 186, 189, 195, 192, 193, 191, 191, 189
2010,14209530,209,CH4 ,10PPBC,12, 7, 188, 187, 186, 186, 187, 187, 186, 187, 189, 189, 189, 186, 186, 184, 185, 186, 186, 186, 187, 187, 187, 186, 186, 186
2010,14209530,209,CH4 ,10PPBC,12, 8, 186, 186, 186, 186, 187, 187, 187, 188, 189, 188, 187, 186, 185, 186, 186, 186, 185, 185, 185, 185, 185, 185, 187, 188
2010,14209530,209,CH4 ,10PPBC,12, 9, 187,9999, 191, 192, 190, 191, 191, 193, 193,9999,9999,9999, 189, 189, 187, 187, 189, 190, 190, 191, 193, 193, 195, 193
2010,14209530,209,CH4 ,10PPBC,12,10, 193, 192, 191, 190, 191, 191, 191, 192, 192, 193, 192, 192, 191, 191, 192, 192, 192, 193, 193, 195, 198, 199, 196, 194
2010,14209530,209,CH4 ,10PPBC,12,11, 194, 195, 193, 192, 192, 192, 193, 193, 192, 191, 189, 188, 186, 186, 185, 185, 186, 189, 190, 188, 186, 187, 193, 192
2010,14209530,209,CH4 ,10PPBC,12,12, 193, 197, 195, 193, 193, 192, 192, 192, 191, 192, 192, 191, 190, 190, 190, 190, 190, 191, 193, 195, 195, 197, 193, 193
2010,14209530,209,CH4 ,10PPBC,12,13, 192, 192, 191, 191, 192, 192, 192, 192, 192, 193, 193, 192, 193, 193, 194, 193, 192, 192, 192, 193, 194, 195, 195, 194
2010,14209530,209,CH4 ,10PPBC,12,14, 194, 193, 192, 190, 189, 189, 192, 193, 195, 196, 194, 193, 193, 193, 191, 192, 191, 193, 210, 197, 200, 198, 196, 196
2010,14209530,209,CH4 ,10PPBC,12,15, 190, 189, 188, 188, 188, 190, 193, 197, 193, 190, 191, 190, 190, 190, 192, 194, 189, 189, 190, 191, 191, 192, 192, 192
2010,14209530,209,CH4 ,10PPBC,12,16, 193,9999, 191, 191, 192, 192, 192, 193, 194, 192, 192, 194, 194, 195, 195, 194, 194, 195, 195, 195, 198, 197, 198, 198
2010,14209530,209,CH4 ,10PPBC,12,17, 196, 197, 194, 192, 191, 191, 190, 192, 192, 190, 191, 191, 189, 189, 189, 189, 191, 199, 201, 194, 195, 197, 195, 192
2010,14209530,209,CH4 ,10PPBC,12,18, 191, 190, 190, 191, 190, 191, 193, 196, 194, 193, 193, 192, 192, 192, 192, 190, 190, 191, 191, 193, 193, 195, 196, 196
2010,14209530,209,CH4 ,10PPBC,12,19, 194, 195, 195, 194, 194, 195, 195, 194, 196, 196, 194, 193, 193, 192, 193, 193, 196, 198, 197, 197, 196, 194, 194, 192
2010,14209530,209,CH4 ,10PPBC,12,20, 192, 193, 194, 193, 192, 192, 192, 194, 192, 191, 190, 190, 187, 187, 188, 188, 190, 191, 190, 192, 192, 190, 191, 188
2010,14209530,209,CH4 ,10PPBC,12,21, 188, 188, 188, 188, 187, 187, 187, 189, 190, 188,9999,9999, 190, 190, 192, 193, 194, 192, 191, 192, 192, 191, 190, 190
2010,14209530,209,CH4 ,10PPBC,12,22, 189, 189, 188, 188, 187, 187, 187, 187, 188, 190, 187, 186, 183, 183, 185, 187, 187, 188, 190, 189, 188, 188, 191, 191
2010,14209530,209,CH4 ,10PPBC,12,23, 189,9999, 193, 190, 192, 192, 192, 191, 190, 192, 189, 187, 187, 187, 187, 186, 187, 190, 193, 193, 194, 191, 193, 194
2010,14209530,209,CH4 ,10PPBC,12,24, 190, 190, 191, 190, 193, 194, 192, 193, 191, 190, 190, 191, 191, 190, 190, 190, 188, 192, 192, 194, 193, 194, 195, 194
2010,14209530,209,CH4 ,10PPBC,12,25, 196, 197, 197, 198, 200, 197, 199, 200, 192, 190, 190, 189, 189, 189, 189, 188, 188, 187, 188, 188, 190, 193, 193, 193
2010,14209530,209,CH4 ,10PPBC,12,26, 193, 188, 188, 191, 191, 192, 196, 210, 202, 194, 190, 189, 188, 187, 187, 188, 187, 188, 190, 193, 194, 206, 203, 196
2010,14209530,209,CH4 ,10PPBC,12,27, 196, 195, 193, 196, 196, 196, 199, 198, 195, 194, 192, 191, 191, 190, 190, 189, 190, 192, 195, 193, 193, 192, 194, 194
2010,14209530,209,CH4 ,10PPBC,12,28, 192, 192, 195, 192, 192, 192, 192, 193, 194, 193, 194, 193, 191, 190, 189, 188, 191, 190, 188, 187, 187, 191, 198, 196
2010,14209530,209,CH4 ,10PPBC,12,29, 197, 203, 195, 198, 197, 197, 198, 197, 199, 192, 191, 190, 190, 190, 190, 190, 190, 191, 191, 191, 192, 195, 195, 196
2010,14209530,209,CH4 ,10PPBC,12,30, 195,9999, 191, 190, 189, 190, 190, 191, 192, 192, 192, 195, 197, 197, 196, 194, 191, 191, 192, 192, 192, 193, 194, 193
2010,14209530,209,CH4 ,10PPBC,12,31, 194, 196, 194, 193, 195, 192, 192, 191, 192, 189, 187, 187, 186, 186, 186, 186, 188, 187, 187, 187, 187, 188, 190, 191
2010,14209530,209,CH4 ,10PPBC, 1, 1, 191, 192, 189, 189, 189, 189, 190, 190, 190, 190, 189, 189, 189, 189, 188, 188, 190, 191, 193, 194, 192, 192, 193, 193
2010,14209530,209,CH4 ,10PPBC, 1, 2, 191, 190, 190, 190, 190, 191, 191, 192, 192, 191, 191, 190, 189, 188, 188, 187, 187, 188, 188, 189, 189, 191, 192, 191
2010,14209530,209,CH4 ,10PPBC, 1, 3, 190, 189, 189, 188, 188, 188, 189, 191, 190, 190, 190, 188, 188, 188, 188, 188, 189, 192, 197, 193, 192, 191, 191, 190
2010,14209530,209,CH4 ,10PPBC, 1, 4, 190, 189, 188, 188, 188, 189, 188, 190, 189, 191, 190, 190, 188, 187, 187, 187, 187, 188, 190, 195, 193, 192, 190, 190
2010,14209530,209,CH4 ,10PPBC, 1, 5, 188, 188, 187, 187, 187, 188, 187, 189, 192, 191, 189, 190, 188, 187, 187, 187, 187, 186, 186, 187, 190, 190, 191, 190
2010,14209530,209,CH4 ,10PPBC, 1, 6, 190,9999, 190, 189, 189, 189, 191, 194, 194, 191, 190,9999, 186, 187, 187, 187, 187, 188, 190, 191, 193, 192, 191, 191
2010,14209530,209,CH4 ,10PPBC, 1, 7, 190, 190, 190, 191, 191, 190, 192, 192, 193, 192, 192, 191, 191, 190, 189, 189, 189, 190, 192, 195, 194, 194, 194, 194
2010,14209530,209,CH4 ,10PPBC, 1, 8, 191, 190, 190, 189, 190, 190, 190, 191, 192, 192, 191, 191, 191, 190, 189, 189, 189, 190, 192, 193, 192, 191, 190, 191
2010,14209530,209,CH4 ,10PPBC, 1, 9, 189, 190, 190, 190, 189, 189, 189, 190, 191, 190, 190, 189, 188, 188, 188, 190, 192, 193, 191, 188, 188, 189, 189, 189
2010,14209530,209,CH4 ,10PPBC, 1,10, 189, 190, 191, 191, 191, 192, 192, 194, 193, 193, 192, 191, 191, 191, 190, 190, 190, 191, 192, 193, 194, 196, 197, 196
2010,14209530,209,CH4 ,10PPBC, 1,11, 195, 195, 196, 196, 194, 193, 192, 194, 194, 196, 196, 195, 193, 191, 191, 191, 191, 194, 194, 196, 197, 197, 197, 196
2010,14209530,209,CH4 ,10PPBC, 1,12, 196, 197, 195, 196, 196, 196, 196, 198, 199, 196, 194, 194, 193, 191, 191, 190, 192, 195, 192, 190, 191, 192, 193, 193
2010,14209530,209,CH4 ,10PPBC, 1,13, 193,9999, 190, 190, 190, 191, 191, 192, 192, 191, 190, 189, 188, 189, 189, 188, 189, 190, 191, 191, 192, 191, 192, 193
2010,14209530,209,CH4 ,10PPBC, 1,14, 193, 193, 194, 193, 193, 193, 193, 195, 195, 195, 193, 193, 192, 192, 191, 191, 191, 192, 197, 197, 195, 194, 196, 194
2010,14209530,209,CH4 ,10PPBC, 1,15, 192, 192, 191, 191, 191, 192, 191, 191, 191, 192, 194, 192, 191, 192, 194, 193, 195, 196, 198, 197, 196, 197, 198, 196
2010,14209530,209,CH4 ,10PPBC, 1,16, 195, 196, 194, 192, 190, 189, 189, 189, 189, 190, 189, 188, 188, 187, 188, 188, 188, 188, 188, 188, 188, 188, 188, 188
2010,14209530,209,CH4 ,10PPBC, 1,17, 188, 188, 190, 189, 193, 193, 193, 196, 197, 191, 188, 188, 187, 187, 186, 186, 186, 188, 189, 189, 191, 195, 193, 192
2010,14209530,209,CH4 ,10PPBC, 1,18, 192, 193, 194, 193, 192, 192, 192, 191, 192, 190, 189, 189, 190, 190, 189, 188, 188, 189, 191, 196, 191, 191, 192, 190
2010,14209530,209,CH4 ,10PPBC, 1,19, 190, 189, 189, 191, 189, 189, 189, 190, 192, 190, 191, 189, 188, 187, 187, 188, 192, 195, 197, 191, 191, 190, 192, 195
2010,14209530,209,CH4 ,10PPBC, 1,20, 192,9999, 190, 189, 190, 189, 191, 193, 196, 192, 190, 189,9999, 186, 186, 186, 188, 188, 188, 188, 188, 190, 192, 192
2010,14209530,209,CH4 ,10PPBC, 1,21, 191, 191, 191, 190, 193, 191, 191, 193, 194, 190, 189, 188, 188, 187, 187, 188, 188, 189, 189, 193, 191, 191, 191, 190
2010,14209530,209,CH4 ,10PPBC, 1,22, 188, 189, 189, 189, 189, 189, 189, 190, 190, 189, 188, 188, 187, 187, 186, 186, 186, 186, 190, 190, 190, 192, 194, 189
2010,14209530,209,CH4 ,10PPBC, 1,23, 190, 191, 190, 189, 189, 190, 190, 191, 190, 190, 190, 193, 192, 190, 189, 189, 189, 191, 196, 195, 192, 191, 191, 191
2010,14209530,209,CH4 ,10PPBC, 1,24, 191, 190, 189, 189, 190, 191, 190, 192, 193, 192, 191, 191, 190, 190, 190, 190, 190, 192, 194, 192, 191, 191, 190, 191
2010,14209530,209,CH4 ,10PPBC, 1,25, 190, 190, 191, 191, 192, 192, 192, 193, 194, 193, 192, 191, 190, 191, 190, 190, 191, 192, 190, 190, 191, 191, 192, 193
2010,14209530,209,CH4 ,10PPBC, 1,26, 190, 191, 191, 190, 191, 192, 192, 193, 193, 192, 190, 190, 191, 190, 189, 188, 189, 190, 191, 189, 189, 191, 192, 194
2010,14209530,209,CH4 ,10PPBC, 1,27, 193,9999, 190, 192, 195, 197, 193, 195, 193, 193, 191, 190, 190, 190, 190, 189, 190, 189, 189, 191, 191, 193, 193, 196
2010,14209530,209,CH4 ,10PPBC, 1,28, 193, 192, 194, 193, 192, 193, 192, 193, 194, 193, 192, 191, 190, 189, 189, 189, 189, 189, 189, 189, 190, 192, 193, 195
2010,14209530,209,CH4 ,10PPBC, 1,29, 193, 195, 199, 193, 192, 191, 193, 196, 191, 192, 190, 190, 189, 189, 189, 189, 189, 190, 193, 193, 194, 194, 195, 193
2010,14209530,209,CH4 ,10PPBC, 1,30, 192, 190, 191, 191, 190, 187, 187, 190, 190, 190, 189, 188, 188, 187, 186, 188, 188, 189, 189, 189, 190, 190, 191, 192
2010,14209530,209,CH4 ,10PPBC, 1,31, 192, 193, 193, 193, 192, 189, 190, 190, 190, 190, 190, 189, 189, 188, 188, 188, 187, 188, 189, 192, 192, 192, 191, 191
2010,14209530,209,CH4 ,10PPBC, 2, 1, 190, 188, 188, 189, 190, 188, 190, 190, 191, 187, 188, 188, 188, 188, 187, 186, 186, 186, 189, 190, 195, 193, 195, 192
2010,14209530,209,CH4 ,10PPBC, 2, 2, 190, 188, 187, 189, 190, 190, 191, 193, 193, 193, 193, 191, 190, 191, 195, 196, 191, 192, 195, 198, 202, 201, 201, 198
2010,14209530,209,CH4 ,10PPBC, 2, 3, 196,9999, 194, 193, 194, 193, 193, 194, 194, 193, 193, 190, 189, 189, 188, 192, 193, 191, 192, 191, 190, 195, 192, 190
2010,14209530,209,CH4 ,10PPBC, 2, 4, 189, 188, 188, 187, 187, 188, 189, 190, 189, 189, 187, 187, 189, 187, 186, 185, 185, 186, 190, 190, 192, 190, 190, 189
2010,14209530,209,CH4 ,10PPBC, 2, 5, 189, 188, 188, 188, 188, 190, 189, 191, 191, 191, 191, 190, 189, 189, 189, 189, 190, 199, 199, 196, 193, 193, 190, 190
2010,14209530,209,CH4 ,10PPBC, 2, 6, 192, 192, 191, 191, 191, 190, 190, 194, 194, 193, 193, 193, 194, 195, 196, 196, 198, 198, 198, 198, 198, 197, 197, 197
2010,14209530,209,CH4 ,10PPBC, 2, 7, 197, 196, 199, 199, 195, 192, 191, 190, 190, 190, 188,9999,9999, 186, 186, 187, 187, 187, 187, 188, 189, 190, 189, 188
2010,14209530,209,CH4 ,10PPBC, 2, 8, 188, 188, 187, 189, 197, 191, 189, 194, 190, 189, 189, 189, 188, 189, 190, 190, 190, 194, 192, 191, 193, 192, 191, 189
2010,14209530,209,CH4 ,10PPBC, 2, 9, 187, 189, 188, 188, 188, 189, 189, 190, 189, 188, 188, 189, 188, 186, 186, 186, 186, 188, 192, 195, 198, 195, 193, 192
2010,14209530,209,CH4 ,10PPBC, 2,10, 191,9999, 193, 194, 193, 193, 194, 196, 199, 194, 191, 190, 190, 190, 190, 190, 192, 193, 192, 191, 192, 192, 191, 191
2010,14209530,209,CH4 ,10PPBC, 2,11, 191, 192, 191, 191, 190, 190, 190, 191, 192, 192, 193, 192, 191, 193, 194, 192, 192, 193, 194, 194, 192, 192, 191, 190
2010,14209530,209,CH4 ,10PPBC, 2,12, 189, 189, 189, 189, 189, 189, 189, 191, 191, 190, 191, 191, 190, 189, 190, 190, 190, 191, 191, 192, 193, 195, 195, 195
2010,14209530,209,CH4 ,10PPBC, 2,13, 192, 190, 190, 189, 189, 190, 190, 191, 191, 192, 192, 192, 191, 191, 191, 191, 190, 191, 192, 194, 195, 195, 195, 193
2010,14209530,209,CH4 ,10PPBC, 2,14, 192, 191, 192, 192, 193, 193, 194, 195, 195, 196, 197, 195, 195, 194, 194, 194, 195, 194, 199, 198, 197, 195, 196, 193
2010,14209530,209,CH4 ,10PPBC, 2,15, 192, 191, 192, 193, 192, 193, 193, 196, 197, 195, 194, 193, 193, 192, 191, 192, 192, 192, 192, 194, 194, 194, 196, 197
2010,14209530,209,CH4 ,10PPBC, 2,16, 196, 196, 196, 196, 195, 195, 195, 196, 195, 197, 196, 196, 196, 196, 194, 194, 192, 192, 193, 197, 198, 197, 196, 194
2010,14209530,209,CH4 ,10PPBC, 2,17, 193,9999, 192, 191, 191, 190, 192, 192, 193, 194, 195, 201, 201, 195, 188, 185, 185, 185, 185, 186, 185, 184, 184, 185
2010,14209530,209,CH4 ,10PPBC, 2,18, 184, 187, 190, 189, 190, 189, 189, 189, 189, 187, 185, 184, 184, 184, 184, 183, 183, 185, 185, 186, 188, 188, 188, 188
2010,14209530,209,CH4 ,10PPBC, 2,19, 187, 188, 189, 190, 190, 190, 190, 193, 192, 192, 191, 190, 189, 189, 190, 191, 191, 191, 191, 191, 192, 194, 195, 194
2010,14209530,209,CH4 ,10PPBC, 2,20, 192, 191, 191, 192, 192, 191, 191, 191, 192, 193, 193, 193, 192, 190, 189, 189, 190, 191, 192, 192, 192, 189, 189, 189
2010,14209530,209,CH4 ,10PPBC, 2,21, 189, 189, 190, 189, 190, 189, 190, 191, 192, 191, 190, 190, 189, 188, 188, 188, 187, 188, 188, 189, 190, 191, 192, 193
2010,14209530,209,CH4 ,10PPBC, 2,22, 191, 191, 190, 190, 190, 189, 190, 191, 193, 195, 194, 191, 190, 189, 189, 188, 188, 188, 189, 191, 193, 191, 196, 193
2010,14209530,209,CH4 ,10PPBC, 2,23, 192, 192, 192, 191, 191, 190, 191, 192, 193, 191,9999, 189, 188, 189, 191, 191, 188, 188, 189, 189, 193, 191, 191, 190
2010,14209530,209,CH4 ,10PPBC, 2,24, 192,9999, 191, 192, 191, 191, 191, 191, 194, 192, 192, 193, 191, 190, 188, 187, 186, 187, 188, 187, 186, 186, 186, 186
2010,14209530,209,CH4 ,10PPBC, 2,25, 187, 186, 185, 187, 187, 188, 187, 191, 189, 184, 183, 183, 182, 181, 181, 182, 181, 181, 182, 184, 185, 186, 187, 187
2010,14209530,209,CH4 ,10PPBC, 2,26, 187, 188, 188, 189, 189, 189, 191, 192, 192, 191, 192, 191, 191, 193, 192, 192, 191, 191, 192, 192, 195, 195, 196, 194
2010,14209530,209,CH4 ,10PPBC, 2,27, 194, 194, 194, 195, 195, 196, 196, 198, 197, 195, 194, 191, 192, 188, 187, 185, 185, 191, 192, 191, 192, 193, 192, 191
2010,14209530,209,CH4 ,10PPBC, 2,28, 192, 191, 189, 190, 189, 189, 189, 191, 191, 191, 190, 191, 191, 190, 191, 190, 191, 190, 191, 190, 191, 191, 192, 190
2010,14209530,209,CH4 ,10PPBC, 2,29,9998,9998,9998,9998,9998,9998,9998,9998,9998,9998,9998,9998,9998,9998,9998,9998,9998,9998,9998,9998,9998,9998,9998,9998
2010,14209530,209,CH4 ,10PPBC, 2,30,9998,9998,9998,9998,9998,9998,9998,9998,9998,9998,9998,9998,9998,9998,9998,9998,9998,9998,9998,9998,9998,9998,9998,9998
2010,14209530,209,CH4 ,10PPBC, 2,31,9998,9998,9998,9998,9998,9998,9998,9998,9998,9998,9998,9998,9998,9998,9998,9998,9998,9998,9998,9998,9998,9998,9998,9998
2010,14209530,209,CH4 ,10PPBC, 3, 1, 190, 190, 191, 189, 190, 190, 191, 193, 193, 193, 191, 190, 190, 189, 189, 190, 191, 191, 191, 190, 191, 192, 192, 192
2010,14209530,209,CH4 ,10PPBC, 3, 2, 191, 191, 192, 192, 191, 196, 195, 194, 196, 192, 191, 191, 190, 190, 189, 186, 185, 186, 187, 190, 195, 196, 197, 192
2010,14209530,209,CH4 ,10PPBC, 3, 3, 192,9999, 191, 191, 191, 191, 192, 192, 191, 191, 191, 190, 189, 189, 188, 188, 189, 189, 190, 190, 189, 190, 190, 189
2010,14209530,209,CH4 ,10PPBC, 3, 4, 190, 190, 190, 190, 190, 190, 190, 192, 193, 191, 191, 190, 189, 189, 189, 190, 190, 190, 190, 192, 194, 195, 194, 194
2010,14209530,209,CH4 ,10PPBC, 3, 5, 195, 193, 193, 193, 191, 191, 191, 192, 192, 192, 192, 191, 191, 191, 191, 190, 189, 189, 190, 190, 195, 192, 194, 192
2010,14209530,209,CH4 ,10PPBC, 3, 6, 191, 191, 191, 191, 190, 190, 190, 192, 191, 190, 190, 190, 190, 189, 189, 189, 189, 190, 191, 195, 194, 191, 191, 190
2010,14209530,209,CH4 ,10PPBC, 3, 7, 189, 188, 188, 187, 187, 187, 188, 190, 192, 194, 193, 192, 191,9999,9999, 227, 193, 192, 193, 195, 195, 197, 198, 197
2010,14209530,209,CH4 ,10PPBC, 3, 8, 197, 198, 198, 200, 203, 198, 198, 198, 200, 197, 196, 196, 196, 195, 195, 194, 195, 195, 194, 199, 197, 195, 196, 194
2010,14209530,209,CH4 ,10PPBC, 3, 9, 193, 194, 195, 193, 194, 194, 194, 195, 195, 196, 196, 195, 193, 192, 191, 190, 189, 190, 190, 190, 191, 193, 192, 193
2010,14209530,209,CH4 ,10PPBC, 3,10, 194,9999, 191, 191, 191, 192, 192, 193, 192, 192, 191, 190, 190, 190, 190, 189, 189, 189, 191, 191, 191, 191, 192, 191
2010,14209530,209,CH4 ,10PPBC, 3,11, 190, 190, 190, 189, 190, 190, 190, 191, 191, 190, 190, 189, 188, 187,9999,9999,9999,9999,9999,9999,9999,9999,9999,9999
2010,14209530,209,CH4 ,10PPBC, 3,12,9999,9999,9999,9999,9999,9999, 192, 193, 193, 191, 192, 191, 191, 190, 191, 191, 191, 192, 194, 193, 191, 193, 194, 191
2010,14209530,209,CH4 ,10PPBC, 3,13, 190, 190, 190, 190, 190, 189, 190, 191, 191, 191, 191, 190, 190, 189, 189, 189, 188, 187, 188, 191, 193, 196, 191, 190
2010,14209530,209,CH4 ,10PPBC, 3,14, 188, 188, 187, 188, 188, 188, 188, 188, 187, 188, 187, 186, 184, 184,9999,9999,9999,9999,9999,9999,9999,9999,9999,9999
2010,14209530,209,CH4 ,10PPBC, 3,15,9999,9999,9999,9999,9999,9999,9999,9999,9999,9999,9999,9999,9999,9999,9999,9999,9999,9999,9999,9999,9999,9999,9999,9999
2010,14209530,209,CH4 ,10PPBC, 3,16,9999,9999,9999,9999,9999,9999,9999,9999,9999,9999,9999,9999,9999,9999,9999,9999,9999,9999,9999,9999,9999,9999,9999,9999
2010,14209530,209,CH4 ,10PPBC, 3,17,9999,9999,9999,9999,9999,9999,9999,9999,9999,9999,9999,9999,9999,9999,9999,9999,9999,9999,9999,9999,9999,9999,9999,9999
2010,14209530,209,CH4 ,10PPBC, 3,18,9999,9999,9999,9999,9999,9999,9999,9999,9999,9999,9999,9999,9999,9999,9999,9999,9999,9999,9999,9999,9999,9999,9999,9999
2010,14209530,209,CH4 ,10PPBC, 3,19,9999,9999,9999,9999,9999,9999,9999,9999,9999,9999,9999,9999,9999,9999,9999,9999,9999,9999,9999,9999,9999,9999,9999,9999
2010,14209530,209,CH4 ,10PPBC, 3,20,9999,9999,9999,9999,9999,9999,9999,9999,9999,9999,9999,9999,9999,9999,9999,9999,9999,9999,9999,9999,9999,9999,9999,9999
2010,14209530,209,CH4 ,10PPBC, 3,21,9999,9999,9999,9999,9999,9999,9999,9999,9999,9999,9999,9999,9999,9999,9999,9999,9999,9999,9999,9999,9999,9999,9999,9999
2010,14209530,209,CH4 ,10PPBC, 3,22,9999,9999,9999,9999,9999,9999,9999,9999,9999,9999,9999,9999,9999,9999,9999,9999,9999,9999,9999,9999,9999,9999,9999,9999
2010,14209530,209,CH4 ,10PPBC, 3,23,9999,9999,9999,9999,9999,9999,9999,9999,9999,9999,9999,9999,9999,9999,9999,9999,9999,9999,9999,9999,9999,9999,9999,9999
2010,14209530,209,CH4 ,10PPBC, 3,24,9999,9999,9999,9999,9999,9999,9999,9999,9999,9999,9999,9999,9999,9999,9999,9999,9999,9999,9999,9999,9999,9999,9999,9999
2010,14209530,209,CH4 ,10PPBC, 3,25,9999,9999,9999,9999,9999,9999,9999,9999,9999,9999,9999,9999,9999,9999,9999,9999,9999,9999,9999,9999,9999,9999,9999,9999
2010,14209530,209,CH4 ,10PPBC, 3,26,9999,9999,9999,9999,9999,9999,9999,9999,9999,9999,9999,9999,9999,9999,9999,9999,9999,9999,9999,9999,9999,9999,9999,9999
2010,14209530,209,CH4 ,10PPBC, 3,27,9999,9999,9999,9999,9999,9999,9999,9999,9999,9999,9999,9999,9999,9999,9999,9999,9999,9999,9999,9999,9999,9999,9999,9999
2010,14209530,209,CH4 ,10PPBC, 3,28,9999,9999,9999,9999,9999,9999,9999,9999,9999,9999,9999,9999,9999,9999,9999,9999,9999,9999,9999,9999,9999,9999,9999,9999
2010,14209530,209,CH4 ,10PPBC, 3,29,9999,9999,9999,9999,9999,9999,9999,9999,9999,9999,9999,9999,9999,9999,9999,9999,9999,9999,9999,9999,9999,9999,9999,9999
2010,14209530,209,CH4 ,10PPBC, 3,30,9999,9999,9999,9999,9999,9999,9999,9999,9999,9999,9999,9999,9999,9999,9999,9999,9999,9999,9999,9999,9999,9999,9999,9999
2010,14209530,209,CH4 ,10PPBC, 3,31,9999,9999,9999,9999,9999,9999,9999,9999,9999,9999,9999,9999,9999,9999,9999,9999,9999,9999,9999,9999,9999,9999,9999,9999
2010,14210010,210,CH4 ,10PPBC, 4, 1, 185, 186, 185, 185, 185, 185, 184, 185, 184, 183, 184, 183, 182, 182, 181, 182, 182, 182, 182, 182, 182, 182, 183, 181
2010,14210010,210,CH4 ,10PPBC, 4, 2, 181, 181, 181, 180, 180, 180, 180, 180, 180, 180, 179, 180, 180, 181, 183, 183, 185, 189, 189, 189, 188, 188, 189, 188
2010,14210010,210,CH4 ,10PPBC, 4, 3, 188, 189, 189, 189, 188, 189, 188, 189, 189,9999,9999,9999, 185, 185, 185, 185, 184, 184, 186, 188, 188, 189, 188, 189
2010,14210010,210,CH4 ,10PPBC, 4, 4, 189, 190, 191, 190, 189, 189, 193, 191, 191, 189, 191, 190, 189, 189, 189, 189, 189, 190, 190, 190, 192, 195, 194, 198
2010,14210010,210,CH4 ,10PPBC, 4, 5, 195, 194, 192, 196, 191, 195, 198, 194, 195, 196, 194, 195, 196, 196, 197, 198, 197, 201, 202, 199, 197, 200, 195, 195
2010,14210010,210,CH4 ,10PPBC, 4, 6, 199, 201, 202, 195, 194, 193, 189, 189, 187, 186, 186, 186, 185, 184, 183, 182, 183, 182, 183, 182, 183, 183, 183, 183
2010,14210010,210,CH4 ,10PPBC, 4, 7, 182, 182, 181, 181, 181, 182, 181, 182, 182, 183, 190, 198, 188, 186, 187, 186, 187, 187, 188, 188, 188, 188, 188, 189
2010,14210010,210,CH4 ,10PPBC, 4, 8, 188, 189, 189, 190, 188, 189, 189, 189, 189, 189, 189, 188, 188, 187, 185, 187, 187, 187, 188, 188, 188, 190, 191, 190
2010,14210010,210,CH4 ,10PPBC, 4, 9, 189, 192, 193, 194, 194, 193, 192, 192, 190, 191, 189, 187, 187, 186, 185, 184, 184, 185, 186, 186, 187, 187, 188, 187
2010,14210010,210,CH4 ,10PPBC, 4,10, 187, 188, 188, 191, 192, 191, 189, 191, 192, 194, 193, 190, 188, 187, 190, 183, 182, 182, 181, 182, 182, 182, 182, 182
2010,14210010,210,CH4 ,10PPBC, 4,11, 183, 188, 183, 182, 182, 181, 181, 182, 180, 182, 182, 182,9999,9999,9999, 181, 180, 180, 181, 184, 185, 185, 187, 186
2010,14210010,210,CH4 ,10PPBC, 4,12, 187, 187, 190, 189, 190, 189, 186, 186, 186, 186, 187, 188, 188, 189, 189, 189, 189, 189, 188, 188, 189, 189, 188, 188
2010,14210010,210,CH4 ,10PPBC, 4,13, 188, 186, 185, 185, 185, 185, 185, 184, 184, 185, 185, 183, 182, 180, 180, 180, 180, 179, 180, 180, 181, 180, 181, 181
2010,14210010,210,CH4 ,10PPBC, 4,14, 181, 181, 181, 185, 185, 185, 185, 186, 186, 185, 186, 186, 186, 186, 185, 185, 184, 184, 184, 185, 186, 186, 186, 188
2010,14210010,210,CH4 ,10PPBC, 4,15, 190, 188, 189, 188, 188, 189, 189, 189, 188, 187, 187, 190, 189, 189, 188, 188, 188, 188, 188, 189, 190, 194, 191, 189
2010,14210010,210,CH4 ,10PPBC, 4,16, 190, 188, 188, 188, 188, 189, 190, 189, 190, 189,9999, 188, 187, 187, 187, 187, 187, 190, 189, 189, 189, 190, 187, 190
2010,14210010,210,CH4 ,10PPBC, 4,17, 189, 189, 189, 188, 188, 187, 187, 186, 187, 188, 186, 190, 187, 187, 186, 187, 188, 186, 186, 187, 188, 188, 190, 191
2010,14210010,210,CH4 ,10PPBC, 4,18, 191, 193, 194, 193, 194, 198, 196, 194, 191, 191, 191, 190, 187, 186, 184, 185, 186, 186, 184, 184, 184, 185, 185, 188
2010,14210010,210,CH4 ,10PPBC, 4,19, 188, 188, 188, 189, 191, 192, 193, 194, 194, 191, 192, 191, 190, 188, 186, 184, 184, 183, 184, 184, 184, 184, 184, 184
2010,14210010,210,CH4 ,10PPBC, 4,20, 184, 184, 184, 184, 181, 182, 182, 183, 182, 182, 181, 182, 181, 181, 181, 181, 181, 181, 182, 183, 183, 184, 186, 184
2010,14210010,210,CH4 ,10PPBC, 4,21, 186, 186, 187, 190, 227, 203, 193, 205, 198, 201, 196, 193, 193, 192, 185, 179, 179, 179, 180, 181, 180, 181, 181, 182
2010,14210010,210,CH4 ,10PPBC, 4,22, 183, 184, 186, 189, 189, 190, 190, 190, 190, 189, 189, 189, 189, 192, 191, 190, 190, 190, 189, 189, 189, 189, 189, 190
2010,14210010,210,CH4 ,10PPBC, 4,23, 189, 188, 186, 187, 188, 188, 188, 188, 187, 187, 187,9999, 187, 187, 187, 188, 186, 186, 184, 187, 188, 190, 189, 189
2010,14210010,210,CH4 ,10PPBC, 4,24, 189, 190, 190, 188, 189, 188, 189, 189, 187, 186, 187, 187, 187, 187, 185, 186, 186, 187, 187, 187, 189, 188, 190, 189
2010,14210010,210,CH4 ,10PPBC, 4,25, 190, 190, 193, 191, 189, 191, 193, 196, 193, 189, 189, 186, 186, 185, 185, 186, 185, 184, 185, 185, 185, 186, 185, 186
2010,14210010,210,CH4 ,10PPBC, 4,26, 187, 186, 187, 187, 189, 190, 190, 189, 188, 189, 194, 190, 187, 185, 185, 183, 183, 183, 184, 184, 186, 186, 186, 188
2010,14210010,210,CH4 ,10PPBC, 4,27, 189, 191, 189, 193, 195, 196, 198, 192, 191, 192, 189, 187, 185, 184, 184, 184, 184, 184, 184, 185, 185, 184, 184, 185
2010,14210010,210,CH4 ,10PPBC, 4,28, 184, 183, 183, 183, 183, 182, 182, 181, 181, 181,9999, 181, 180, 181, 185, 186, 185, 185, 187, 188, 189, 189, 189, 189
2010,14210010,210,CH4 ,10PPBC, 4,29, 191, 191, 188, 182, 182, 182, 183, 182, 182, 181, 180, 180, 180, 180, 181, 181, 181, 181, 181, 183, 183, 183, 184, 184
2010,14210010,210,CH4 ,10PPBC, 4,30, 185, 186, 187, 189, 189, 189, 190, 191, 188, 187, 187, 186, 184, 182, 183, 182, 183, 183, 183, 183, 184, 185, 186, 187
2010,14210010,210,CH4 ,10PPBC, 4,31,9998,9998,9998,9998,9998,9998,9998,9998,9998,9998,9998,9998,9998,9998,9998,9998,9998,9998,9998,9998,9998,9998,9998,9998
2010,14210010,210,CH4 ,10PPBC, 5, 1, 186, 187, 189, 189, 189, 189, 189, 187, 187, 187, 186, 185, 184, 183, 183, 183, 182, 183, 184, 184, 185, 185, 185, 186
2010,14210010,210,CH4 ,10PPBC, 5, 2, 186, 186, 186, 189, 190, 191, 190, 190, 191, 191, 188, 187, 187, 184, 183, 182, 183, 183, 182, 183, 183, 184, 184, 184
2010,14210010,210,CH4 ,10PPBC, 5, 3, 184, 184, 184, 185, 185, 186, 189, 189, 189, 189, 190, 188, 183, 181, 181, 181, 180, 181, 182, 182, 182, 181, 183, 182
2010,14210010,210,CH4 ,10PPBC, 5, 4, 182, 182, 182, 183, 182, 182, 182, 182, 182, 181, 181, 181, 181, 182, 181, 181, 181, 180, 181, 181, 181, 181, 181, 181
2010,14210010,210,CH4 ,10PPBC, 5, 5, 181, 180, 181, 181, 181, 181, 182, 182, 190, 186, 185, 182, 179, 179, 178, 178, 179, 179, 179, 180, 180, 181, 181, 181
2010,14210010,210,CH4 ,10PPBC, 5, 6, 181, 181, 180, 180, 179, 179, 178, 178, 178, 177, 177, 176, 175, 175, 174, 174, 174, 174, 175, 175, 176, 176, 176, 177
2010,14210010,210,CH4 ,10PPBC, 5, 7, 177, 177, 177, 177, 177, 177, 177, 176, 176, 176, 175, 175, 175, 175, 175, 174, 175, 175, 174, 174, 174, 173, 174, 175
2010,14210010,210,CH4 ,10PPBC, 5, 8, 176, 178, 184, 181, 182, 185, 184, 184, 184,9999,9999,9999, 184, 183, 182, 182, 183, 183, 184, 184, 184, 184, 184, 183
2010,14210010,210,CH4 ,10PPBC, 5, 9, 184, 184, 184, 186, 188, 188, 190, 190, 192, 190, 189, 190, 188, 187, 185, 183, 183, 184, 186, 186, 187, 188, 188, 191
2010,14210010,210,CH4 ,10PPBC, 5,10, 191, 190, 190, 189, 190, 191, 195, 193, 190, 190, 191, 188, 187, 187, 191, 189, 188, 186, 185, 185, 185, 185, 185, 187
2010,14210010,210,CH4 ,10PPBC, 5,11, 190, 194, 194, 191, 189, 192, 189, 184, 186, 185, 185, 184, 185, 184, 183, 184, 183, 183, 185, 186, 186, 188, 188, 189
2010,14210010,210,CH4 ,10PPBC, 5,12, 188, 188, 189, 189, 189, 188, 187, 187, 188, 188, 185,9999,9999,9999,9999,9999,9999,9999,9999,9999,9999,9999,9999,9999
2010,14210010,210,CH4 ,10PPBC, 5,13,9999,9999,9999,9999,9999,9999,9999,9999,9999,9999,9999,9999,9999, 186, 186, 186, 186, 186, 186, 187, 188, 188, 189, 189
2010,14210010,210,CH4 ,10PPBC, 5,14, 190, 190, 189, 189, 189, 188, 188, 189, 189, 191, 188, 188, 188, 188, 188, 186, 186, 185, 185, 185, 186, 187, 188, 189
2010,14210010,210,CH4 ,10PPBC, 5,15, 189, 190, 190, 187, 188, 187, 187, 188, 189, 188, 188, 187, 186, 186, 184, 184, 184, 185, 186, 187, 186, 186, 187, 188
2010,14210010,210,CH4 ,10PPBC, 5,16, 190, 194, 191, 190, 190, 192, 189, 187, 186, 185, 184, 184, 183, 183, 183, 182, 182, 182, 183, 183, 183, 184, 184, 184
2010,14210010,210,CH4 ,10PPBC, 5,17, 184, 184, 185, 188, 191, 191, 191, 187, 188, 189, 191, 189, 186, 184, 183, 182, 181, 181, 182, 182, 183, 183, 184, 183
2010,14210010,210,CH4 ,10PPBC, 5,18, 183, 184, 183, 184, 184, 184, 183, 183, 183, 183, 183, 182, 182, 182, 181, 181, 181, 181, 182, 182, 182, 183, 182, 182
2010,14210010,210,CH4 ,10PPBC, 5,19, 183, 183, 183, 183, 183, 183, 182, 182, 182, 182, 181, 182, 181, 181, 181, 181, 181, 181, 181, 181, 181, 182, 181, 182
2010,14210010,210,CH4 ,10PPBC, 5,20, 181, 181, 182, 181, 181, 181, 181, 181, 181, 181, 181, 180, 180, 180, 180, 179, 183, 188, 191, 193, 197, 193, 188, 187
2010,14210010,210,CH4 ,10PPBC, 5,21, 188, 189, 188, 189, 188, 190, 191, 196, 191, 189,9999, 189, 189, 187, 187, 187, 186, 185, 185, 186, 186, 187, 187, 186
2010,14210010,210,CH4 ,10PPBC, 5,22, 187, 187, 188, 192, 195, 199, 199, 195, 195, 196, 194, 193, 193, 192, 187, 186, 185, 185, 185, 186, 186, 187, 186, 187
2010,14210010,210,CH4 ,10PPBC, 5,23, 187, 189, 188, 188, 189, 190, 191, 191, 193, 193, 188, 188, 188, 189, 187, 185, 186, 185, 187, 186, 188, 186, 185, 186
2010,14210010,210,CH4 ,10PPBC, 5,24, 186, 185, 185, 186, 187, 187, 187, 189, 188, 187, 187, 187, 188, 188, 189, 187, 187, 186, 180, 173, 174, 178, 183, 183
2010,14210010,210,CH4 ,10PPBC, 5,25, 183, 183, 184, 184, 183, 184, 182, 184, 184, 184, 185, 183, 183, 182, 183, 183, 184, 186, 187, 188, 187, 184, 185, 186
2010,14210010,210,CH4 ,10PPBC, 5,26, 185, 184, 184, 184, 184, 185, 186, 187, 186, 185, 184, 187, 187, 187, 184, 183, 183, 184, 184, 184, 185, 185, 186, 187
2010,14210010,210,CH4 ,10PPBC, 5,27, 187, 187, 189, 188, 190, 189, 188, 187, 186, 186, 185, 184, 184, 183, 182, 183, 183, 183, 183, 184, 187, 185, 185, 186
2010,14210010,210,CH4 ,10PPBC, 5,28, 186, 185, 187, 190, 191, 188, 186, 186, 186, 186, 187, 187,9999,9999, 183, 182, 182, 182, 182, 183, 184, 186, 184, 185
2010,14210010,210,CH4 ,10PPBC, 5,29, 185, 185, 184, 185, 184, 191, 192, 191, 189, 188, 188, 190, 189, 188, 188, 187, 187, 187, 185, 186, 188, 188, 187, 187
2010,14210010,210,CH4 ,10PPBC, 5,30, 187, 184, 185, 186, 186, 186, 186, 185, 186, 186, 186, 185, 186, 185, 185, 185, 186, 186, 186, 187, 186, 186, 186, 187
2010,14210010,210,CH4 ,10PPBC, 5,31, 187, 189, 189, 190, 189, 189, 187, 186, 185, 187, 186, 185, 186, 185, 183, 183, 182, 182, 183, 183, 185, 184, 184, 187
2010,14210010,210,CH4 ,10PPBC, 6, 1, 186, 188, 187, 187, 189, 188, 188, 189, 189, 187, 188, 188, 186, 185, 183, 183, 183, 183, 183, 185, 187, 188, 186, 186
2010,14210010,210,CH4 ,10PPBC, 6, 2, 186, 186, 187, 187, 188, 188, 187, 186, 187, 189, 189, 187, 185, 184, 185, 184, 184, 183, 182, 183, 184, 188, 189, 188
2010,14210010,210,CH4 ,10PPBC, 6, 3, 190, 187, 185, 186, 187, 187, 187, 187, 186, 185, 185, 184, 184, 183, 183, 185, 182, 181, 181, 182, 181, 182, 181, 181
2010,14210010,210,CH4 ,10PPBC, 6, 4, 182, 183, 183, 183, 184, 185, 184, 184, 183, 182, 182,9999,9999, 181, 181, 181, 181, 181, 181, 181, 181, 181, 181, 181
2010,14210010,210,CH4 ,10PPBC, 6, 5, 182, 183, 186, 189, 191, 190, 192, 192, 191, 193, 196, 191, 191, 186, 185, 188, 184, 182, 182, 185, 186, 185, 186, 187
2010,14210010,210,CH4 ,10PPBC, 6, 6, 189, 188, 190, 189, 188, 190, 188, 187, 188, 189, 187, 184, 184, 184, 185, 184, 183, 183, 183, 182, 183, 184, 185, 184
2010,14210010,210,CH4 ,10PPBC, 6, 7, 184, 184, 183, 182, 184, 183, 185, 183, 184, 183, 182, 183, 182, 182, 182, 183, 181, 181, 181, 181, 182, 184, 184, 187
2010,14210010,210,CH4 ,10PPBC, 6, 8, 186, 185, 187, 185, 185, 184, 184, 186, 187, 185, 191, 190, 184, 186, 188, 187, 187, 185, 185, 186, 188, 185, 185, 185
2010,14210010,210,CH4 ,10PPBC, 6, 9, 187, 188, 191, 189, 196, 199, 189, 191, 192, 193, 193, 193, 191, 189, 186, 185, 186, 185, 188, 186, 187, 185, 186, 185
2010,14210010,210,CH4 ,10PPBC, 6,10, 186, 185, 184, 185, 184, 185, 184, 183, 183, 186, 189, 187, 183, 182, 182, 183, 180, 181, 180, 183, 185, 185, 185, 185
2010,14210010,210,CH4 ,10PPBC, 6,11, 186, 185, 185, 185, 186, 186, 185, 184, 185, 183, 184, 183, 182,9999, 184, 184, 182, 181, 181, 180, 181, 181, 181, 181
2010,14210010,210,CH4 ,10PPBC, 6,12, 181, 181, 180, 181, 181, 181, 181, 181, 181, 181, 180, 180, 179, 180, 180, 180, 179, 179, 179, 179, 179, 179, 179, 180
2010,14210010,210,CH4 ,10PPBC, 6,13, 180, 180, 180, 180, 180, 180, 181, 180, 180, 180, 181, 180, 180, 181, 181, 181, 181, 181, 181, 181, 181, 181, 181, 181
2010,14210010,210,CH4 ,10PPBC, 6,14, 181, 182, 183, 183, 183, 183, 183, 184, 185, 185, 185, 185, 185, 187, 189, 190, 187, 184, 184, 184, 184, 183, 185, 184
2010,14210010,210,CH4 ,10PPBC, 6,15, 185, 187, 187, 188, 188, 193, 192, 185, 184, 182, 182, 182, 181, 182, 182, 184, 185, 184, 183, 182, 182, 181, 183, 183
2010,14210010,210,CH4 ,10PPBC, 6,16, 185, 183, 179, 171, 171, 170, 170, 170, 171, 172, 173, 174, 177, 180, 181, 181, 181, 181, 182, 181, 182, 182, 181, 182
2010,14210010,210,CH4 ,10PPBC, 6,17, 181, 182, 183, 188, 191, 194, 187, 187, 185, 185, 195, 194, 185, 184, 186, 184, 184, 182, 180, 179, 179, 179, 178, 178
2010,14210010,210,CH4 ,10PPBC, 6,18, 176, 176, 176, 175, 174, 174, 174, 174, 174, 175, 175,9999,9999, 173, 175, 174, 171, 171, 174, 171, 170, 171, 170, 170
2010,14210010,210,CH4 ,10PPBC, 6,19, 170, 170, 171, 170, 170, 170, 169, 170, 170, 171, 171, 173, 175, 176, 177, 173, 171, 173, 172, 171, 171, 169, 171, 171
2010,14210010,210,CH4 ,10PPBC, 6,20, 170, 170, 171, 171, 171, 170, 172, 172, 172, 172, 172, 171, 171, 169, 171, 171, 170, 173, 173, 173, 173, 172, 172, 173
2010,14210010,210,CH4 ,10PPBC, 6,21, 173, 173, 172, 172, 171, 171, 172, 172, 172, 171, 172, 172, 171, 172, 172, 172, 173, 174, 175, 175, 174, 174, 174, 173
2010,14210010,210,CH4 ,10PPBC, 6,22, 172, 174, 174, 174, 173, 173, 174, 173, 174, 174, 175, 174, 175, 174, 173, 174, 173, 173, 174, 174, 174, 173, 174, 172
2010,14210010,210,CH4 ,10PPBC, 6,23, 173, 174, 175, 174, 172, 172, 172, 173, 172, 171, 170, 171, 171, 171, 172, 171, 171, 173, 174, 179, 183, 185, 185, 186
2010,14210010,210,CH4 ,10PPBC, 6,24, 186, 186, 186, 187, 187, 189, 189, 187, 188, 189, 187, 187, 189, 189, 190, 189, 189, 187, 185, 187, 186, 186, 186, 186
2010,14210010,210,CH4 ,10PPBC, 6,25, 186, 185, 183, 183, 183, 183, 185, 185, 185, 186, 187,9999, 193, 185, 183, 182, 180, 178, 178, 177, 178, 178, 177, 178
2010,14210010,210,CH4 ,10PPBC, 6,26, 178, 177, 177, 177, 176, 176, 175, 174, 174, 174, 174, 175, 174, 173, 174, 174, 173, 174, 174, 175, 174, 174, 174, 174
2010,14210010,210,CH4 ,10PPBC, 6,27, 174, 174, 174, 174, 174, 174, 174, 174, 174, 174, 174, 173, 173, 173, 173, 173, 173, 170, 172, 172, 172, 172, 172, 172
2010,14210010,210,CH4 ,10PPBC, 6,28, 172, 172, 171, 172, 172, 173, 172, 172, 174, 175, 175, 176, 180, 180, 178, 176, 174, 173, 174, 179, 181, 187, 192, 193
2010,14210010,210,CH4 ,10PPBC, 6,29, 191, 186, 184, 189, 193, 193, 191, 189, 185, 181, 178, 178, 176, 182, 177, 176, 174, 174, 172, 173, 172, 173, 175, 175
2010,14210010,210,CH4 ,10PPBC, 6,30, 176, 176, 175, 172, 174, 174, 185, 178, 179, 178, 178, 180, 180, 180, 181, 180, 178, 177, 178, 178, 177, 177, 177, 178
2010,14210010,210,CH4 ,10PPBC, 6,31,9998,9998,9998,9998,9998,9998,9998,9998,9998,9998,9998,9998,9998,9998,9998,9998,9998,9998,9998,9998,9998,9998,9998,9998
2010,14210010,210,CH4 ,10PPBC, 7, 1, 177, 177, 177, 177, 176, 176, 176, 176, 175, 175,9999,9999, 173, 174, 174, 173, 173, 173, 174, 175, 176, 175, 175, 174
2010,14210010,210,CH4 ,10PPBC, 7, 2, 174, 178, 174, 176, 180, 175, 174, 175, 176, 176, 178, 176, 176, 176, 175, 174, 173, 173, 173, 174, 173, 174, 172, 173
2010,14210010,210,CH4 ,10PPBC, 7, 3, 174, 175, 176, 176, 177, 177, 177, 178, 178, 178, 177, 177, 176, 174, 176, 174, 175, 174, 172, 171, 170, 171, 170, 170
2010,14210010,210,CH4 ,10PPBC, 7, 4, 171, 171, 170, 172, 171, 174, 177, 182, 186, 185, 184, 185, 185, 184, 184, 182, 180, 180, 180, 181, 183, 182, 185, 183
2010,14210010,210,CH4 ,10PPBC, 7, 5, 187, 186, 190, 186, 185, 193, 189, 185, 186, 187, 192, 191, 190, 191, 191, 184, 185, 185, 183, 182, 182, 183, 181, 180
2010,14210010,210,CH4 ,10PPBC, 7, 6, 180, 179, 180, 180, 180, 181, 180, 181, 182, 183, 183, 182, 182, 182, 185, 187, 190, 191, 190, 189, 189, 189, 188, 187
2010,14210010,210,CH4 ,10PPBC, 7, 7, 186, 185, 187, 187, 188, 187, 187, 187, 187, 187, 186, 186, 188, 187, 186, 182, 182, 182, 183, 182, 180, 180, 181, 182
2010,14210010,210,CH4 ,10PPBC, 7, 8, 182, 179, 182, 186, 188, 187, 182, 181, 183, 180, 186, 188, 186, 184, 185, 182, 180, 180, 178, 179, 176, 174, 174, 174
2010,14210010,210,CH4 ,10PPBC, 7, 9, 174, 175, 175, 175, 175, 177, 177, 176, 174, 175,9999,9999,9999, 174, 174, 176, 175, 173, 172, 172, 171, 170, 170, 173
2010,14210010,210,CH4 ,10PPBC, 7,10, 175, 173, 177, 177, 177, 177, 177, 176, 177, 177, 177, 178, 178, 177, 178, 177, 177, 177, 177, 178, 177, 177, 176, 176
2010,14210010,210,CH4 ,10PPBC, 7,11, 176, 178, 177, 178, 177, 183, 189, 184, 179, 182, 183, 180, 176, 174, 172, 171, 170, 170, 169, 169, 170, 169, 170, 170
2010,14210010,210,CH4 ,10PPBC, 7,12, 169, 170, 170, 170, 170, 169, 169, 169, 169, 169, 170, 169, 169, 170, 169, 169, 170, 169, 169, 170, 169, 170, 170, 169
2010,14210010,210,CH4 ,10PPBC, 7,13, 170, 170, 170, 170, 170, 170, 171, 170, 170, 170, 170, 170, 170, 170, 169, 170, 170, 171, 170, 174, 176, 175, 176, 179
2010,14210010,210,CH4 ,10PPBC, 7,14, 183, 181, 177, 175, 171, 171, 171, 171, 171, 170, 171, 171, 172, 171, 172, 171, 172, 171, 171, 171, 171, 171, 171, 171
2010,14210010,210,CH4 ,10PPBC, 7,15, 170, 171, 171, 171, 170, 171, 171, 171, 171, 171, 171, 171, 171, 171, 170, 171, 170, 171, 169, 170, 171, 170, 170, 170
2010,14210010,210,CH4 ,10PPBC, 7,16, 170, 170, 171, 170, 171, 171, 171, 171, 171, 171,9999, 171, 171, 171, 171, 171, 171, 171, 172, 171, 171, 171, 171, 171
2010,14210010,210,CH4 ,10PPBC, 7,17, 170, 171, 171, 172, 172, 172, 172, 172, 173, 172, 173, 173, 173, 173, 173, 173, 172, 173, 173, 172, 172, 173, 172, 173
2010,14210010,210,CH4 ,10PPBC, 7,18, 172, 172, 172, 172, 172, 173, 173, 172, 172, 172, 172, 171, 172, 172, 172, 172, 172, 172, 172, 171, 172, 172, 172, 172
2010,14210010,210,CH4 ,10PPBC, 7,19, 171, 172, 172, 172, 171, 172, 172, 173, 173, 172, 173, 173, 173, 173, 172, 172, 172, 172, 172, 172, 172, 172, 172, 172
2010,14210010,210,CH4 ,10PPBC, 7,20, 172, 172, 172, 172, 173, 172, 173, 173, 173, 173, 173, 174, 172, 173, 172, 172, 172, 172, 172, 172, 172, 172, 173, 172
2010,14210010,210,CH4 ,10PPBC, 7,21, 173, 172, 173, 173, 173, 173, 177, 175, 175, 174, 173, 173, 173, 173, 172, 172, 172, 173, 173, 174, 173, 174, 173, 172
2010,14210010,210,CH4 ,10PPBC, 7,22, 173, 173, 172, 173, 173, 178, 180, 181, 179, 178, 175, 176, 176, 175, 176, 173, 172, 171, 171, 170, 171, 171, 171, 171
2010,14210010,210,CH4 ,10PPBC, 7,23, 174, 174, 174, 175, 175, 178, 179, 179, 178, 177,9999,9999, 179, 179, 178, 174, 172, 172, 172, 172, 173, 174, 175, 176
2010,14210010,210,CH4 ,10PPBC, 7,24, 180, 179, 180, 177, 179, 182, 179, 178, 178, 176, 178, 180, 180,9999,9999, 174, 175, 178, 179, 175, 174, 173, 172, 172
2010,14210010,210,CH4 ,10PPBC, 7,25, 176, 182, 181, 180, 176, 173, 173, 173, 173, 173, 173, 173, 173, 174, 173, 174, 175, 175, 175, 175, 175, 174, 173, 173
2010,14210010,210,CH4 ,10PPBC, 7,26, 174, 179, 184, 185, 188, 189, 185, 183, 182, 176, 173, 173, 173, 173, 173, 174, 172, 172, 173, 174, 173, 174, 173, 173
2010,14210010,210,CH4 ,10PPBC, 7,27, 172, 173, 172, 172, 172, 172, 172, 172, 172, 172, 172, 172, 172, 172, 171, 171, 171, 172, 171, 172, 172, 172, 172, 172
2010,14210010,210,CH4 ,10PPBC, 7,28, 172, 173, 173, 173, 172, 173, 173, 173, 173, 173, 173, 174, 174, 176, 175, 175, 175, 174, 175, 175, 175, 175, 175, 175
2010,14210010,210,CH4 ,10PPBC, 7,29, 175, 175, 176, 175, 175, 176, 175, 175, 175, 174, 174, 173, 173, 173, 172, 173, 173, 172, 172, 172, 171, 171, 171, 171
2010,14210010,210,CH4 ,10PPBC, 7,30, 172, 171, 171, 172, 171, 171, 171, 171, 171, 170, 170, 170, 172,9999, 173, 172, 173, 173, 172, 172, 172, 172, 173, 174
2010,14210010,210,CH4 ,10PPBC, 7,31, 174, 172, 172, 173, 173, 172, 171, 172, 171, 171, 171,9999, 171, 171, 172, 173, 173, 173, 173, 173, 174, 174, 175, 176
2010,14210010,210,CH4 ,10PPBC, 8, 1, 177, 176, 176, 176, 176, 176, 175, 174, 174, 173, 172, 172, 172, 175, 176, 175, 173, 172, 172, 170, 171, 170, 170, 172
2010,14210010,210,CH4 ,10PPBC, 8, 2, 171, 171, 172, 171, 171, 170, 170, 170, 170, 170, 170, 170, 170, 170, 170, 171, 172, 172, 171, 171, 172, 172, 172, 172
2010,14210010,210,CH4 ,10PPBC, 8, 3, 171, 171, 171, 171, 171, 171, 171, 171, 172, 172, 171, 172, 171, 171, 171, 171, 172, 172, 172, 171, 172, 172, 172, 172
2010,14210010,210,CH4 ,10PPBC, 8, 4, 172, 173, 172, 172, 172, 172, 172, 172, 172, 172, 172, 171, 172, 172, 172, 172, 171, 172, 171, 172, 172, 172, 172, 172
2010,14210010,210,CH4 ,10PPBC, 8, 5, 171, 172, 171, 172, 172, 172, 172, 172, 172, 172, 171, 171, 172, 172, 172, 172, 172, 172, 172, 172, 172, 172, 172, 172
2010,14210010,210,CH4 ,10PPBC, 8, 6, 172, 172, 172, 172, 172, 173, 172, 173, 173, 173, 173,9999,9999, 172, 172, 174, 174, 175, 175, 174, 175, 175, 176, 177
2010,14210010,210,CH4 ,10PPBC, 8, 7, 177, 177, 176, 176, 177, 177, 176, 177, 177, 177, 177, 177, 176, 176, 175, 173, 173, 172, 172, 171, 172, 172, 172, 173
2010,14210010,210,CH4 ,10PPBC, 8, 8, 173, 172, 172, 172, 172, 172, 175, 172, 172, 171, 172, 172, 171, 172, 171, 172, 172, 172, 171, 171, 171, 171, 170, 172
2010,14210010,210,CH4 ,10PPBC, 8, 9, 172, 172, 171, 172, 172, 173, 175, 175, 174, 173, 173, 173, 171, 171, 171, 171, 171, 171, 171, 171, 171, 171, 171, 171
2010,14210010,210,CH4 ,10PPBC, 8,10, 172, 173, 172, 172, 173, 172, 172, 173, 171, 171, 172, 171, 171, 170, 171, 171, 171, 171, 171, 170, 170, 170, 171, 170
2010,14210010,210,CH4 ,10PPBC, 8,11, 171, 170, 170, 170, 170, 169, 169, 169, 169, 170, 170, 170, 169, 170, 170, 170, 170, 169, 169, 169, 169, 169, 168, 168
2010,14210010,210,CH4 ,10PPBC, 8,12, 168, 169, 169, 169, 169, 168, 169, 168, 168, 168, 168, 168, 168, 169, 169, 169, 170, 170, 171, 171, 170, 171, 172, 171
2010,14210010,210,CH4 ,10PPBC, 8,13, 171, 171, 172, 172, 172, 172, 174, 175, 176, 175, 175,9999, 174, 173, 174, 174, 174, 173, 172, 171, 170, 172, 171, 172
2010,14210010,210,CH4 ,10PPBC, 8,14, 170, 171, 170, 169, 169, 169, 169, 169, 170, 170, 169, 169, 169, 169, 169, 171, 170, 170, 169, 169, 169, 169, 168, 169
2010,14210010,210,CH4 ,10PPBC, 8,15, 169, 169, 169, 170, 170, 170, 169, 170, 170, 169, 169, 169, 169, 169, 169, 169, 169, 169, 169, 169, 169, 169, 169, 169
2010,14210010,210,CH4 ,10PPBC, 8,16, 169, 169, 169, 170, 171, 171, 171, 169, 170, 170, 170, 171, 171, 172, 172, 175, 178, 176, 172, 170, 170, 170, 170, 170
2010,14210010,210,CH4 ,10PPBC, 8,17, 171, 171, 172, 176, 181, 181, 178, 181, 194, 198, 191, 188, 184, 183, 175, 171, 171, 173, 172, 172, 172, 174, 173, 172
2010,14210010,210,CH4 ,10PPBC, 8,18, 172, 172, 172, 175, 182, 186, 184, 187, 185, 182, 181, 176, 178, 177, 176, 172, 172, 172, 174, 175, 175, 176, 180, 181
2010,14210010,210,CH4 ,10PPBC, 8,19, 180, 183, 181, 180, 179, 182, 180, 181, 182, 182, 181, 181, 181, 181, 181, 182, 179, 180, 181, 181, 183, 184, 184, 186
2010,14210010,210,CH4 ,10PPBC, 8,20, 187, 188, 187, 185, 185, 186, 188, 190, 188, 188,9999, 188, 188, 185, 183, 186, 182, 182, 183, 186, 187, 190, 193, 189
2010,14210010,210,CH4 ,10PPBC, 8,21, 189, 190, 192, 195, 196, 198, 201, 192, 190, 189, 189, 189, 188, 188, 186, 186, 187, 189, 189, 188, 188, 188, 188, 187
2010,14210010,210,CH4 ,10PPBC, 8,22, 188, 188, 188, 188, 187, 186, 186, 186, 186, 187, 187, 188, 188, 188, 188, 188, 188, 188, 188, 188, 187, 187, 186, 186
2010,14210010,210,CH4 ,10PPBC, 8,23, 186, 186, 186, 187, 187, 187, 187, 188, 188, 189, 189, 189, 189, 189, 189, 189, 187, 185, 185, 185, 185, 185, 185, 186
2010,14210010,210,CH4 ,10PPBC, 8,24, 186, 187, 186, 187, 188, 188, 188, 188, 189, 188, 190, 189, 189, 188, 190, 189, 189, 188, 189, 189, 190, 191, 192, 192
2010,14210010,210,CH4 ,10PPBC, 8,25, 193, 193, 193, 194, 194, 193, 192, 191, 191, 191, 191, 191, 189, 191, 192, 192, 193, 193, 195, 194, 194, 195, 194, 194
2010,14210010,210,CH4 ,10PPBC, 8,26, 193, 193, 193, 193, 192, 192, 190, 191, 190, 193, 194, 197, 198, 199, 199, 199, 200, 199, 199, 197, 196, 195, 194, 192
2010,14210010,210,CH4 ,10PPBC, 8,27, 192, 190, 192, 190, 191, 191, 191, 190, 192, 191,9999,9999, 192, 193, 191, 189, 186, 183, 182, 181, 181, 181, 180, 180
2010,14210010,210,CH4 ,10PPBC, 8,28, 179, 179, 179, 179, 179, 179, 180, 180, 180, 180, 181, 180, 181, 180, 179, 179, 178, 177, 175, 175, 174, 171, 171, 171
2010,14210010,210,CH4 ,10PPBC, 8,29, 171, 171, 172, 175, 176, 176, 176, 177, 175, 175, 176, 176, 175, 173, 171, 171, 171, 171, 171, 171, 171, 171, 171, 171
2010,14210010,210,CH4 ,10PPBC, 8,30, 171, 171, 171, 171, 171, 171, 175, 183, 186, 181, 184, 185, 183, 176, 172, 171, 171, 170, 170, 170, 170, 170, 170, 170
2010,14210010,210,CH4 ,10PPBC, 8,31, 170, 170, 171, 172, 173, 178, 176, 172, 172, 172, 172, 172, 171, 170, 171, 170, 170, 171, 170, 170, 171, 171, 171, 171
2010,14210010,210,CH4 ,10PPBC, 9, 1, 171, 172, 172, 172, 172, 174, 172, 171, 170, 171, 171, 171, 171, 173, 174, 177, 177, 177, 177, 176, 177, 177, 177, 177
2010,14210010,210,CH4 ,10PPBC, 9, 2, 179, 179, 180, 180, 181, 184, 186, 179, 178, 178, 178, 178, 178, 178, 177, 177, 177, 177, 178, 176, 176, 177, 177, 177
2010,14210010,210,CH4 ,10PPBC, 9, 3, 176, 176, 176, 177, 177, 176, 176, 176, 176, 174,9999,9999,9999, 175, 176, 176, 176, 175, 176, 176, 176, 176, 176, 176
2010,14210010,210,CH4 ,10PPBC, 9, 4, 176, 176, 176, 176, 176, 176, 177, 177, 184, 185, 187, 185, 182, 178, 176, 177, 177, 177, 177, 177, 178, 177, 178, 180
2010,14210010,210,CH4 ,10PPBC, 9, 5, 184, 180, 183, 183, 183, 186, 183, 179, 178, 176, 176, 177, 177, 178, 184, 178, 176, 176, 176, 176, 176, 176, 175, 175
2010,14210010,210,CH4 ,10PPBC, 9, 6, 173, 174, 174, 174, 173, 174, 174, 173, 172, 172, 171, 171, 171, 172, 172, 174, 174, 175, 176, 176, 176, 175, 176, 175
2010,14210010,210,CH4 ,10PPBC, 9, 7, 175, 173, 171, 170, 170, 170, 170, 171, 170, 171, 170, 170, 170, 170, 170, 170, 169, 170, 170, 170, 170, 171, 171, 171
2010,14210010,210,CH4 ,10PPBC, 9, 8, 171, 171, 171, 171, 171, 171, 170, 171, 171, 171, 171, 170, 171, 170, 170, 170, 170, 170, 177, 181, 180, 180, 180, 179
2010,14210010,210,CH4 ,10PPBC, 9, 9, 180, 182, 183, 184, 184, 185, 185, 186, 186, 185, 186, 192, 183, 183, 183, 183, 183, 183, 182, 183, 183, 183, 185, 188
2010,14210010,210,CH4 ,10PPBC, 9,10, 188, 188, 188, 190, 191, 191, 189, 192, 188, 188, 188,9999,9999,9999, 183, 182, 181, 181, 180, 180, 180, 180, 180, 180
2010,14210010,210,CH4 ,10PPBC, 9,11, 179, 179, 179, 179, 180, 180, 180, 182, 184, 182, 181, 180, 179, 179, 179, 179, 179, 179, 180, 179, 180, 180, 179, 178
2010,14210010,210,CH4 ,10PPBC, 9,12, 178, 180, 180, 181, 180, 179, 179, 181, 183, 183, 181, 181, 181, 183, 183, 186, 183, 180, 179, 179, 179, 179, 177, 171
2010,14210010,210,CH4 ,10PPBC, 9,13, 171, 170, 169, 170, 170, 170, 170, 171, 176, 180, 178, 177, 177, 177, 178, 179, 181,9999, 181, 181, 181, 181, 181, 182
2010,14210010,210,CH4 ,10PPBC, 9,14, 184, 182, 182, 182, 182, 182, 182, 184, 185, 184, 184, 185, 185, 184, 185, 182, 181, 180, 180, 182, 181, 183, 186, 185
2010,14210010,210,CH4 ,10PPBC, 9,15, 184, 186, 184, 184, 186, 188, 189, 187, 188, 188, 187, 186, 185, 185, 185, 185, 185, 185, 185, 184, 185, 185, 185, 185
2010,14210010,210,CH4 ,10PPBC, 9,16, 185, 190, 190, 191, 189, 190, 191, 189, 187, 186,9999, 187, 187, 187, 188, 188, 189, 190, 189, 187, 188, 188, 188, 190
2010,14210010,210,CH4 ,10PPBC, 9,17, 195, 192, 193, 197, 193, 191, 192, 192, 190, 189, 185, 185, 185, 183, 181, 181, 182, 182, 183, 183, 185, 185, 186, 185
2010,14210010,210,CH4 ,10PPBC, 9,18, 186, 191, 194, 197, 194, 192, 188, 186, 185, 187, 186, 186, 185, 184, 184, 183, 182, 180, 180, 183, 184, 183, 184, 185
2010,14210010,210,CH4 ,10PPBC, 9,19, 185, 187, 187, 186, 185, 187, 188, 186, 182, 182, 181, 179, 180, 181, 184, 185, 180, 180, 181, 181, 180, 180, 180, 181
2010,14210010,210,CH4 ,10PPBC, 9,20, 181, 182, 182, 184, 189, 186, 185, 182, 182, 181, 180, 180, 181, 180, 181, 180, 181, 182, 182, 181, 181, 182, 182, 182
2010,14210010,210,CH4 ,10PPBC, 9,21, 182, 183, 184, 185, 191, 195, 192, 191, 189, 187, 187, 187, 185, 184, 183, 183, 182, 181, 181, 182, 183, 184, 187, 188
2010,14210010,210,CH4 ,10PPBC, 9,22, 186, 189, 184, 185, 183, 185, 183, 184, 183, 181, 180, 181, 183, 182, 179, 176, 176, 175, 175, 175, 175, 174, 179, 188
2010,14210010,210,CH4 ,10PPBC, 9,23, 185, 182, 174, 173, 172, 172, 172, 172, 172, 173, 177, 184, 190, 187, 188, 187, 186, 185, 185, 186, 185, 185, 187, 190
2010,14210010,210,CH4 ,10PPBC, 9,24, 189, 189, 190, 188, 187, 190, 187, 188, 187, 186,9999, 187, 187, 186, 187, 187, 187, 187, 188, 189, 189, 189, 189, 189
2010,14210010,210,CH4 ,10PPBC, 9,25, 189, 188, 189, 189, 188, 189, 188, 187, 187, 187, 187, 187, 186, 185, 187, 187, 185, 185, 188, 188, 189, 189, 188, 190
2010,14210010,210,CH4 ,10PPBC, 9,26, 192, 192, 193, 193, 196, 195, 196, 195, 196, 194, 193, 188, 188, 188, 188, 188, 188, 189, 189, 187, 187, 188, 188, 188
2010,14210010,210,CH4 ,10PPBC, 9,27, 192, 192, 189, 190, 190, 189, 188, 187, 188, 187, 189, 189, 188, 187, 186, 186, 186, 187, 186, 187, 188, 189, 189, 191
2010,14210010,210,CH4 ,10PPBC, 9,28, 189, 190, 190, 187, 188, 188, 188, 189, 190, 190, 187, 179, 179, 186, 188, 185, 188, 190, 192, 190, 191, 192, 194, 191
2010,14210010,210,CH4 ,10PPBC, 9,29, 194, 191, 189, 192, 192, 191, 189, 189, 188, 189, 189, 190, 190, 191, 190, 188, 187, 187, 187, 187, 188, 189, 190, 190
2010,14210010,210,CH4 ,10PPBC, 9,30, 193, 196, 205, 199, 194, 198, 195, 196, 197, 197,9999,9999, 199, 197, 195, 197, 191, 191, 190, 190, 191, 191, 189, 192
2010,14210010,210,CH4 ,10PPBC, 9,31,9998,9998,9998,9998,9998,9998,9998,9998,9998,9998,9998,9998,9998,9998,9998,9998,9998,9998,9998,9998,9998,9998,9998,9998
2010,14210010,210,CH4 ,10PPBC,10, 1, 188, 189, 190, 189, 194, 196, 190, 188, 189, 187, 187, 187, 187, 187, 186, 185, 185, 185, 187, 189, 193, 194, 192, 191
2010,14210010,210,CH4 ,10PPBC,10, 2, 195, 196, 192, 193, 194, 192, 195, 193, 191, 189, 187, 188, 188, 187, 186, 186, 186, 186, 187, 188, 187, 187, 188, 188
2010,14210010,210,CH4 ,10PPBC,10, 3, 190, 191, 191, 192, 200, 199, 195, 195, 198, 197, 193, 189, 187, 186, 185, 187, 187, 187, 186, 187, 187, 189, 188, 190
2010,14210010,210,CH4 ,10PPBC,10, 4, 192, 192, 190, 189, 192, 194, 192, 191, 201, 203, 203, 202, 201, 196, 195, 190, 188, 182, 180, 180, 181, 187, 192, 193
2010,14210010,210,CH4 ,10PPBC,10, 5, 193, 196, 201, 199, 201, 201, 199, 192, 191, 194, 192, 191, 189, 190, 187, 185, 186, 185, 186, 186, 188, 188, 188, 190
2010,14210010,210,CH4 ,10PPBC,10, 6, 195, 196, 200, 203, 197, 193, 191, 192, 190, 190, 190, 189, 188, 187, 186, 187, 187, 188, 187, 187, 189, 190, 189, 189
2010,14210010,210,CH4 ,10PPBC,10, 7, 189, 192, 194, 192, 193, 193, 194, 195, 193, 191, 190, 190, 188, 187, 188, 187, 188, 188, 189, 189, 189, 189, 189, 193
2010,14210010,210,CH4 ,10PPBC,10, 8, 195, 194, 192, 192, 192, 189, 189, 188, 189, 189,9999,9999, 185, 185, 184, 184, 184, 185, 186, 186, 185, 186, 185, 187
2010,14210010,210,CH4 ,10PPBC,10, 9, 188, 187, 189, 187, 192, 191, 189, 188, 189, 189, 188, 189, 189, 187, 186, 188, 188, 187, 185, 186, 186, 187, 187, 182
2010,14210010,210,CH4 ,10PPBC,10,10, 178, 181, 185, 187, 185, 187, 187, 188, 188, 189, 186, 186, 187, 185, 182, 181, 182, 180, 180, 184, 184, 185, 188, 185
2010,14210010,210,CH4 ,10PPBC,10,11, 186, 187, 194, 189, 193, 193, 192, 190, 188, 189, 185, 185, 189, 183, 183, 185, 186, 183, 182, 185, 185, 186, 186, 186
2010,14210010,210,CH4 ,10PPBC,10,12, 186, 185, 184, 186, 190, 189, 187, 183, 182, 181, 181, 182, 182, 182, 181, 180, 179, 180, 183, 185, 183, 184, 184, 185
2010,14210010,210,CH4 ,10PPBC,10,13, 186, 186, 188, 196, 203, 212, 205, 206, 206, 192, 188, 186, 185, 184, 183, 185, 186, 184, 184, 186, 185, 184, 184, 185
2010,14210010,210,CH4 ,10PPBC,10,14, 184, 183, 189, 192, 191, 191, 191, 189, 186, 187, 187, 185, 185, 184, 184, 184, 184, 184, 184, 186, 188, 185, 188, 186
2010,14210010,210,CH4 ,10PPBC,10,15, 185, 185, 185, 185, 195, 194, 190, 189, 186, 184,9999, 183, 182, 182, 182, 182, 182, 183, 184, 184, 185, 183, 184, 185
2010,14210010,210,CH4 ,10PPBC,10,16, 184, 190, 191, 193, 189, 189, 189, 190, 187, 186, 185, 184, 184, 182, 184, 184, 185, 185, 187, 187, 186, 188, 189, 189
2010,14210010,210,CH4 ,10PPBC,10,17, 189, 187, 190, 196, 195, 190, 188, 189, 188, 188, 188, 186, 187, 187, 187, 189, 190, 191, 191, 193, 194, 192, 194, 198
2010,14210010,210,CH4 ,10PPBC,10,18, 193, 194, 193, 193, 197, 194, 192, 189, 189, 189, 188, 187, 186, 185, 184, 184, 184, 185, 184, 185, 186, 187, 186, 185
2010,14210010,210,CH4 ,10PPBC,10,19, 186, 186, 189, 191, 190, 189, 190, 189, 189, 188, 189, 190, 186, 186, 186, 186, 186, 186, 186, 186, 186, 190, 189, 191
2010,14210010,210,CH4 ,10PPBC,10,20, 194, 195, 192, 191, 192, 196, 195, 191, 191, 190, 190, 191, 191, 195, 194, 192, 194, 197, 196, 194, 195, 197, 197, 198
2010,14210010,210,CH4 ,10PPBC,10,21, 197, 194, 194, 194, 195, 194, 192, 197, 199, 194, 190, 197, 192, 191, 190, 190, 190, 191, 191, 192, 190, 191, 192, 191
2010,14210010,210,CH4 ,10PPBC,10,22, 191, 191, 185, 185, 187, 188, 187, 188, 185, 185,9999, 185, 184, 184, 184, 184, 185, 185, 185, 185, 185, 185, 185, 186
2010,14210010,210,CH4 ,10PPBC,10,23, 188, 189, 187, 186, 187, 187, 189, 188, 186, 188, 187, 186, 185, 185, 185, 185, 185, 186, 185, 186, 186, 187, 187, 190
2010,14210010,210,CH4 ,10PPBC,10,24, 191, 191, 203, 204, 193, 194, 196, 198, 201, 200, 198, 187, 189, 188, 189, 191, 192, 192, 196, 200, 196, 190, 191, 190
2010,14210010,210,CH4 ,10PPBC,10,25, 190, 192, 195, 203, 220, 218, 211, 206, 208, 200, 196, 195, 209, 202, 199, 198, 195, 191, 191, 192, 190, 191, 195, 196
2010,14210010,210,CH4 ,10PPBC,10,26, 194, 201, 205, 200, 198, 201, 200, 200, 194, 192, 186, 185, 183, 183, 184, 185, 185, 185, 187, 187, 187, 189, 188, 188
2010,14210010,210,CH4 ,10PPBC,10,27, 188, 188, 189, 187, 187, 188, 188, 188, 189, 188, 189, 188, 188, 188, 188, 188, 188, 189, 189, 190, 189, 190, 189, 188
2010,14210010,210,CH4 ,10PPBC,10,28, 189, 190, 195, 193, 192, 191, 190, 191, 190, 189,9999, 188, 188, 188, 188, 188, 189, 189, 187, 187, 188, 187, 188, 186
2010,14210010,210,CH4 ,10PPBC,10,29, 187, 188, 189, 190, 186, 186, 186, 186, 186, 186, 186, 187, 185, 186, 184, 185, 185, 185, 185, 187, 186, 186, 186, 185
2010,14210010,210,CH4 ,10PPBC,10,30, 187, 189, 189, 189, 189, 188, 188, 188, 188, 188, 189, 188, 188, 188, 187, 187, 186, 185, 185, 186, 185, 184, 184, 184
2010,14210010,210,CH4 ,10PPBC,10,31, 183, 184, 183, 183, 183, 184, 184, 184, 184, 183, 183, 183, 184, 186, 185, 187, 186, 188, 189, 187, 190, 186, 184, 183
2010,14210010,210,CH4 ,10PPBC,11, 1, 185, 186, 184, 187, 181, 182, 182, 182, 183, 182, 182, 181, 181, 180, 178, 178, 179, 178, 179, 179, 180, 181, 180, 181
2010,14210010,210,CH4 ,10PPBC,11, 2, 182, 182, 180, 182, 182, 182, 182, 183, 185, 185, 182, 182, 181, 181, 180, 181, 182, 182, 182, 182, 183, 183, 182, 183
2010,14210010,210,CH4 ,10PPBC,11, 3, 187, 188, 187, 188, 189, 189, 191, 190, 192, 193, 189, 189, 190, 188, 186, 187, 189, 188, 189, 189, 189, 190, 191, 194
2010,14210010,210,CH4 ,10PPBC,11, 4, 193, 192, 191, 194, 194, 193, 194, 190, 188, 190, 193, 193, 194, 188, 186, 186, 186, 189, 188, 190, 193, 193, 193, 194
2010,14210010,210,CH4 ,10PPBC,11, 5, 195, 195, 194, 193, 194, 200, 203, 202, 198, 195,9999,9999,9999, 185, 185, 186, 187, 189, 189, 189, 189, 189, 189, 189
2010,14210010,210,CH4 ,10PPBC,11, 6, 190, 193, 196, 204, 205, 195, 200, 200, 198, 192, 195, 197, 189, 187, 187, 186, 188, 189, 191, 192, 193, 195, 193, 191
2010,14210010,210,CH4 ,10PPBC,11, 7, 192, 194, 195, 192, 193, 191, 192, 191, 190, 188, 188, 190, 190, 190, 187, 190, 194, 196, 196, 194, 192, 192, 190, 190
2010,14210010,210,CH4 ,10PPBC,11, 8, 190, 195, 204, 195, 203, 197, 197, 197, 202, 199, 199, 195, 193, 193, 192, 191, 187, 182, 182, 182, 182, 182, 182, 181
2010,14210010,210,CH4 ,10PPBC,11, 9, 180, 179, 179, 180, 181, 181, 181, 182, 183, 183, 182, 181, 182, 181, 182, 183, 184, 184, 185, 185, 186, 186, 186, 186
2010,14210010,210,CH4 ,10PPBC,11,10, 187, 186, 186, 186, 186, 186, 188, 191, 192, 188, 186, 185, 185, 183, 183, 183, 184, 184, 184, 185, 187, 188, 188, 189
2010,14210010,210,CH4 ,10PPBC,11,11, 190, 191, 190, 190, 191, 191, 192, 192, 192, 192, 190,9999, 190,9999, 189, 187, 189, 190, 190, 191, 189, 193, 192, 191
2010,14210010,210,CH4 ,10PPBC,11,12, 193, 194, 196, 196, 199, 197, 199, 205, 206, 203, 194, 185, 184, 183, 184, 183, 183, 183, 184, 184, 184, 185, 184, 185
2010,14210010,210,CH4 ,10PPBC,11,13, 185, 188, 195, 191, 191, 197, 197, 198, 193, 193, 191, 194, 189, 190, 188, 189, 188, 188, 188, 188, 188, 188, 191, 198
2010,14210010,210,CH4 ,10PPBC,11,14, 197, 193, 192, 190, 192, 194, 197, 197, 198, 202, 204, 205, 197, 193, 192, 192, 187, 184, 184, 185, 186, 191, 197, 203
2010,14210010,210,CH4 ,10PPBC,11,15, 206, 206, 210, 207, 203, 207, 221, 205, 195, 190, 188, 189, 191, 188, 187, 185, 186, 187, 186, 186, 187, 187, 187, 189
2010,14210010,210,CH4 ,10PPBC,11,16, 187, 187, 188, 191, 191, 191, 189, 188, 189, 191, 190, 189, 189, 188, 188, 188, 189, 191, 189, 188, 188, 187, 190, 191
2010,14210010,210,CH4 ,10PPBC,11,17, 187, 186, 188, 191, 190, 192, 193, 191, 190, 194, 191, 188, 188, 189, 188, 188, 188, 188, 187, 188, 187, 188, 189, 189
2010,14210010,210,CH4 ,10PPBC,11,18, 188, 188, 189, 189, 188, 187, 187, 189, 189, 190, 189, 187, 187, 186, 188, 186, 185, 186, 186, 187, 188, 189, 189, 189
2010,14210010,210,CH4 ,10PPBC,11,19, 189, 187, 187, 187, 187, 187, 187, 188, 189, 188,9999, 188, 188, 189, 187, 187, 185, 186, 186, 186, 187, 187, 187, 188
2010,14210010,210,CH4 ,10PPBC,11,20, 189, 200, 199, 195, 191, 191, 191, 191, 189, 190, 190, 190, 189, 192, 200, 196, 197, 195, 195, 196, 196, 196, 201, 211
2010,14210010,210,CH4 ,10PPBC,11,21, 210, 204, 203, 201, 200, 200, 198, 196, 199, 199, 205, 208, 215, 218, 224, 229, 232, 232, 225, 234, 229, 235, 231, 228
2010,14210010,210,CH4 ,10PPBC,11,22, 227, 224, 233, 234, 231, 228, 224, 225, 242, 233, 234, 232, 248, 251, 255, 241, 244, 241, 233, 229, 224, 216, 217, 218
2010,14210010,210,CH4 ,10PPBC,11,23, 216, 215, 206, 211, 209, 203, 198, 197, 197, 198, 199, 201, 204, 208, 209, 209, 204, 202, 198, 197, 197, 197, 195, 192
2010,14210010,210,CH4 ,10PPBC,11,24, 189, 188, 191, 190, 189, 190, 189, 188, 188, 188, 187, 187, 187, 186, 187, 187, 188, 188, 188, 188, 187, 187, 187, 188
2010,14210010,210,CH4 ,10PPBC,11,25, 187, 187, 188, 187, 191, 204, 203, 203, 200, 200, 200, 194, 193, 193, 192, 191, 192, 194, 200, 202, 198, 200, 201, 196
2010,14210010,210,CH4 ,10PPBC,11,26, 194, 192, 195, 199, 198, 191, 191, 191, 193, 192, 192, 193,9999,9999, 191, 190, 192, 191, 191, 194, 190, 188, 188, 187
2010,14210010,210,CH4 ,10PPBC,11,27, 187, 188, 190, 190, 189, 188, 188, 188, 189, 188, 185, 186, 186, 186, 186, 185, 185, 188, 189, 189, 186, 185, 185, 185
2010,14210010,210,CH4 ,10PPBC,11,28, 187, 190, 184, 184, 185, 185, 184, 185, 186, 186, 186, 185, 184, 184, 184, 183, 184, 184, 184, 184, 186, 187, 187, 187
2010,14210010,210,CH4 ,10PPBC,11,29, 188, 189, 188, 189, 189, 189, 189, 189, 190, 192, 190, 187, 187, 186, 185, 186, 186, 187, 187, 187, 187, 187, 189, 193
2010,14210010,210,CH4 ,10PPBC,11,30, 191, 191, 191, 192, 191, 191, 190, 190, 190, 191, 191, 188, 189, 189, 188, 188, 187, 187, 186, 187, 186, 186, 185, 185
2010,14210010,210,CH4 ,10PPBC,11,31,9998,9998,9998,9998,9998,9998,9998,9998,9998,9998,9998,9998,9998,9998,9998,9998,9998,9998,9998,9998,9998,9998,9998,9998
2010,14210010,210,CH4 ,10PPBC,12, 1, 185, 185, 186, 186, 190, 195, 203, 198, 196, 195, 194, 192, 193, 194, 189, 190, 194, 195, 191, 189, 189, 189, 188, 193
2010,14210010,210,CH4 ,10PPBC,12, 2, 195, 200, 196, 195, 195, 195, 195, 197, 196, 196,9999, 193, 196, 200, 201, 195, 197, 197, 192, 188, 187, 187, 189, 188
2010,14210010,210,CH4 ,10PPBC,12, 3, 191, 195, 185, 180, 179, 179, 178, 178, 177, 177, 178, 179, 179, 180, 180, 180, 179, 179, 183, 184, 185, 185, 186, 185
2010,14210010,210,CH4 ,10PPBC,12, 4, 185, 186, 186, 186, 186, 186, 186, 186, 185, 185, 185, 185, 184, 184, 184, 184, 184, 187, 188, 188, 190, 189, 193, 194
2010,14210010,210,CH4 ,10PPBC,12, 5, 193, 191, 191, 193, 195, 195, 196, 199, 198, 196, 194, 195, 194, 192, 188, 189, 190, 192, 195, 193, 193, 194, 195, 198
2010,14210010,210,CH4 ,10PPBC,12, 6, 213, 206, 197, 198, 197, 197, 199, 201, 203, 202, 202, 199, 196, 194, 191, 190, 187, 184, 183, 183, 183, 181, 182, 182
2010,14210010,210,CH4 ,10PPBC,12, 7, 182, 182, 187, 182, 182, 190, 191, 212, 205, 195, 216, 203, 197, 195, 193, 196, 195, 190, 184, 186, 186, 186, 187, 187
2010,14210010,210,CH4 ,10PPBC,12, 8, 188, 187, 187, 187, 186, 187, 187, 187, 188, 189, 188, 187, 186, 186, 186, 185, 186, 186, 187, 187, 188, 190, 191, 188
2010,14210010,210,CH4 ,10PPBC,12, 9, 188, 188, 194, 193, 194, 193, 193, 191, 192, 189, 186, 185, 185, 185, 185, 185, 185, 185, 186, 186, 186, 185, 186, 188
2010,14210010,210,CH4 ,10PPBC,12,10, 189, 189, 189, 189, 188, 189, 189, 190, 190, 191,9999,9999, 190, 188, 187, 187, 188, 188, 190, 190, 188, 189, 188, 189
2010,14210010,210,CH4 ,10PPBC,12,11, 189, 188, 187, 186, 185, 186, 186, 185, 186, 185, 184, 184, 183, 182, 181, 181, 181, 182, 182, 181, 182, 182, 182, 183
2010,14210010,210,CH4 ,10PPBC,12,12, 183, 183, 183, 185, 190, 192, 192, 192, 190, 188, 188, 188, 188, 188, 188, 189, 190, 190, 188, 187, 187, 187, 190, 187
2010,14210010,210,CH4 ,10PPBC,12,13, 188, 189, 190, 189, 190, 190, 190, 191, 191, 191, 191, 190, 189, 189, 189, 190, 191, 191, 190, 191, 192, 192, 193, 195
2010,14210010,210,CH4 ,10PPBC,12,14, 195, 195, 194, 193, 194, 192, 191, 192, 188, 191, 190, 189, 196, 186, 185, 184, 185, 185, 186, 186, 184, 184, 185, 186
2010,14210010,210,CH4 ,10PPBC,12,15, 185, 184, 182, 182, 183, 184, 184, 184, 184, 183, 192, 191, 187, 184, 183, 183, 187, 188, 187, 187, 187, 187, 187, 187
2010,14210010,210,CH4 ,10PPBC,12,16, 188, 187, 188, 187, 188, 189, 189, 188, 188, 190, 190, 186, 188, 190, 186, 184, 186, 189, 188, 190, 193, 198, 197, 196
2010,14210010,210,CH4 ,10PPBC,12,17, 197, 195, 194, 192, 191, 190, 189, 190, 191, 193,9999, 192, 190, 189, 188, 189, 190, 192, 192, 191, 190, 190, 191, 189
2010,14210010,210,CH4 ,10PPBC,12,18, 190, 185, 185, 186, 190, 189, 187, 187, 187, 187, 187, 186, 187, 186, 186, 189, 191, 191, 188, 189, 190, 190, 190, 190
2010,14210010,210,CH4 ,10PPBC,12,19, 191, 190, 191, 191, 190, 191, 192, 191, 191, 192, 193, 192, 192, 193, 191, 191, 191, 191, 192, 193, 191, 194, 194, 194
2010,14210010,210,CH4 ,10PPBC,12,20, 194, 196, 197, 199, 197, 202, 199, 200, 194, 184, 182, 182, 182, 182, 181, 181, 181, 184, 197, 212, 201, 193, 192, 193
2010,14210010,210,CH4 ,10PPBC,12,21, 197, 205, 198, 193, 209, 194, 200, 203, 198, 196, 196, 193, 195, 195, 196, 195, 196, 195, 194, 193, 192, 191, 190, 190
2010,14210010,210,CH4 ,10PPBC,12,22, 189, 190, 187, 180, 179, 182, 185, 186, 190, 185, 182, 181, 181, 181, 182, 181, 181, 181, 183, 183, 186, 194, 194, 191
2010,14210010,210,CH4 ,10PPBC,12,23, 190, 185, 187, 186, 185, 183, 186, 185, 188, 186, 186, 184, 184, 183, 183, 184, 185, 188, 187, 187, 188, 189, 189, 190
2010,14210010,210,CH4 ,10PPBC,12,24, 187, 186, 186, 186, 186, 186, 187, 187, 187, 187,9999, 187, 186, 185, 185, 184, 183, 184, 184, 186, 187, 187, 187, 186
2010,14210010,210,CH4 ,10PPBC,12,25, 186, 187, 186, 186, 186, 185, 185, 185, 186, 186, 185, 186, 185, 185, 184, 184, 185, 185, 185, 185, 185, 185, 185, 185
2010,14210010,210,CH4 ,10PPBC,12,26, 185, 185, 185, 185, 185, 185, 185, 185, 185, 185, 185, 185, 184, 184, 183, 183, 184, 184, 185, 185, 185, 185, 185, 185
2010,14210010,210,CH4 ,10PPBC,12,27, 186, 186, 186, 186, 186, 186, 186, 186, 186, 187, 187, 187,9999, 186, 186, 185, 186, 186, 186, 186, 186, 186, 187, 189
2010,14210010,210,CH4 ,10PPBC,12,28, 190, 196, 201, 198, 198, 198, 197, 199, 198, 197, 189, 186, 185, 185, 184, 184, 184, 184, 184, 184, 182, 183, 184, 185
2010,14210010,210,CH4 ,10PPBC,12,29, 187, 187, 187, 187, 188, 187, 188, 188, 188, 188, 189, 187, 187, 187, 186, 186, 186, 186, 187, 188, 189, 189, 189, 190
2010,14210010,210,CH4 ,10PPBC,12,30, 190, 188, 191, 195, 195, 194, 192, 191, 190, 190, 189, 189, 189, 184, 184, 184, 183, 184, 195, 192, 191, 191, 192, 192
2010,14210010,210,CH4 ,10PPBC,12,31, 186, 184, 184, 183, 185, 185, 184, 185, 186, 187, 186, 185, 185, 185, 185, 185, 185, 185, 186, 187, 186, 187, 186, 186
2010,14210010,210,CH4 ,10PPBC, 1, 1, 187, 186, 187, 189, 188, 189, 190, 191, 191, 189, 188, 188, 188, 189, 189, 188, 191, 193, 193, 191, 190, 192, 192, 191
2010,14210010,210,CH4 ,10PPBC, 1, 2, 192, 192, 189, 187, 186, 187, 188, 188, 188, 189, 190, 188, 189, 189, 188, 189, 189, 190, 192, 190, 190, 190, 190, 190
2010,14210010,210,CH4 ,10PPBC, 1, 3, 188, 188, 189, 189, 189, 193, 196, 193, 193, 192, 192, 191, 190, 190, 191, 190, 190, 189, 191, 192, 192, 190, 191, 196
2010,14210010,210,CH4 ,10PPBC, 1, 4, 203, 197, 192, 191, 191, 190, 189, 188, 190, 190, 190, 189, 188, 188, 188, 190, 189, 188, 190, 189, 190, 189, 190, 190
2010,14210010,210,CH4 ,10PPBC, 1, 5, 190, 191, 191, 190, 191, 191, 190, 189, 189, 189, 190, 188, 187, 185, 185, 184, 184, 185, 185, 185, 185, 185, 185, 185
2010,14210010,210,CH4 ,10PPBC, 1, 6, 185, 184, 185, 185, 185, 185, 185, 187, 187, 188, 187, 187, 186, 185, 186, 186, 187, 188, 187, 189, 189, 190, 190, 189
2010,14210010,210,CH4 ,10PPBC, 1, 7, 189, 189, 188, 188, 189, 189, 189, 188, 189, 189,9999,9999, 186, 186, 187, 187, 187, 187, 189, 189, 190, 190, 190, 188
2010,14210010,210,CH4 ,10PPBC, 1, 8, 189, 189, 189, 190, 189, 189, 189, 189, 189, 189, 187, 187, 187, 187, 186, 186, 186, 186, 185, 185, 185, 186, 186, 185
2010,14210010,210,CH4 ,10PPBC, 1, 9, 185, 185, 185, 184, 185, 184, 185, 185, 185, 184, 184, 183, 183, 183, 183, 182, 183, 188, 188, 186, 186, 186, 185, 187
2010,14210010,210,CH4 ,10PPBC, 1,10, 188, 188, 189, 189, 189, 190, 190, 190, 190, 190, 189, 189, 188, 188, 189, 189, 189, 189, 190, 190, 190, 190, 192, 191
2010,14210010,210,CH4 ,10PPBC, 1,11, 190, 190, 189, 189, 191, 192, 190, 190, 191, 192, 191, 192, 192, 191, 191, 191, 191, 192, 193, 192, 193, 192, 192, 192
2010,14210010,210,CH4 ,10PPBC, 1,12, 192, 190, 191, 190, 190, 197, 199, 200, 198, 196, 193, 190, 189, 188, 187, 185, 185, 184, 191, 190, 187, 188, 188, 189
2010,14210010,210,CH4 ,10PPBC, 1,13, 188, 188, 189, 189, 189, 189, 189, 189, 190, 189, 189, 189,9999, 188, 189, 189, 190, 190, 190, 190, 191, 191, 192, 192
2010,14210010,210,CH4 ,10PPBC, 1,14, 196, 193, 191, 191, 192, 191, 190, 191, 191, 191, 191, 190, 189, 189, 188, 188, 188, 189, 191, 188, 187, 187, 191, 197
2010,14210010,210,CH4 ,10PPBC, 1,15, 201, 208, 209, 210, 205, 206, 197, 187, 186, 187, 186, 186, 185, 185, 185, 184, 184, 185, 185, 185, 185, 184, 184, 184
2010,14210010,210,CH4 ,10PPBC, 1,16, 183, 183, 184, 184, 186, 187, 191, 189, 188, 189, 188, 189, 188, 187, 187, 187, 188, 186, 187, 187, 187, 188, 188, 188
2010,14210010,210,CH4 ,10PPBC, 1,17, 188, 187, 188, 188, 187, 187, 187, 187, 187, 187, 187, 187, 186, 185, 185, 185, 185, 185, 185, 187, 189, 189, 189, 189
2010,14210010,210,CH4 ,10PPBC, 1,18, 190, 190, 191, 192, 186, 188, 195, 196, 190, 188, 192, 191, 188, 188, 188, 187, 185, 186, 187, 186, 186, 187, 190, 199
2010,14210010,210,CH4 ,10PPBC, 1,19, 194, 190, 190, 189, 191, 191, 192, 192, 191, 191, 190, 189, 189, 189, 188, 186, 186, 188, 191, 191, 192, 191, 189, 190
2010,14210010,210,CH4 ,10PPBC, 1,20, 192, 192, 191, 192, 192, 194, 194, 191, 190, 190, 189,9999,9999, 184, 183, 182, 182, 184, 185, 186, 185, 185, 185, 185
2010,14210010,210,CH4 ,10PPBC, 1,21, 185, 185, 185, 185, 185, 185, 185, 186, 186, 186, 186, 184, 184, 184, 184, 184, 184, 187, 186, 186, 186, 185, 186, 186
2010,14210010,210,CH4 ,10PPBC, 1,22, 190, 189, 186, 185, 184, 184, 184, 185, 185, 188, 186, 183, 183, 182, 182, 181, 181, 182, 183, 185, 184, 186, 187, 188
2010,14210010,210,CH4 ,10PPBC, 1,23, 186, 186, 187, 188, 188, 188, 189, 190, 189, 190, 188, 187, 187, 187, 186, 185, 185, 185, 186, 188, 186, 186, 186, 186
2010,14210010,210,CH4 ,10PPBC, 1,24, 185, 186, 188, 188, 186, 186, 187, 188, 189, 188, 186, 185, 186, 186, 186, 186, 187, 190, 190, 191, 190, 189, 186, 187
2010,14210010,210,CH4 ,10PPBC, 1,25, 189, 188, 189, 188, 189, 190, 189, 188, 189, 189, 188, 187, 186, 186, 186, 186, 186, 186, 188, 188, 187, 187, 188, 187
2010,14210010,210,CH4 ,10PPBC, 1,26, 188, 192, 191, 192, 191, 190, 190, 190, 190, 188, 187, 186, 187, 185, 184, 183, 182, 182, 182, 184, 184, 185, 186, 187
2010,14210010,210,CH4 ,10PPBC, 1,27, 187, 187, 188, 188, 187, 187, 187, 188, 188, 186, 185, 184, 183, 183, 183, 183, 183, 185, 185, 185, 185, 185, 185, 186
2010,14210010,210,CH4 ,10PPBC, 1,28, 187, 185, 187, 186, 186, 187, 187, 187, 187, 187,9999, 185, 184, 184, 184, 184, 185, 186, 186, 185, 185, 185, 185, 185
2010,14210010,210,CH4 ,10PPBC, 1,29, 188, 186, 185, 185, 186, 186, 184, 184, 184, 184, 184, 184, 183, 184, 182, 182, 183, 184, 183, 183, 183, 183, 183, 182
2010,14210010,210,CH4 ,10PPBC, 1,30, 182, 182, 182, 182, 183, 183, 182, 182, 183, 183, 183, 183, 183, 182, 181, 181, 181, 181, 181, 184, 183, 184, 184, 184
2010,14210010,210,CH4 ,10PPBC, 1,31, 186, 188, 187, 188, 189, 190, 188, 186, 185, 184, 183, 184, 183, 183, 183, 182, 182, 182, 186, 183, 182, 182, 182, 184
2010,14210010,210,CH4 ,10PPBC, 2, 1, 188, 188, 190, 191, 191, 192, 191, 190, 188, 185, 182, 182, 181, 181, 181, 180, 180, 181, 183, 183, 183, 184, 184, 185
2010,14210010,210,CH4 ,10PPBC, 2, 2, 185, 186, 189, 187, 184, 184, 187, 186, 187, 188, 188, 186, 185, 184, 185, 185, 184, 183, 184, 186, 185, 186, 185, 187
2010,14210010,210,CH4 ,10PPBC, 2, 3, 188, 186, 187, 193, 195, 187, 185, 187, 186, 185, 186, 185, 183, 182, 182, 182, 182, 180, 180, 179, 180, 181, 181, 181
2010,14210010,210,CH4 ,10PPBC, 2, 4, 180, 180, 181, 180, 179, 180, 181, 184, 185, 185,9999,9999, 186, 189, 192, 186, 185, 187, 190, 189, 190, 190, 189, 190
2010,14210010,210,CH4 ,10PPBC, 2, 5, 190, 191, 197, 201, 199, 202, 205, 197, 194, 193, 191, 192, 191, 192, 193, 191, 189, 191, 192, 194, 198, 204, 207, 218
2010,14210010,210,CH4 ,10PPBC, 2, 6, 191, 191, 191, 191, 192, 194, 195, 200, 201, 195, 194, 194, 194, 193, 192, 191, 192, 191, 192, 193, 194, 195, 202, 204
2010,14210010,210,CH4 ,10PPBC, 2, 7, 199, 198, 199, 198, 197, 199, 198, 193, 191, 191, 189, 190, 188, 188, 186, 187, 187, 190, 189, 189, 189, 189, 189, 189
2010,14210010,210,CH4 ,10PPBC, 2, 8, 190, 192, 188, 188, 188, 191, 187, 187, 186, 187, 187, 188, 189, 188, 187, 187, 188, 187, 190, 191, 189, 188, 186, 190
2010,14210010,210,CH4 ,10PPBC, 2, 9, 192, 189, 188, 186, 191, 194, 190, 188, 188, 187, 188, 189, 188, 188, 188, 188, 187, 187, 189, 188, 188, 189, 191, 190
2010,14210010,210,CH4 ,10PPBC, 2,10, 188, 187, 187, 187, 187, 187, 187, 187, 188, 188,9999, 189, 189, 188, 187, 187, 187, 187, 188, 189, 189, 190, 191, 190
2010,14210010,210,CH4 ,10PPBC, 2,11, 190, 189, 190, 190, 189, 191, 191, 191, 190, 189, 190, 191, 191, 191, 190, 189, 189, 188, 189, 188, 190, 189, 189, 188
2010,14210010,210,CH4 ,10PPBC, 2,12, 187, 187, 187, 186, 186, 186, 186, 186, 187, 188, 188, 188, 187, 188, 189, 188, 188, 189, 187, 187, 186, 187, 187, 187
2010,14210010,210,CH4 ,10PPBC, 2,13, 190, 189, 189, 187, 187, 187, 188, 188, 189, 188, 188, 188, 187, 187,9999,9999, 188, 188, 189, 189, 189, 189, 193, 192
2010,14210010,210,CH4 ,10PPBC, 2,14, 190, 190, 189, 192, 194, 194, 192, 192, 192, 191, 190, 191, 189,9999,9999,9999,9999, 194, 189, 192, 193, 193, 191, 191
2010,14210010,210,CH4 ,10PPBC, 2,15, 190, 187, 187, 187, 187, 187, 188, 188, 188, 188, 187, 186,9999,9999,9999,9999,9999,9999,9999, 188, 188, 189, 189, 191
2010,14210010,210,CH4 ,10PPBC, 2,16, 194, 194, 193, 193, 194, 192, 193, 192, 194, 194, 192,9999,9999,9999,9999,9999,9999,9999,9999,9999,9999,9999,9999,9999
2010,14210010,210,CH4 ,10PPBC, 2,17,9999,9999,9999,9999,9999,9999,9999,9999,9999,9999,9999,9999,9999,9999,9999,9999,9999,9999,9999,9999,9999,9999,9999,9999
2010,14210010,210,CH4 ,10PPBC, 2,18,9999,9999,9999,9999,9999,9999,9999,9999,9999,9999,9999,9999,9999,9999,9999,9999,9999,9999,9999,9999,9999,9999,9999,9999
2010,14210010,210,CH4 ,10PPBC, 2,19,9999,9999,9999,9999,9999,9999,9999,9999,9999,9999,9999,9999,9999,9999,9999,9999,9999,9999,9999,9999,9999,9999,9999,9999
2010,14210010,210,CH4 ,10PPBC, 2,20,9999,9999,9999,9999,9999,9999,9999,9999,9999,9999,9999,9999,9999,9999,9999,9999,9999,9999,9999,9999,9999,9999,9999,9999
2010,14210010,210,CH4 ,10PPBC, 2,21,9999,9999,9999,9999,9999,9999,9999,9999,9999,9999,9999,9999,9999,9999,9999,9999,9999,9999,9999,9999,9999,9999,9999,9999
2010,14210010,210,CH4 ,10PPBC, 2,22,9999,9999,9999,9999,9999,9999,9999,9999,9999,9999,9999,9999,9999,9999,9999,9999,9999,9999,9999,9999,9999,9999,9999,9999
2010,14210010,210,CH4 ,10PPBC, 2,23,9999,9999,9999,9999,9999,9999,9999,9999,9999,9999,9999,9999,9999,9999,9999,9999,9999,9999,9999,9999,9999,9999,9999,9999
2010,14210010,210,CH4 ,10PPBC, 2,24,9999,9999,9999,9999,9999,9999,9999,9999,9999,9999,9999,9999,9999,9999,9999,9999,9999,9999,9999,9999,9999,9999,9999,9999
2010,14210010,210,CH4 ,10PPBC, 2,25,9999,9999,9999,9999,9999,9999,9999,9999,9999,9999,9999,9999,9999,9999,9999,9999,9999,9999,9999,9999,9999,9999,9999,9999
2010,14210010,210,CH4 ,10PPBC, 2,26,9999,9999,9999,9999,9999,9999,9999,9999,9999,9999,9999,9999,9999,9999,9999,9999,9999,9999,9999,9999,9999,9999,9999,9999
2010,14210010,210,CH4 ,10PPBC, 2,27,9999,9999,9999,9999,9999,9999,9999,9999,9999,9999,9999,9999,9999,9999,9999,9999,9999,9999,9999,9999,9999,9999,9999,9999
2010,14210010,210,CH4 ,10PPBC, 2,28,9999,9999,9999,9999,9999,9999,9999,9999,9999,9999,9999,9999,9999,9999,9999,9999,9999,9999,9999,9999,9999,9999,9999,9999
2010,14210010,210,CH4 ,10PPBC, 2,29,9998,9998,9998,9998,9998,9998,9998,9998,9998,9998,9998,9998,9998,9998,9998,9998,9998,9998,9998,9998,9998,9998,9998,9998
2010,14210010,210,CH4 ,10PPBC, 2,30,9998,9998,9998,9998,9998,9998,9998,9998,9998,9998,9998,9998,9998,9998,9998,9998,9998,9998,9998,9998,9998,9998,9998,9998
2010,14210010,210,CH4 ,10PPBC, 2,31,9998,9998,9998,9998,9998,9998,9998,9998,9998,9998,9998,9998,9998,9998,9998,9998,9998,9998,9998,9998,9998,9998,9998,9998
2010,14210010,210,CH4 ,10PPBC, 3, 1,9999,9999,9999,9999,9999,9999,9999,9999,9999,9999,9999,9999,9999,9999,9999,9999,9999,9999,9999,9999,9999,9999,9999,9999
2010,14210010,210,CH4 ,10PPBC, 3, 2,9999,9999,9999,9999,9999,9999,9999,9999,9999,9999,9999,9999,9999,9999,9999,9999,9999,9999,9999,9999,9999,9999,9999,9999
2010,14210010,210,CH4 ,10PPBC, 3, 3,9999,9999,9999,9999,9999,9999,9999,9999,9999,9999,9999,9999,9999,9999,9999,9999,9999,9999,9999,9999,9999,9999,9999,9999
2010,14210010,210,CH4 ,10PPBC, 3, 4,9999,9999,9999,9999,9999,9999,9999,9999,9999,9999,9999,9999,9999,9999,9999,9999,9999,9999,9999,9999,9999,9999,9999,9999
2010,14210010,210,CH4 ,10PPBC, 3, 5,9999,9999,9999,9999,9999,9999,9999,9999,9999,9999,9999,9999,9999,9999,9999,9999,9999,9999,9999,9999,9999,9999,9999,9999
2010,14210010,210,CH4 ,10PPBC, 3, 6,9999,9999,9999,9999,9999,9999,9999,9999,9999,9999,9999,9999,9999,9999,9999,9999,9999,9999,9999,9999,9999,9999,9999,9999
2010,14210010,210,CH4 ,10PPBC, 3, 7,9999,9999,9999,9999,9999,9999,9999,9999,9999,9999,9999,9999,9999,9999,9999,9999,9999,9999,9999,9999,9999,9999,9999,9999
2010,14210010,210,CH4 ,10PPBC, 3, 8,9999,9999,9999,9999,9999,9999,9999,9999,9999,9999,9999,9999,9999,9999,9999,9999,9999,9999,9999,9999,9999,9999,9999,9999
2010,14210010,210,CH4 ,10PPBC, 3, 9,9999,9999,9999,9999,9999,9999,9999,9999,9999,9999,9999,9999,9999,9999,9999,9999,9999,9999,9999,9999,9999,9999,9999,9999
2010,14210010,210,CH4 ,10PPBC, 3,10,9999,9999,9999,9999,9999,9999,9999,9999,9999,9999,9999,9999,9999,9999,9999,9999,9999,9999,9999,9999,9999,9999,9999,9999
2010,14210010,210,CH4 ,10PPBC, 3,11,9999,9999,9999,9999,9999,9999,9999,9999,9999,9999,9999,9999,9999,9999,9999,9999,9999,9999,9999,9999,9999,9999,9999,9999
2010,14210010,210,CH4 ,10PPBC, 3,12,9999,9999,9999,9999,9999,9999,9999,9999,9999,9999,9999,9999,9999,9999,9999,9999,9999,9999,9999,9999,9999,9999,9999,9999
2010,14210010,210,CH4 ,10PPBC, 3,13,9999,9999,9999,9999,9999,9999,9999,9999,9999,9999,9999,9999,9999,9999,9999,9999,9999,9999,9999,9999,9999,9999,9999,9999
2010,14210010,210,CH4 ,10PPBC, 3,14,9999,9999,9999,9999,9999,9999,9999,9999,9999,9999,9999,9999,9999,9999,9999,9999,9999,9999,9999,9999,9999,9999,9999,9999
2010,14210010,210,CH4 ,10PPBC, 3,15,9999,9999,9999,9999,9999,9999,9999,9999,9999,9999,9999,9999,9999,9999,9999,9999,9999,9999,9999,9999,9999,9999,9999,9999
2010,14210010,210,CH4 ,10PPBC, 3,16,9999,9999,9999,9999,9999,9999,9999,9999,9999,9999,9999,9999,9999,9999,9999,9999,9999,9999,9999,9999,9999,9999,9999,9999
2010,14210010,210,CH4 ,10PPBC, 3,17,9999,9999,9999,9999,9999,9999,9999,9999,9999,9999,9999,9999,9999,9999,9999,9999,9999,9999,9999,9999,9999,9999,9999,9999
2010,14210010,210,CH4 ,10PPBC, 3,18,9999,9999,9999,9999,9999,9999,9999,9999,9999,9999,9999,9999,9999,9999,9999,9999,9999,9999,9999,9999,9999,9999,9999,9999
2010,14210010,210,CH4 ,10PPBC, 3,19,9999,9999,9999,9999,9999,9999,9999,9999,9999,9999,9999,9999,9999,9999,9999,9999,9999,9999,9999,9999,9999,9999,9999,9999
2010,14210010,210,CH4 ,10PPBC, 3,20,9999,9999,9999,9999,9999,9999,9999,9999,9999,9999,9999,9999,9999,9999,9999,9999,9999,9999,9999,9999,9999,9999,9999,9999
2010,14210010,210,CH4 ,10PPBC, 3,21,9999,9999,9999,9999,9999,9999,9999,9999,9999,9999,9999,9999,9999,9999,9999,9999,9999,9999,9999,9999,9999,9999,9999,9999
2010,14210010,210,CH4 ,10PPBC, 3,22,9999,9999,9999,9999,9999,9999,9999,9999,9999,9999,9999,9999,9999,9999,9999,9999,9999,9999,9999,9999,9999,9999,9999,9999
2010,14210010,210,CH4 ,10PPBC, 3,23,9999,9999,9999,9999,9999,9999,9999,9999,9999,9999,9999,9999,9999,9999,9999,9999,9999,9999,9999,9999,9999,9999,9999,9999
2010,14210010,210,CH4 ,10PPBC, 3,24,9999,9999,9999,9999,9999,9999,9999,9999,9999,9999,9999,9999,9999,9999,9999,9999,9999,9999,9999,9999,9999,9999,9999,9999
2010,14210010,210,CH4 ,10PPBC, 3,25,9999,9999,9999,9999,9999,9999,9999,9999,9999,9999,9999,9999,9999,9999,9999,9999,9999,9999,9999,9999,9999,9999,9999,9999
2010,14210010,210,CH4 ,10PPBC, 3,26,9999,9999,9999,9999,9999,9999,9999,9999,9999,9999,9999,9999,9999,9999,9999,9999,9999,9999,9999,9999,9999,9999,9999,9999
2010,14210010,210,CH4 ,10PPBC, 3,27,9999,9999,9999,9999,9999,9999,9999,9999,9999,9999,9999,9999,9999,9999,9999,9999,9999,9999,9999,9999,9999,9999,9999,9999
2010,14210010,210,CH4 ,10PPBC, 3,28,9999,9999,9999,9999,9999,9999,9999,9999,9999,9999,9999,9999,9999,9999,9999,9999,9999,9999,9999,9999,9999,9999,9999,9999
2010,14210010,210,CH4 ,10PPBC, 3,29,9999,9999,9999,9999,9999,9999,9999,9999,9999,9999,9999,9999,9999,9999,9999,9999,9999,9999,9999,9999,9999,9999,9999,9999
2010,14210010,210,CH4 ,10PPBC, 3,30,9999,9999,9999,9999,9999,9999,9999,9999,9999,9999,9999,9999,9999,9999,9999,9999,9999,9999,9999,9999,9999,9999,9999,9999
2010,14210010,210,CH4 ,10PPBC, 3,31,9999,9999,9999,9999,9999,9999,9999,9999,9999,9999,9999,9999,9999,9999,9999,9999,9999,9999,9999,9999,9999,9999,9999,9999
2010,14211010,211,CH4 ,10PPBC, 4, 1, 188, 190, 198, 197, 194, 190, 193, 186, 185, 184, 184, 184, 183,9999,9999,9999, 183, 183, 183, 182, 182, 182, 182, 181
2010,14211010,211,CH4 ,10PPBC, 4, 2, 181, 181, 181, 181, 180, 180, 181, 180, 180, 179, 179, 179, 180, 181, 181, 184, 184, 185, 187, 187, 189, 192, 191, 190
2010,14211010,211,CH4 ,10PPBC, 4, 3, 187, 187, 186, 186, 186, 186, 186, 187, 188, 187, 188, 188, 188, 187, 187, 187, 186, 187, 188, 189, 189, 189, 189, 190
2010,14211010,211,CH4 ,10PPBC, 4, 4, 190, 192, 191, 192, 193, 191, 191, 191, 191, 190, 191, 191, 190, 191, 191, 191, 192, 192, 198, 193, 194, 192, 192, 193
2010,14211010,211,CH4 ,10PPBC, 4, 5, 191, 192, 191, 190, 191, 191, 193, 194, 196, 193, 194, 193, 191, 192, 191, 190, 193, 191, 192, 193, 198, 199, 197, 198
2010,14211010,211,CH4 ,10PPBC, 4, 6, 200, 198, 194, 190, 186, 187, 191, 190, 190, 185, 184, 184, 186, 188, 185, 185, 185, 185, 186, 185, 187, 186, 188, 190
2010,14211010,211,CH4 ,10PPBC, 4, 7, 186, 186, 185, 185, 186, 185, 187,9999, 188, 188, 186, 186, 186, 187, 186, 186, 189, 188, 192, 190, 188, 189, 188, 188
2010,14211010,211,CH4 ,10PPBC, 4, 8, 189, 188, 188, 189, 189, 189, 189, 190, 190, 190, 190, 189, 190, 190, 190, 190, 190, 189, 190, 190, 191, 191, 190, 190
2010,14211010,211,CH4 ,10PPBC, 4, 9, 190, 188, 190, 191, 191, 192, 191, 193, 191, 190, 190,9999,9999, 190, 187, 187, 186, 184, 184, 190, 189, 189, 187, 190
2010,14211010,211,CH4 ,10PPBC, 4,10, 192, 192, 187, 189, 190, 189, 192, 189, 185, 182, 181, 181, 182, 181, 182, 183, 184, 184, 181, 182, 184, 184, 183, 187
2010,14211010,211,CH4 ,10PPBC, 4,11, 185, 190, 189, 190, 189, 193, 191, 183, 184, 183, 182, 181, 181, 183, 182, 182, 183, 182, 184, 185, 183, 183, 183, 183
2010,14211010,211,CH4 ,10PPBC, 4,12, 183, 183, 183, 183, 182, 182, 182, 183, 183, 182, 183, 184, 184, 185, 184, 183, 183, 184, 183, 184, 184, 184, 183, 183
2010,14211010,211,CH4 ,10PPBC, 4,13, 182, 182, 184, 182, 186, 185, 187, 183, 179, 180, 180, 179, 179, 178, 179, 177, 178, 177, 177, 177, 176, 178, 179, 180
2010,14211010,211,CH4 ,10PPBC, 4,14, 180, 182, 180, 181, 182, 183, 183, 182, 189, 183, 183, 183, 183, 183, 183, 183, 183, 183, 183, 185, 184, 185, 185, 185
2010,14211010,211,CH4 ,10PPBC, 4,15, 185, 184, 184, 183, 183, 183, 184, 183, 184,9999,9999, 185, 185, 185, 186, 186, 186, 187, 188, 191, 191, 191, 191, 191
2010,14211010,211,CH4 ,10PPBC, 4,16, 187, 186, 186, 186, 186, 187, 186, 187, 186, 187, 187, 187, 187, 187, 187, 186, 184, 187, 187, 188, 188, 189, 187, 187
2010,14211010,211,CH4 ,10PPBC, 4,17, 187, 186,9999, 186, 185, 185, 186, 186, 185, 185, 184, 185, 184, 185, 184, 184, 185, 184, 185, 185, 185, 188, 190, 189
2010,14211010,211,CH4 ,10PPBC, 4,18, 191, 190, 192, 192, 192, 193, 191, 192, 190, 187, 186, 185, 186, 187, 186, 186, 185, 185, 185, 187, 187, 187, 187, 190
2010,14211010,211,CH4 ,10PPBC, 4,19, 189, 193, 192, 192, 192, 195, 196, 192, 189, 188, 187, 186, 185, 186, 186, 187, 187, 186, 186, 186, 186, 186, 186, 186
2010,14211010,211,CH4 ,10PPBC, 4,20, 185, 184, 185, 185, 185, 184, 182, 183, 182, 181, 181, 181, 180, 180, 179, 180, 181, 180, 181, 183, 185, 184, 185, 187
2010,14211010,211,CH4 ,10PPBC, 4,21, 189, 183, 184, 188, 188, 195, 194, 190, 183, 180, 181, 180, 181, 180, 180, 180, 180, 181, 180, 183, 182, 181, 181, 183
2010,14211010,211,CH4 ,10PPBC, 4,22, 185, 185, 185, 187, 188, 187, 187, 187, 187, 188,9999,9999,9999, 188, 188, 188, 189, 188, 187, 188, 193, 191, 188, 189
2010,14211010,211,CH4 ,10PPBC, 4,23, 185, 185, 186, 187, 187, 187, 188, 187, 187, 186, 185, 184, 184, 184, 185, 184, 185, 186, 186, 187, 187, 186, 184, 185
2010,14211010,211,CH4 ,10PPBC, 4,24, 186, 188, 189, 189, 189, 189, 188, 189, 187, 186, 186, 186, 186, 186, 186, 186, 187, 188, 189, 189, 189, 187, 188, 189
2010,14211010,211,CH4 ,10PPBC, 4,25, 188, 193, 196, 191, 195, 193, 193, 189, 188, 188, 188, 188, 188, 188, 187, 188, 186, 186, 186, 186, 187, 187, 188, 190
2010,14211010,211,CH4 ,10PPBC, 4,26, 190, 191, 190, 192, 192, 194, 194, 194, 189, 188, 187, 187, 187, 189, 190, 188, 188, 187, 188, 188, 189, 188, 189, 191
2010,14211010,211,CH4 ,10PPBC, 4,27, 190, 190, 189, 191, 190, 191, 189, 190, 190, 188, 190, 190, 190, 188, 186, 186, 186, 187, 188, 186, 186, 186, 185, 185
2010,14211010,211,CH4 ,10PPBC, 4,28, 184, 183, 184, 183, 183, 183, 183, 188, 188, 188, 188, 187, 186, 186, 184, 185, 184, 185, 186, 187, 190, 186, 185, 184
2010,14211010,211,CH4 ,10PPBC, 4,29, 185, 186, 186, 183, 183, 184, 188, 182, 183, 181, 181, 181, 181, 181, 182, 182, 183, 184, 184, 186, 185, 185, 185, 186
2010,14211010,211,CH4 ,10PPBC, 4,30, 188, 191, 191, 191, 195, 192, 188, 185, 184, 185,9999,9999,9999, 185, 186, 185, 184, 185, 185, 185, 187, 188, 190, 190
2010,14211010,211,CH4 ,10PPBC, 4,31,9998,9998,9998,9998,9998,9998,9998,9998,9998,9998,9998,9998,9998,9998,9998,9998,9998,9998,9998,9998,9998,9998,9998,9998
2010,14211010,211,CH4 ,10PPBC, 5, 1, 188, 188, 189, 191, 193, 192, 191, 187, 188, 187, 187, 186, 186, 186, 185, 186, 185, 185, 187, 186, 186, 187, 187, 190
2010,14211010,211,CH4 ,10PPBC, 5, 2, 189, 192, 191, 192, 194, 192, 190, 190, 188, 188, 187, 188, 187, 186, 188, 188, 187, 186, 186, 186, 189, 187, 194, 195
2010,14211010,211,CH4 ,10PPBC, 5, 3, 191, 192, 192, 192, 192, 192, 190, 193, 189, 187, 188, 187, 188, 186, 186, 185, 185, 185, 185, 185, 185, 185, 184, 185
2010,14211010,211,CH4 ,10PPBC, 5, 4, 184, 186, 186, 187, 188, 191, 188, 188, 201, 187, 185, 184, 183, 184, 184, 185, 185, 185, 191, 187, 188, 192, 193, 191
2010,14211010,211,CH4 ,10PPBC, 5, 5, 190, 191, 192, 188, 193, 193, 189, 189, 188, 186, 184, 185, 186, 184, 184, 184, 183, 184, 183, 182, 183, 183, 187, 184
2010,14211010,211,CH4 ,10PPBC, 5, 6, 181, 181, 181, 181, 182, 181, 181, 180, 180, 180, 180, 180, 180, 180, 179, 180, 184, 199, 183, 178, 178, 178, 179, 179
2010,14211010,211,CH4 ,10PPBC, 5, 7, 179, 181, 178, 178, 178, 180, 180, 179, 177, 177, 177, 177, 177, 176, 176, 177, 175, 175, 177, 175, 177, 179, 177, 179
2010,14211010,211,CH4 ,10PPBC, 5, 8, 181, 181, 178, 178, 177, 178, 180, 179, 180, 179, 179, 182, 183, 182, 183, 183, 182, 182, 182, 182, 183, 183, 182, 184
2010,14211010,211,CH4 ,10PPBC, 5, 9, 187, 186, 184, 188, 187, 187, 187, 183, 184, 185, 184, 184, 186, 187, 186, 187, 186, 187, 191, 189, 186,9999,9999,9999
2010,14211010,211,CH4 ,10PPBC, 5,10,9999,9999,9999,9999,9999,9999,9999,9999,9999,9999,9999,9999,9999,9999,9999,9999, 186, 186, 188, 191, 186, 186, 187, 186
2010,14211010,211,CH4 ,10PPBC, 5,11, 186, 185, 187, 184, 185, 185, 187, 186, 183, 182, 182,9999, 182, 181, 182, 182, 182, 183, 183, 183, 183, 182, 183, 187
2010,14211010,211,CH4 ,10PPBC, 5,12, 186, 186, 186, 184, 184, 185, 185, 185, 184, 182, 182, 181, 182, 182, 181, 182, 183, 184, 184, 188, 186, 190, 190, 188
2010,14211010,211,CH4 ,10PPBC, 5,13, 193, 192, 191, 190, 194, 193, 190, 189, 187, 185, 183, 184, 183, 184, 184, 184, 185, 186, 185, 185, 185, 185, 184, 185
2010,14211010,211,CH4 ,10PPBC, 5,14, 185, 185, 185, 188, 184, 184, 184, 189, 185, 184, 183, 183, 184, 186, 186, 185, 185, 185, 185, 187, 187, 186, 188, 187
2010,14211010,211,CH4 ,10PPBC, 5,15, 186, 188, 189, 188, 190, 187, 187, 185, 184, 184, 184, 185, 185, 185, 185, 185, 186, 185, 185, 184, 184, 184, 184, 184
2010,14211010,211,CH4 ,10PPBC, 5,16, 185, 185, 186, 186, 187, 187, 183, 184, 183, 183, 183, 183, 182, 181, 182, 182, 182, 183, 182, 183, 183, 184, 187, 187
2010,14211010,211,CH4 ,10PPBC, 5,17, 188, 188, 191, 190, 190, 191, 188, 186, 185, 185, 185, 185, 185, 184, 183, 183, 184, 183, 183, 184, 184, 183, 183, 183
2010,14211010,211,CH4 ,10PPBC, 5,18, 184, 184, 187, 185, 186, 184, 183, 183, 182, 182, 182, 182, 182, 182, 182, 182, 182, 181, 182, 182, 182, 182, 182, 182
2010,14211010,211,CH4 ,10PPBC, 5,19, 183, 182, 183, 182, 181,9999, 181, 181, 181, 181, 181, 180, 181, 180, 180, 180, 180, 179, 179, 179, 180, 179, 180, 180
2010,14211010,211,CH4 ,10PPBC, 5,20, 180, 179, 179, 179, 178, 179, 180, 178, 179, 178, 179, 178, 178, 179, 180, 180, 181, 181, 182, 182, 183, 185, 187, 185
2010,14211010,211,CH4 ,10PPBC, 5,21, 183, 183, 187, 188, 189, 189, 187, 183, 182, 183,9999,9999,9999, 186, 186, 186, 186, 185, 186, 186, 187, 189, 192, 192
2010,14211010,211,CH4 ,10PPBC, 5,22, 192, 191, 190, 194, 197, 190, 189, 189, 188, 188, 189, 190, 190, 191, 191, 189, 187, 186, 187, 188, 188, 187, 186, 187
2010,14211010,211,CH4 ,10PPBC, 5,23, 187, 188, 190, 191, 190, 188, 187, 187, 187, 185, 185, 184, 186, 187, 186, 186, 185, 184, 185, 185, 185, 186, 184, 184
2010,14211010,211,CH4 ,10PPBC, 5,24, 184, 184, 184, 186, 184, 185, 185, 185, 186, 186, 187, 185, 186, 185, 184, 184, 184, 186, 188, 187, 188, 185, 181, 181
2010,14211010,211,CH4 ,10PPBC, 5,25, 182, 185, 183, 180, 182, 183, 184, 183, 183, 183, 183, 183, 184, 184, 184, 183, 184, 185, 185, 187, 184, 183, 183, 183
2010,14211010,211,CH4 ,10PPBC, 5,26, 183, 184, 185, 194, 195, 191, 188, 187, 186, 185, 185, 183, 184, 184,9999, 185, 184, 183, 184, 191, 193, 189, 185, 183
2010,14211010,211,CH4 ,10PPBC, 5,27, 182, 184, 185, 184, 185, 185, 185, 185, 185, 185, 185, 183, 184, 186, 183, 183, 184, 182, 189, 187, 186, 186, 188, 184
2010,14211010,211,CH4 ,10PPBC, 5,28, 188, 186, 186, 186, 188, 191, 187, 186, 186, 186,9999,9999, 184, 185, 186, 184,9999, 185, 183, 184, 187, 183, 184, 184
2010,14211010,211,CH4 ,10PPBC, 5,29, 184, 184, 184, 184, 183, 185, 186, 184, 184, 184, 185, 185, 185, 186, 186, 187, 186, 186, 186, 187, 186, 186, 185, 185
2010,14211010,211,CH4 ,10PPBC, 5,30, 185, 184, 185, 185, 184, 183, 183, 183, 183, 183, 183, 183, 183, 184, 184, 185, 184, 185, 185, 186, 186, 186, 186, 185
2010,14211010,211,CH4 ,10PPBC, 5,31, 187, 186, 188, 186, 186, 186, 187, 188, 187, 187, 186, 192, 192, 190, 187, 184, 184, 184, 184, 187, 186, 186, 185, 189
2010,14211010,211,CH4 ,10PPBC, 6, 1, 193, 188, 186, 190, 188, 190, 191, 188, 187, 187, 187, 187,9999, 188, 187, 188, 187, 185, 185, 184, 187, 189, 187, 189
2010,14211010,211,CH4 ,10PPBC, 6, 2, 188, 189, 192, 191, 194, 196, 192, 189, 191, 194, 196, 190, 188, 189, 189, 188, 187, 185, 185, 186, 190, 191, 187, 192
2010,14211010,211,CH4 ,10PPBC, 6, 3, 189, 190, 199, 191, 205, 192, 188, 187, 186, 186, 185, 185, 185, 185, 184, 184, 184, 183, 183, 183, 185, 187, 191, 196
2010,14211010,211,CH4 ,10PPBC, 6, 4, 187, 188, 194, 195, 197, 196, 191, 186, 185, 186, 184, 184,9999,9999,9999, 182, 182, 182, 182, 182, 182, 182, 184, 184
2010,14211010,211,CH4 ,10PPBC, 6, 5, 183, 184, 185, 188, 187, 185, 184, 184, 181, 181, 182, 183, 184, 184, 187, 187, 187, 188, 186, 186, 185, 184, 185, 186
2010,14211010,211,CH4 ,10PPBC, 6, 6, 186, 189, 189, 191, 190, 190, 188, 189, 188, 186, 187, 186, 186, 185, 185, 184, 184, 183, 183, 182, 184, 185, 184, 188
2010,14211010,211,CH4 ,10PPBC, 6, 7, 185, 187, 188, 191, 189, 193, 190, 187, 185, 186, 188, 187, 186, 185, 183, 183, 182, 183, 185, 183, 183, 183, 184, 185
2010,14211010,211,CH4 ,10PPBC, 6, 8, 189, 187, 185, 185, 188, 186, 185, 183, 183, 182, 184, 186, 185, 186, 187, 188, 188, 189, 190, 188, 185, 186, 185, 183
2010,14211010,211,CH4 ,10PPBC, 6, 9, 183, 185, 184, 183, 183, 183, 186, 191, 187, 186, 184, 181, 181, 182, 182, 189, 188, 191, 194, 192, 193, 195, 194, 193
2010,14211010,211,CH4 ,10PPBC, 6,10, 199, 199, 194, 190, 190, 194, 191, 186, 185, 185,9999, 186, 186, 187, 187, 186, 183, 184, 182, 181, 180, 181, 186, 183
2010,14211010,211,CH4 ,10PPBC, 6,11, 183, 182, 186, 189, 189, 193, 186, 186, 187, 187, 185, 186, 186, 185, 183, 182, 183, 182, 182, 183, 188, 190, 190, 181
2010,14211010,211,CH4 ,10PPBC, 6,12, 181, 181, 182, 181, 183, 184, 185, 183, 182, 183, 183, 182, 181, 181, 182, 181, 180, 180, 180, 180, 180, 179, 180, 180
2010,14211010,211,CH4 ,10PPBC, 6,13, 180, 180, 180, 181, 181, 181, 182, 186, 184, 181, 182, 180, 180, 180, 181, 180, 181, 181, 181, 182, 182, 181, 182, 182
2010,14211010,211,CH4 ,10PPBC, 6,14, 181, 181, 183, 181, 181, 182, 181, 182, 182, 182, 183, 182, 183, 182, 183, 183, 184, 187, 191, 186, 186, 186, 190, 186
2010,14211010,211,CH4 ,10PPBC, 6,15, 192, 192, 189, 187, 188, 184, 183, 182, 183, 182, 182, 182, 182, 182, 182, 183, 182, 183, 187, 190, 186, 185, 184, 182
2010,14211010,211,CH4 ,10PPBC, 6,16, 183, 183, 184, 183, 183, 186, 184, 184, 183, 174, 173, 173, 175, 180, 180, 180, 181, 182, 182, 183, 187, 186, 185, 191
2010,14211010,211,CH4 ,10PPBC, 6,17, 194, 189, 190, 195, 189, 194, 187, 184, 183, 183, 184, 184, 186, 187, 186, 184, 184, 184, 181, 181, 181, 180, 181, 183
2010,14211010,211,CH4 ,10PPBC, 6,18, 180, 189, 189, 187, 189, 190, 186, 184, 183,9999,9999,9999, 187, 180, 175, 176, 177, 179, 179, 181, 182, 182, 182, 183
2010,14211010,211,CH4 ,10PPBC, 6,19, 184, 183, 184, 184, 177, 175, 175, 181, 184, 184, 184, 177, 174, 177, 180, 181, 179, 179, 179, 179, 179, 178, 174, 173
2010,14211010,211,CH4 ,10PPBC, 6,20,9999,9999,9999,9999,9999, 188, 185, 187, 186, 173, 174, 175, 175, 175, 175, 177, 175, 174, 175, 177, 175, 174, 174, 173
2010,14211010,211,CH4 ,10PPBC, 6,21, 174, 174, 173, 176, 175, 174, 174, 179, 174, 173, 174, 174, 172, 173, 174, 173, 173, 175, 176, 176, 177, 176, 181, 185
2010,14211010,211,CH4 ,10PPBC, 6,22, 179, 177, 176, 179, 183, 183, 179, 176, 177, 178,9999,9999,9999, 175, 176, 178, 175, 178, 178, 177, 177, 177, 178, 180
2010,14211010,211,CH4 ,10PPBC, 6,23, 179, 179, 178, 179, 181, 180, 177, 176, 174, 174, 172, 172, 172, 173, 173, 174, 172, 173, 173, 174, 177, 179, 179, 187
2010,14211010,211,CH4 ,10PPBC, 6,24, 181, 185, 189, 185, 185, 188, 190, 189, 186, 185, 185, 185, 187, 186, 187, 187, 190, 191, 192, 192, 189, 190, 198, 196
2010,14211010,211,CH4 ,10PPBC, 6,25, 193, 201, 199, 201, 201, 200, 194, 191, 190, 189, 189, 189, 189, 188, 190, 188, 187, 188, 189, 187, 186, 185, 188, 185
2010,14211010,211,CH4 ,10PPBC, 6,26, 185, 188, 193, 191, 187, 185, 185, 180, 179, 179, 178, 179, 177, 175, 178, 178, 178, 176, 176, 176, 176, 176, 177, 177
2010,14211010,211,CH4 ,10PPBC, 6,27, 176, 176, 176, 175, 175, 176, 177, 175, 176, 174, 173, 174, 174, 173, 173, 174, 173, 174, 174, 174, 174, 174, 178, 180
2010,14211010,211,CH4 ,10PPBC, 6,28, 175, 181, 181, 178, 179, 177, 177, 178, 177, 178, 176, 179, 180, 180, 181, 180, 183, 187, 185, 188, 186, 187, 185, 182
2010,14211010,211,CH4 ,10PPBC, 6,29, 183, 186, 191, 197, 194, 191, 192, 195, 191, 188, 186, 184, 189, 187, 187, 187, 185, 187, 184, 187, 179, 177, 178, 180
2010,14211010,211,CH4 ,10PPBC, 6,30, 183, 182, 184, 183, 185, 183, 181, 181, 184, 183, 180, 179, 181, 181, 180, 181, 179, 179, 180, 180, 181, 187, 183, 191
2010,14211010,211,CH4 ,10PPBC, 6,31,9998,9998,9998,9998,9998,9998,9998,9998,9998,9998,9998,9998,9998,9998,9998,9998,9998,9998,9998,9998,9998,9998,9998,9998
2010,14211010,211,CH4 ,10PPBC, 7, 1, 194, 185, 190, 187, 189, 193, 185, 185, 187, 185, 184, 181, 181,9999,9999, 174, 175, 175, 178, 178, 179, 182, 184, 183
2010,14211010,211,CH4 ,10PPBC, 7, 2, 191, 192, 191, 190, 193, 192, 184, 186, 189, 188, 188, 182, 180, 177, 177, 177, 176, 178, 178, 179, 178, 180, 183, 182
2010,14211010,211,CH4 ,10PPBC, 7, 3, 187, 182, 186, 190, 187, 190, 185, 184, 185, 185, 185, 186, 188, 182, 177, 178, 177, 177, 178, 176, 177, 178, 179, 181
2010,14211010,211,CH4 ,10PPBC, 7, 4, 182, 178, 177, 177, 180, 181, 179, 176, 178, 179, 180, 181, 180, 180, 180, 181, 180, 180, 181, 182, 183, 182, 183, 186
2010,14211010,211,CH4 ,10PPBC, 7, 5, 182, 187, 185, 190, 193, 191, 186, 191, 193, 192, 191, 188, 189, 189, 184, 184, 184, 182, 184, 186, 184, 185, 189, 188
2010,14211010,211,CH4 ,10PPBC, 7, 6, 187, 190, 189, 193, 193, 191, 191, 188, 188, 188, 185, 187, 184, 185, 184, 185, 184, 186, 186, 189, 190, 191, 191, 190
2010,14211010,211,CH4 ,10PPBC, 7, 7, 190, 189, 190, 190, 191, 195, 193, 191, 188, 188, 189, 190, 194, 194, 191, 191, 188, 189, 187, 185, 186, 185, 186, 187
2010,14211010,211,CH4 ,10PPBC, 7, 8, 187, 185, 184, 191, 191, 190, 187, 188, 187, 185, 184, 182, 184, 187, 187, 187, 188, 188, 188, 188, 187, 189, 187, 160
2010,14211010,211,CH4 ,10PPBC, 7, 9, 191, 193, 190, 189, 192, 191, 188, 194, 188, 188, 187,9999,9999, 180, 178, 178, 178, 178, 176, 177, 175, 173, 173, 174
2010,14211010,211,CH4 ,10PPBC, 7,10, 176, 176, 177, 177, 178, 178, 177, 177, 178, 178, 177, 179, 179, 179, 179, 180, 181, 182, 183, 182, 182, 181, 182, 188
2010,14211010,211,CH4 ,10PPBC, 7,11, 188, 189, 191, 187, 191, 193, 190, 191, 188, 188, 186, 182, 181, 180, 178, 178, 176, 172, 171, 170, 171, 171, 170, 170
2010,14211010,211,CH4 ,10PPBC, 7,12, 170, 170, 170, 170, 170, 170, 170, 170, 170, 170, 170, 170, 170, 170, 170, 169, 170, 171, 171, 172, 173, 171, 171, 172
2010,14211010,211,CH4 ,10PPBC, 7,13, 172, 174, 172, 175, 176, 180, 185, 186, 190, 190, 190, 192, 187, 187, 187, 182, 182, 187, 187, 188, 187, 188, 189, 189
2010,14211010,211,CH4 ,10PPBC, 7,14, 192, 191, 191, 191, 190, 191, 185, 178, 177, 176, 175, 172, 172, 172, 172, 172, 173, 175, 174, 173, 173, 173, 173, 174
2010,14211010,211,CH4 ,10PPBC, 7,15, 172, 172, 173, 175, 174, 173, 178, 178, 172, 172, 173, 172, 173, 173, 173, 173, 173, 172, 172, 173, 173, 174, 173, 175
2010,14211010,211,CH4 ,10PPBC, 7,16, 174, 174, 176, 177, 184, 183, 183, 178, 176,9999,9999,9999, 174, 174, 176, 173, 173, 174, 174, 173, 174, 174, 174, 173
2010,14211010,211,CH4 ,10PPBC, 7,17, 173, 174, 175, 176, 177, 181, 181, 179, 176, 174, 174, 174, 174, 175, 174, 173, 174, 174, 175, 175, 175, 175, 175, 179
2010,14211010,211,CH4 ,10PPBC, 7,18, 184, 180, 180, 186, 178, 176, 175, 175, 175, 176, 174, 175, 174, 173, 174, 174, 175, 175, 174, 174, 174, 174, 174, 174
2010,14211010,211,CH4 ,10PPBC, 7,19, 174, 174, 175, 175, 175, 175, 174, 174, 174, 174, 174, 174, 174, 174, 174, 173, 173, 174, 173, 174, 174, 174, 174, 179
2010,14211010,211,CH4 ,10PPBC, 7,20, 179, 179, 180, 178, 180, 185, 185, 180, 179, 177, 177, 176, 175, 176, 174, 176, 176, 176, 176, 175, 175, 176, 178, 177
2010,14211010,211,CH4 ,10PPBC, 7,21, 177, 180, 184, 187, 187, 188, 181, 177, 178, 177, 177, 177, 178, 185, 183, 182, 184, 180, 178, 180, 180, 180, 181, 179
2010,14211010,211,CH4 ,10PPBC, 7,22, 183, 189, 191, 190, 188, 190, 187, 184, 186, 181,9999,9999, 178, 178, 179, 176, 177, 178, 176, 175, 175, 176, 177, 179
2010,14211010,211,CH4 ,10PPBC, 7,23, 179, 180, 181, 182, 183, 182, 180, 178, 180, 180, 181, 184, 183, 183, 183, 181, 179, 178, 174, 174, 179, 179, 183, 182
2010,14211010,211,CH4 ,10PPBC, 7,24, 177, 183, 180, 181, 181, 180, 182, 180, 178, 179, 187, 179, 180, 181, 180, 179, 178, 175, 176, 177, 177, 176, 180, 180
2010,14211010,211,CH4 ,10PPBC, 7,25, 176, 176, 179, 179, 180, 179, 178, 178, 177, 176, 176, 178, 176, 175, 175, 174, 175, 179, 180, 175, 175, 177, 176, 178
2010,14211010,211,CH4 ,10PPBC, 7,26, 178, 178, 180, 183, 184, 183, 183, 179, 180, 178, 181, 179, 178, 176, 176, 179, 175, 177, 178, 177, 176, 176, 178, 179
2010,14211010,211,CH4 ,10PPBC, 7,27, 182, 184, 183, 180, 185, 182, 175, 174, 175, 174, 173, 174, 174, 173, 173, 173, 173, 173, 173, 173, 173, 174, 173, 173
2010,14211010,211,CH4 ,10PPBC, 7,28, 173, 173, 173, 173, 173, 173, 173, 172, 173, 173, 173, 174, 173, 174, 173, 173, 173, 174, 174, 174, 174, 175, 175, 175
2010,14211010,211,CH4 ,10PPBC, 7,29, 175, 175, 176, 176, 176, 175, 175, 174, 173, 173, 173, 173, 173, 172, 172, 171, 171, 171, 171, 172, 172, 171, 170, 170
2010,14211010,211,CH4 ,10PPBC, 7,30, 170, 170, 169, 170, 170, 170, 170, 171, 170, 170,9999,9999,9999, 173, 173, 173, 173, 172, 173, 173, 174, 175, 176, 175
2010,14211010,211,CH4 ,10PPBC, 7,31, 176, 176, 178, 181, 181, 182, 180, 177, 177, 176, 177, 178, 176, 175, 174, 175, 175, 175, 177, 180, 178, 177, 177, 182
2010,14211010,211,CH4 ,10PPBC, 8, 1, 181, 180, 187, 179, 182, 185, 185, 182, 184, 181, 180, 179, 177, 177, 178, 179, 179, 180, 182, 183, 177, 176, 176, 180
2010,14211010,211,CH4 ,10PPBC, 8, 2, 180, 181, 180, 182, 181, 176, 180, 178, 174, 173, 173, 173, 180, 176, 172, 173, 174, 174, 172, 173, 173, 175, 174, 174
2010,14211010,211,CH4 ,10PPBC, 8, 3, 176, 176, 176, 176, 175, 174, 176, 175, 173, 172, 172, 173, 173, 172, 173, 172, 173, 173, 174, 172, 172, 173, 174, 174
2010,14211010,211,CH4 ,10PPBC, 8, 4, 175, 175, 178, 175, 178, 179, 178, 176, 175, 174, 174, 173, 173, 173, 172, 173, 173, 173, 173, 174, 174, 174, 174, 173
2010,14211010,211,CH4 ,10PPBC, 8, 5, 174, 174, 174, 175, 178, 180, 173, 174, 175, 176, 174, 173, 174, 173, 173, 173, 173, 175, 174, 173, 175, 174, 174, 174
2010,14211010,211,CH4 ,10PPBC, 8, 6, 173, 174, 173, 174, 182, 180, 177, 177, 175, 176,9999,9999,9999, 172, 172, 172, 172, 173, 173, 174, 173, 174, 175, 174
2010,14211010,211,CH4 ,10PPBC, 8, 7, 175, 174, 174, 176, 176, 179, 177, 178, 175, 175, 176, 176, 176, 176, 176, 176, 175, 176, 174, 175, 177, 176, 176, 175
2010,14211010,211,CH4 ,10PPBC, 8, 8, 177, 181, 184, 182, 181, 178, 180, 176, 174, 174, 174, 175, 174, 172, 172, 173, 171, 172, 172, 171, 172, 172, 173, 171
2010,14211010,211,CH4 ,10PPBC, 8, 9, 171, 171, 172, 173, 173, 173, 174, 176, 173, 173, 172, 172, 171, 170, 171, 170, 171, 171, 171, 171, 171, 171, 171, 173
2010,14211010,211,CH4 ,10PPBC, 8,10, 176, 175, 172, 172, 173, 172, 173, 173, 172, 171, 171, 170, 172, 170, 170, 171, 171, 169, 171, 172, 172, 174, 173, 173
2010,14211010,211,CH4 ,10PPBC, 8,11, 172, 172, 172, 172, 173, 174, 177, 171, 170, 170, 169, 170, 169, 169, 169, 169, 169, 169, 169, 169, 170, 169, 169, 169
2010,14211010,211,CH4 ,10PPBC, 8,12, 170, 169, 169, 169, 168, 169, 168, 169, 170,9999,9999,9999, 173, 175, 174, 174, 173, 173, 174, 173, 174, 175, 175, 175
2010,14211010,211,CH4 ,10PPBC, 8,13, 176, 176, 177, 176, 179, 180, 180, 182, 180, 178, 176, 178, 180, 181, 184, 179, 181, 183, 182, 181, 181, 181, 180, 183
2010,14211010,211,CH4 ,10PPBC, 8,14, 185, 188, 186, 184, 182, 181, 179, 176, 175, 184, 177, 176, 177, 176, 177, 177, 177, 176, 177, 176, 176, 177, 177, 177
2010,14211010,211,CH4 ,10PPBC, 8,15, 178, 178, 178, 178, 178, 179, 178, 178, 178, 178, 177, 177, 177, 176, 175, 173, 173, 172, 172, 173, 173, 174, 174, 173
2010,14211010,211,CH4 ,10PPBC, 8,16, 174, 175, 179, 182, 187, 183, 181, 180, 181, 181, 181, 183, 181, 180, 178, 180, 179, 180, 180, 181, 181, 181, 185, 186
2010,14211010,211,CH4 ,10PPBC, 8,17, 186, 186, 185, 185, 189, 185, 186, 184, 181, 185, 183, 185, 184, 190, 188, 187, 189, 178, 176, 176, 179, 180, 181, 184
2010,14211010,211,CH4 ,10PPBC, 8,18, 184, 185, 185, 188, 190, 190, 188, 183, 181, 181, 181, 182, 182, 182, 183, 182, 182, 182, 183, 185, 180, 180, 181, 182
2010,14211010,211,CH4 ,10PPBC, 8,19, 184, 184, 184, 188, 186, 183, 183, 183, 183, 183, 183, 183, 183, 185, 184, 185, 186, 186, 185, 186, 186, 186, 185, 184
2010,14211010,211,CH4 ,10PPBC, 8,20, 185, 188, 194, 188, 188, 190, 189, 190, 190, 190, 189,9999,9999,9999, 186, 191, 191, 188, 184, 183, 183, 182, 183, 183
2010,14211010,211,CH4 ,10PPBC, 8,21, 182, 184, 187, 185, 188, 190, 186, 186, 185, 186, 187, 187, 186, 186, 186, 183, 183, 183, 182, 182, 185, 185, 186, 186
2010,14211010,211,CH4 ,10PPBC, 8,22, 186, 185, 191, 194, 192, 189, 189, 185, 184, 181, 182, 181, 179, 179, 179, 179, 178, 180, 178, 180, 182, 181, 183, 182
2010,14211010,211,CH4 ,10PPBC, 8,23, 183, 182, 180, 183, 186, 186, 184, 182, 180, 182, 181, 180, 179, 179, 178, 178, 178, 179, 180, 177, 177, 178, 177, 178
2010,14211010,211,CH4 ,10PPBC, 8,24, 177, 182, 181, 182, 184, 186, 183, 180, 177, 177, 180, 178, 178, 177, 178, 178, 180, 178, 178, 178, 177, 178, 177, 178
2010,14211010,211,CH4 ,10PPBC, 8,25, 177, 177, 177, 178, 184, 183, 183, 177, 178, 178, 179, 177, 178, 177, 178, 178, 177, 176, 176, 176, 176, 176, 177, 178
2010,14211010,211,CH4 ,10PPBC, 8,26, 180, 179, 177, 177, 178, 180, 179, 178, 177, 177, 178, 178, 178, 178, 177, 177, 177, 177, 178, 179, 178, 179, 180, 182
2010,14211010,211,CH4 ,10PPBC, 8,27, 182, 182, 186, 184, 183, 183, 182, 183, 184, 182,9999,9999, 180, 177, 176, 174, 173, 173, 172, 175, 175, 174, 175, 179
2010,14211010,211,CH4 ,10PPBC, 8,28, 179, 181, 182, 179, 180, 178, 178, 177, 177, 176, 174, 173, 171, 171, 171, 172, 173, 172, 173, 172, 173, 173, 174, 176
2010,14211010,211,CH4 ,10PPBC, 8,29, 178, 176, 178, 184, 181, 181, 180, 176, 174, 174, 174, 174, 174, 172, 173, 173, 172, 174, 172, 173, 174, 176, 178, 180
2010,14211010,211,CH4 ,10PPBC, 8,30, 178, 179, 180, 182, 183, 181, 179, 178, 178, 176, 177, 176, 176, 178, 178, 177, 178, 173, 174, 174, 175, 176, 176, 177
2010,14211010,211,CH4 ,10PPBC, 8,31, 177, 179, 179, 182, 180, 181, 179, 176, 178, 181, 183, 183, 182, 175, 174, 172, 174, 178, 176, 177, 173, 174, 173, 175
2010,14211010,211,CH4 ,10PPBC, 9, 1, 176, 176, 175, 176, 176, 176, 175, 175, 174, 174, 174, 174, 172, 172, 171, 171, 172, 173, 173, 173, 174, 173, 174, 175
2010,14211010,211,CH4 ,10PPBC, 9, 2, 175, 177, 177, 179, 176, 177, 177, 177, 177, 180, 179, 179, 178, 178, 177, 177, 177, 177, 177, 176, 177, 178, 178, 177
2010,14211010,211,CH4 ,10PPBC, 9, 3, 177, 177, 177, 177, 182, 185, 181, 180, 177,9999,9999,9999, 176, 179, 176, 177, 176, 177, 176, 177, 178, 179, 179, 180
2010,14211010,211,CH4 ,10PPBC, 9, 4, 181, 183, 184, 185, 185, 184, 182, 181, 179, 181, 178, 179, 181, 182, 181, 180, 177, 177, 178, 177, 177, 179, 177, 179
2010,14211010,211,CH4 ,10PPBC, 9, 5, 178, 181, 179, 178, 179, 182, 178, 180, 179, 178, 178, 177, 177, 177, 176, 176, 176, 176, 176, 177, 178, 178, 177, 176
2010,14211010,211,CH4 ,10PPBC, 9, 6, 175, 174, 175, 178, 180, 182, 181, 175, 175, 175, 175, 173, 171, 171, 172, 172, 172, 172, 171, 172, 172, 172, 172, 172
2010,14211010,211,CH4 ,10PPBC, 9, 7, 172, 174, 172, 171, 171, 172, 172, 171, 172, 171, 171, 171, 169, 170, 170, 170, 171, 171, 170, 171, 170, 171, 171, 170
2010,14211010,211,CH4 ,10PPBC, 9, 8, 171, 171, 172, 171, 177, 177, 180, 180, 178, 179, 180, 183, 182, 177, 178, 180, 177, 179, 179, 177, 176, 176, 176, 175
2010,14211010,211,CH4 ,10PPBC, 9, 9, 176, 177, 177, 178, 179, 180, 180, 180, 181, 180, 181, 180, 180, 180, 180, 180, 182, 182, 182, 185, 184, 185, 185, 186
2010,14211010,211,CH4 ,10PPBC, 9,10, 187, 187, 188, 190, 188, 192, 191, 195, 190, 189,9999,9999, 186, 184, 184, 185, 183, 183, 182, 183, 187, 187, 186, 186
2010,14211010,211,CH4 ,10PPBC, 9,11, 187, 187, 190, 190, 189, 191, 189, 185, 181, 182, 181, 181, 181, 180, 180, 180, 181, 181, 182, 181, 183, 183, 186, 183
2010,14211010,211,CH4 ,10PPBC, 9,12, 183, 187, 191, 189, 189, 187, 189, 186, 182, 181, 183, 186, 187, 192, 191, 188, 186, 188, 183, 181, 180, 178, 178, 177
2010,14211010,211,CH4 ,10PPBC, 9,13, 177, 177, 179, 177, 177, 177, 177, 182, 185, 183, 184, 183, 181, 178, 177, 177, 178, 179, 180, 181, 181, 182, 183, 186
2010,14211010,211,CH4 ,10PPBC, 9,14, 183, 182, 182, 181, 182, 183, 182, 184, 186, 184, 182, 183, 182, 181, 181, 180, 181, 181, 179, 181, 180, 185, 185, 184
2010,14211010,211,CH4 ,10PPBC, 9,15, 184, 188, 184, 184, 183, 183, 183, 182, 182, 182, 182, 182, 182, 182, 182, 183, 184, 184, 185, 185, 185, 184, 184, 184
2010,14211010,211,CH4 ,10PPBC, 9,16, 182, 183, 182, 181, 181, 181, 180, 181, 181, 181, 181, 181, 180, 180, 180, 181, 182, 183, 184, 184, 182, 185, 188, 189
2010,14211010,211,CH4 ,10PPBC, 9,17, 184, 185, 184, 182, 182, 184, 183, 183, 180, 184,9999,9999, 182, 181, 180, 182, 181, 181, 183, 188, 184, 186, 189, 186
2010,14211010,211,CH4 ,10PPBC, 9,18, 185, 185, 188, 190, 190, 191, 190, 187, 183, 181, 180, 182, 183, 185, 185, 184, 181, 182, 183, 183, 184, 182, 184, 184
2010,14211010,211,CH4 ,10PPBC, 9,19, 183, 183, 185, 183, 187, 187, 187, 182, 183, 183, 184, 183, 182, 180, 178, 178, 179, 179, 181, 180, 183, 186, 187, 183
2010,14211010,211,CH4 ,10PPBC, 9,20, 188, 186, 184, 186, 184, 187, 187, 185, 185, 185, 186, 187, 185, 185, 186, 186, 182, 183, 186, 187, 187, 187, 191, 187
2010,14211010,211,CH4 ,10PPBC, 9,21, 188, 189, 189, 187, 192, 190, 189, 188, 186, 186, 185, 184, 186, 186, 185, 186, 185, 185, 184, 185, 188, 190, 187, 184
2010,14211010,211,CH4 ,10PPBC, 9,22, 183, 184, 184, 187, 186, 186, 188, 185, 182, 181, 182, 183, 181, 179, 178, 175, 174, 175, 174, 174, 174, 175, 179, 185
2010,14211010,211,CH4 ,10PPBC, 9,23, 187, 186, 186, 185, 185, 185, 184, 184, 184, 184, 179, 182, 181, 180, 181, 181, 181, 182, 181, 181, 182, 182, 183, 182
2010,14211010,211,CH4 ,10PPBC, 9,24, 183, 182, 183, 182, 180, 181, 182, 182, 181, 182, 182,9999,9999,9999, 183, 182, 183, 184, 183, 183, 184, 183, 183, 183
2010,14211010,211,CH4 ,10PPBC, 9,25, 183, 182, 182, 183, 182, 182, 182, 182, 182, 181, 182, 181, 182, 181, 181, 183, 183, 183, 187, 190, 187, 194, 192, 192
2010,14211010,211,CH4 ,10PPBC, 9,26, 191, 191, 191, 191, 190, 191, 192, 188, 190, 188, 186, 187, 188, 191, 192, 191, 188, 188, 186, 186, 186, 186, 187, 186
2010,14211010,211,CH4 ,10PPBC, 9,27, 188, 186, 186, 186, 186, 186, 185, 185, 184, 184, 184, 185, 185, 183, 183, 184, 184, 183, 185, 185, 185, 185, 185, 184
2010,14211010,211,CH4 ,10PPBC, 9,28, 185, 187, 186, 187, 187, 188, 190, 190, 188, 188, 187, 186, 186, 183, 184, 183, 182, 184, 189, 188, 191, 192, 190, 190
2010,14211010,211,CH4 ,10PPBC, 9,29, 189, 191, 187, 188, 187, 184, 187, 186, 184, 185, 185, 184, 185, 185, 185, 188, 188, 188, 187, 190, 190, 189, 189, 189
2010,14211010,211,CH4 ,10PPBC, 9,30, 186, 187, 185, 186, 186, 186, 188, 188, 187, 187, 187, 189, 187,9999,9999, 187, 186, 188, 190, 190, 192, 196, 194, 194
2010,14211010,211,CH4 ,10PPBC, 9,31,9998,9998,9998,9998,9998,9998,9998,9998,9998,9998,9998,9998,9998,9998,9998,9998,9998,9998,9998,9998,9998,9998,9998,9998
2010,14211010,211,CH4 ,10PPBC,10, 1, 190, 189, 189, 188, 188, 190, 192, 190, 187, 186, 186, 186, 185, 185, 185, 185, 185, 186, 187, 186, 187, 190, 190, 189
2010,14211010,211,CH4 ,10PPBC,10, 2, 188, 189, 190, 195, 197, 192, 187, 187, 186, 185, 185, 185, 184, 184, 185, 184, 185, 186, 187, 187, 188, 189, 188, 189
2010,14211010,211,CH4 ,10PPBC,10, 3, 189, 188, 188, 188, 187, 187, 187, 186, 184, 183, 183, 183, 182, 183, 182, 183, 184, 187, 187, 186, 184, 188, 186, 184
2010,14211010,211,CH4 ,10PPBC,10, 4, 185, 186, 187, 187, 189, 188, 189, 190, 190, 186, 188, 188, 186, 186, 185,9999, 188, 189, 189, 189, 190, 193, 190, 192
2010,14211010,211,CH4 ,10PPBC,10, 5, 194, 193, 196, 187, 190, 187, 189, 187, 184, 183, 183, 184, 185, 185, 185, 185, 185, 185, 186, 185, 184, 185, 184, 185
2010,14211010,211,CH4 ,10PPBC,10, 6, 188, 191, 192, 193, 187, 188, 187, 185, 184, 182,9999,9999, 183, 184, 183, 184, 184, 186, 185, 185, 186, 187, 189, 192
2010,14211010,211,CH4 ,10PPBC,10, 7, 184, 185, 185, 185, 186, 187, 186,9999,9999, 184, 183, 184, 184, 184, 185, 185, 185, 184, 184, 185, 185, 186, 183, 183
2010,14211010,211,CH4 ,10PPBC,10, 8, 184, 182, 183, 183, 183, 183, 182, 183, 182, 183, 183, 183, 185, 184, 185, 183, 184, 187, 188, 190, 186, 185, 185, 184
2010,14211010,211,CH4 ,10PPBC,10, 9, 183, 182, 181,9999,9999,9999,9999,9999,9999,9999,9999,9999,9999,9999,9999,9999,9999,9999,9999,9999,9999,9999,9999,9999
2010,14211010,211,CH4 ,10PPBC,10,10,9999,9999,9999,9999,9999,9999,9999,9999,9999,9999,9999,9999,9999,9999,9999,9999,9999,9999,9999,9999,9999,9999,9999,9999
2010,14211010,211,CH4 ,10PPBC,10,11,9999,9999,9999,9999,9999,9999,9999,9999,9999,9999,9999,9999,9999,9999,9999,9999,9999,9999,9999,9999,9999,9999,9999,9999
2010,14211010,211,CH4 ,10PPBC,10,12,9999,9999,9999,9999,9999,9999,9999,9999,9999,9999,9999,9999,9999,9999,9999,9999,9999,9999,9999,9999,9999,9999,9999,9999
2010,14211010,211,CH4 ,10PPBC,10,13,9999,9999,9999,9999,9999,9999,9999,9999,9999,9999,9999,9999,9999,9999,9999,9999,9999,9999,9999,9999,9999,9999,9999,9999
2010,14211010,211,CH4 ,10PPBC,10,14,9999,9999,9999,9999,9999,9999,9999,9999,9999,9999,9999,9999,9999, 182, 182, 182, 182, 182, 184, 186, 187, 190, 187, 186
2010,14211010,211,CH4 ,10PPBC,10,15, 191, 190, 190, 189, 189, 188, 190, 189, 188, 184, 183, 183, 186, 185, 184, 184, 185, 185, 186, 188, 185, 186, 191, 192
2010,14211010,211,CH4 ,10PPBC,10,16, 194, 188, 190, 191, 189, 189, 192, 189, 185, 184, 182, 184, 184, 184, 185, 185, 184, 187, 188, 190, 188, 188, 192, 190
2010,14211010,211,CH4 ,10PPBC,10,17, 190, 192, 197, 196, 193, 192, 195, 196, 193, 188, 184, 183, 183, 184, 184, 185, 187, 184, 187, 189, 190, 196, 196, 194
2010,14211010,211,CH4 ,10PPBC,10,18, 194, 191, 192, 192, 193, 194, 198, 195, 190, 185, 184, 186, 188, 188, 189, 189, 189, 189, 191, 191, 189, 188, 190, 189
2010,14211010,211,CH4 ,10PPBC,10,19, 190, 189, 189, 186, 185,9999,9999,9999,9999,9999,9999,9999,9999,9999,9999,9999,9999, 182, 182, 180, 181, 181, 181, 182
2010,14211010,211,CH4 ,10PPBC,10,20, 181, 180,9999,9999,9999,9999,9999,9999,9999,9999,9999,9999,9999,9999,9999,9999,9999,9999,9999,9999,9999,9999,9999,9999
2010,14211010,211,CH4 ,10PPBC,10,21,9999,9999,9999,9999,9999,9999,9999,9999,9999,9999,9999,9999,9999,9999,9999,9999,9999,9999,9999,9999,9999,9999,9999,9999
2010,14211010,211,CH4 ,10PPBC,10,22,9999,9999,9999,9999,9999,9999,9999,9999,9999,9999,9999,9999,9999,9999,9999,9999,9999,9999,9999,9999,9999,9999,9999,9999
2010,14211010,211,CH4 ,10PPBC,10,23,9999,9999,9999,9999,9999,9999,9999,9999,9999,9999,9999,9999,9999,9999, 180, 181, 181, 181, 182, 182, 183, 183, 183, 186
2010,14211010,211,CH4 ,10PPBC,10,24, 187, 184, 189, 185, 190, 189, 189, 189, 185, 187, 183, 182, 182, 181, 182, 182, 183, 184, 183, 183, 184, 184, 183, 184
2010,14211010,211,CH4 ,10PPBC,10,25, 186, 185, 184, 184, 184, 183, 185, 184, 181, 182, 182, 179,9999,9999,9999,9999,9999,9999,9999,9999,9999,9999,9999,9999
2010,14211010,211,CH4 ,10PPBC,10,26,9999,9999,9999,9999,9999,9999,9999,9999,9999,9999,9999,9999,9999,9999,9999,9999, 187, 187, 187, 187, 187, 187, 187, 187
2010,14211010,211,CH4 ,10PPBC,10,27, 187, 187, 187, 187, 187, 187, 187, 188, 188, 187, 188, 187, 187, 187, 187, 187, 187, 187, 188, 190, 192, 191, 192, 190
2010,14211010,211,CH4 ,10PPBC,10,28, 189, 188, 187, 187, 187, 187, 186, 187, 186, 185, 185, 187, 189, 186, 186, 186, 186, 187, 186, 185, 185, 185, 185, 184
2010,14211010,211,CH4 ,10PPBC,10,29, 184, 185, 185, 188, 189, 190, 191, 191, 189, 187, 186, 188, 188, 188, 188, 188, 188, 188, 189, 187, 186, 187, 186, 187
2010,14211010,211,CH4 ,10PPBC,10,30, 186, 186, 185, 185, 185, 185, 185, 185, 185, 185, 186, 185, 185, 185, 184, 184, 184, 184, 183, 183, 183, 183, 183, 183
2010,14211010,211,CH4 ,10PPBC,10,31, 182, 182, 182, 183, 183, 182, 183, 182, 182, 181, 182, 182, 182, 182, 182, 183, 183, 183, 183, 183, 183, 183, 183, 184
2010,14211010,211,CH4 ,10PPBC,11, 1, 184, 185, 184, 184, 184, 182, 185, 185, 185, 184, 183, 183, 182, 181, 180, 180, 181, 182, 182, 182, 185, 184, 183, 183
2010,14211010,211,CH4 ,10PPBC,11, 2, 184, 186, 188, 185, 186, 184, 187, 187, 189, 187, 186, 182, 183, 182, 182, 183, 182, 183, 185, 184, 190, 187, 189, 192
2010,14211010,211,CH4 ,10PPBC,11, 3, 197, 190, 190, 193, 199, 195, 198, 194, 193, 189, 188, 187, 188, 187, 187, 187, 188, 189, 188, 188, 189, 192, 193, 192
2010,14211010,211,CH4 ,10PPBC,11, 4, 190, 193, 197, 195, 192, 195, 194, 193, 193, 190,9999,9999, 185, 185, 185, 186, 187, 188, 189, 189, 197, 196, 198, 199
2010,14211010,211,CH4 ,10PPBC,11, 5, 198, 195, 196, 197, 190, 190, 195, 194, 190, 187, 185, 184, 185, 183, 183, 183, 184, 184, 185, 185, 185, 187, 194, 195
2010,14211010,211,CH4 ,10PPBC,11, 6, 192, 190, 191, 193, 193, 193, 193, 193, 190, 188, 187, 185, 183, 183, 184, 185, 185, 188, 187, 188, 196, 198, 194, 193
2010,14211010,211,CH4 ,10PPBC,11, 7, 198, 197, 194, 189, 190, 189, 189, 193, 188, 188, 185, 184, 185, 183, 183, 183, 184, 184, 187, 186, 186, 190, 189, 191
2010,14211010,211,CH4 ,10PPBC,11, 8, 191, 189, 190, 188, 189, 191, 191, 190, 190, 187, 186, 185, 186, 186, 186, 185, 185, 185, 183, 184, 189, 188, 189, 187
2010,14211010,211,CH4 ,10PPBC,11, 9, 190, 192, 188, 189, 183, 180, 181, 181, 182, 181, 181, 180, 180, 180, 181, 182, 183, 184, 185, 187, 187, 190, 187, 187
2010,14211010,211,CH4 ,10PPBC,11,10, 185, 186, 189, 191, 191, 191, 191, 193, 190, 187,9999,9999, 185, 184, 184, 184, 184, 186, 187, 188, 189, 193, 193, 190
2010,14211010,211,CH4 ,10PPBC,11,11, 195, 191, 189, 191, 193, 193, 195, 192, 193, 191, 188, 186, 186, 187, 186, 188, 188, 190, 192, 191, 197, 202, 200, 192
2010,14211010,211,CH4 ,10PPBC,11,12, 194, 196, 195, 196, 200, 202, 203, 202, 197, 192, 188, 187, 184, 186, 185, 185, 185, 188, 190, 188, 186, 188, 190, 191
2010,14211010,211,CH4 ,10PPBC,11,13, 189, 193, 190, 191, 191, 196, 192, 197, 196, 190, 187, 187, 189, 187, 188, 190, 190, 193, 191, 192, 193, 196, 194, 193
2010,14211010,211,CH4 ,10PPBC,11,14, 195, 199, 193, 193, 195, 196, 198, 197, 196, 199, 187, 186, 187, 187, 188, 189, 189, 194, 194, 190, 192, 193, 196, 194
2010,14211010,211,CH4 ,10PPBC,11,15, 191, 193, 188, 189, 188, 191, 189, 192, 192, 189, 185, 185, 185, 186, 188, 188, 188, 187, 185, 186, 186, 187, 187, 187
2010,14211010,211,CH4 ,10PPBC,11,16, 187, 188, 187, 188, 188, 189, 192, 191, 192, 189, 189, 187, 188, 187, 187, 187, 188, 189, 190, 190, 190, 190, 190, 191
2010,14211010,211,CH4 ,10PPBC,11,17, 190, 190, 193, 190, 192, 193, 192, 189, 190, 190, 188,9999,9999, 186, 188, 188, 189, 189, 191, 186, 188, 186, 189, 186
2010,14211010,211,CH4 ,10PPBC,11,18, 185, 188, 187, 189, 186, 184, 184, 183, 185, 183, 183, 183, 183, 184, 182, 182, 182, 185, 185, 186, 191, 188, 188, 190
2010,14211010,211,CH4 ,10PPBC,11,19, 188, 188, 187, 188, 188, 187, 187, 186, 187, 185, 184, 183, 183, 183, 183, 184, 185, 185, 186, 187, 186, 192, 191, 193
2010,14211010,211,CH4 ,10PPBC,11,20, 191, 188, 190, 190, 192, 197, 197, 194, 191, 189, 187, 183, 182, 182, 182, 183, 183, 185, 185, 186, 186, 187, 188, 189
2010,14211010,211,CH4 ,10PPBC,11,21, 188, 189, 184, 186, 190, 192, 189, 187, 189, 187, 183, 182, 181, 181, 182, 181, 182, 183, 183, 184, 184, 188, 186, 189
2010,14211010,211,CH4 ,10PPBC,11,22, 184, 183, 186, 185, 187, 191, 194, 193, 194, 194, 193, 190, 188, 188, 186, 184, 184, 185, 188, 190, 187, 182, 185, 187
2010,14211010,211,CH4 ,10PPBC,11,23, 188, 186, 185, 187, 179, 177, 178, 179, 236, 177, 178, 180, 181, 182, 182, 183, 182, 183, 184, 185, 186, 186, 185, 187
2010,14211010,211,CH4 ,10PPBC,11,24, 186, 186, 185, 186, 185, 185, 186, 184, 184, 183, 184, 184, 185, 184, 185, 185, 189, 190, 190, 190, 190, 191, 189, 190
2010,14211010,211,CH4 ,10PPBC,11,25, 191, 196, 196, 194, 195, 193, 196, 197, 198,9999,9999,9999, 192, 189, 190, 190, 189, 192, 194, 195, 192, 194, 193, 196
2010,14211010,211,CH4 ,10PPBC,11,26, 192, 190, 190, 190, 192, 191, 193, 189, 184, 184, 186, 183, 183, 183, 183, 184, 184, 186, 187, 190, 186, 186, 187, 186
2010,14211010,211,CH4 ,10PPBC,11,27, 183, 184, 183, 183, 183, 185, 188, 187, 185, 184, 184, 183, 184, 184, 183, 185, 186, 186, 186, 186, 188, 190, 190, 193
2010,14211010,211,CH4 ,10PPBC,11,28, 191, 190, 193, 192, 195, 193, 193, 193, 192, 186, 184, 183, 182, 182, 182, 183, 183, 184, 184, 189, 192, 192, 195, 193
2010,14211010,211,CH4 ,10PPBC,11,29, 191, 192, 191, 191, 192, 193, 197, 194, 188, 186, 184, 184, 187, 183, 183, 184, 185, 189, 189, 188, 188, 189, 191, 192
2010,14211010,211,CH4 ,10PPBC,11,30, 191, 193, 194, 199, 196, 196, 198, 199, 199, 195, 191, 189, 190, 188, 187, 187, 187, 188, 189, 192, 195, 195, 187, 186
2010,14211010,211,CH4 ,10PPBC,11,31,9998,9998,9998,9998,9998,9998,9998,9998,9998,9998,9998,9998,9998,9998,9998,9998,9998,9998,9998,9998,9998,9998,9998,9998
2010,14211010,211,CH4 ,10PPBC,12, 1, 191, 195, 195, 194, 192, 196, 195, 192, 192, 192, 188,9999,9999,9999,9999, 186, 188, 190, 192, 196, 200, 201, 196, 195
2010,14211010,211,CH4 ,10PPBC,12, 2, 194, 190, 189, 189, 195, 195, 200, 200, 205, 202, 196, 189, 186, 187, 186, 187, 191, 190, 189, 189, 189, 190, 190, 189
2010,14211010,211,CH4 ,10PPBC,12, 3, 189, 185, 186, 184, 185, 185, 186, 181, 178, 180, 180, 179, 180, 181, 181, 181, 180, 180, 181, 184, 185, 185, 186, 186
2010,14211010,211,CH4 ,10PPBC,12, 4, 185, 185, 185, 185, 188, 189, 190, 192, 189, 187, 185, 185, 185, 184, 185, 185, 186, 188, 188, 191, 194, 195, 193, 193
2010,14211010,211,CH4 ,10PPBC,12, 5, 195, 193, 191, 193, 192, 193, 194, 197, 195, 194, 192, 188, 187, 187, 186, 187, 187, 190, 190, 192, 195, 202, 203, 200
2010,14211010,211,CH4 ,10PPBC,12, 6, 196, 198, 196, 197, 196, 197, 199, 199, 199, 193, 189, 189, 188, 189, 189, 186, 187, 189, 193, 196, 191, 193, 192, 191
2010,14211010,211,CH4 ,10PPBC,12, 7, 191, 192, 193, 192, 190, 200, 197, 199, 196, 198, 193, 189, 186, 184, 184, 185, 185, 186, 185, 185, 185, 185, 185, 185
2010,14211010,211,CH4 ,10PPBC,12, 8, 185, 184, 185, 188, 187, 186, 187, 193, 191, 191,9999,9999, 188, 187, 187, 187, 187, 187, 189, 188, 189, 190, 190, 191
2010,14211010,211,CH4 ,10PPBC,12, 9, 192, 192, 195, 191, 192, 192, 193, 194, 196, 191, 191, 189, 186, 186, 186, 186, 186, 186, 188, 188, 190, 192, 190, 192
2010,14211010,211,CH4 ,10PPBC,12,10, 190, 191, 191, 194, 193, 193, 195, 201, 199, 195, 192, 192, 189, 189, 190, 191, 189, 190, 192, 191, 198, 194, 196, 198
2010,14211010,211,CH4 ,10PPBC,12,11, 199, 198, 197, 197, 197, 195, 193, 192, 189, 188, 187, 185, 184, 183, 183, 184, 183, 183, 186, 185, 184, 184, 185, 186
2010,14211010,211,CH4 ,10PPBC,12,12, 185, 188, 190, 192, 195, 192, 193, 196, 197, 190, 188, 188, 188, 187, 188, 187, 188, 188, 188, 190, 192, 191, 190, 190
2010,14211010,211,CH4 ,10PPBC,12,13, 189, 188, 188, 188, 190, 187, 188, 190, 188, 188, 188, 188, 188, 187, 192, 193, 189, 190, 191, 192, 190, 191, 190, 192
2010,14211010,211,CH4 ,10PPBC,12,14, 195, 194, 193, 190, 190, 189, 189, 190, 193, 192, 193, 194, 194, 188, 186, 187, 188, 190, 192, 196, 189, 190, 189, 189
2010,14211010,211,CH4 ,10PPBC,12,15, 193, 196, 190, 184, 184, 185, 185, 185, 186, 185,9999,9999, 185, 184, 184, 184, 185, 186, 186, 186, 188, 188, 188, 190
2010,14211010,211,CH4 ,10PPBC,12,16, 190, 189, 190, 191, 191, 189, 190, 191, 196, 190, 192, 192, 191, 193, 192, 194, 194, 195, 196, 196, 196, 202, 204, 202
2010,14211010,211,CH4 ,10PPBC,12,17, 202, 200, 202, 199, 198, 199, 200, 200, 198, 193, 196, 192, 191, 191, 189, 189, 190, 192, 193, 192, 194, 197, 200, 204
2010,14211010,211,CH4 ,10PPBC,12,18, 201, 203, 201, 198, 198, 195, 192, 192, 194, 190, 189, 189, 189, 190, 189, 190, 191, 189, 191, 195, 197, 199, 200, 201
2010,14211010,211,CH4 ,10PPBC,12,19, 203, 200, 201, 200, 203, 201, 202, 204, 199, 198, 193, 189, 190, 190, 190, 191, 192, 194, 193, 194, 196, 199, 202, 203
2010,14211010,211,CH4 ,10PPBC,12,20, 205, 207, 205, 202, 203, 202, 198, 203, 197, 197, 191, 189, 185, 185, 184, 186, 189, 189, 193, 196, 199, 199, 193, 193
2010,14211010,211,CH4 ,10PPBC,12,21, 197, 195, 193, 189, 193, 192, 195, 200, 201, 196, 188, 188, 188, 187, 187, 187, 188, 188, 188, 188, 187, 186, 187, 190
2010,14211010,211,CH4 ,10PPBC,12,22, 191, 185, 185, 187, 187, 186, 188, 189, 189, 185, 183, 182, 181, 182, 182, 182, 184, 186, 186, 186, 187, 188, 187, 188
2010,14211010,211,CH4 ,10PPBC,12,23, 186, 185, 186, 187, 188, 187, 188, 188, 192, 191, 189, 187, 187, 186, 185, 185, 185, 188, 190, 193, 197, 191, 190, 191
2010,14211010,211,CH4 ,10PPBC,12,24, 192, 188, 187, 188, 189, 189, 189, 226, 189, 189,9999,9999, 188, 187, 186, 185, 185, 185, 185, 190, 188, 188, 190, 197
2010,14211010,211,CH4 ,10PPBC,12,25, 196, 198, 195, 188, 188, 187, 186, 187, 187, 187, 187, 186, 186, 185, 185, 185, 186, 186, 186, 186, 186, 188, 192, 187
2010,14211010,211,CH4 ,10PPBC,12,26, 186, 187, 186, 186, 187, 187, 187, 187, 187, 187, 186, 186, 186, 185, 185, 186, 185, 186, 190, 187, 186, 187, 188, 194
2010,14211010,211,CH4 ,10PPBC,12,27, 189, 191, 192, 191, 190, 189, 190, 194, 191, 189, 188, 188, 188, 188, 187, 187, 187, 190, 190, 189, 188, 193, 194, 194
2010,14211010,211,CH4 ,10PPBC,12,28, 196, 196, 194, 194, 194, 194, 195, 202, 209, 199, 191, 189, 188, 187, 187, 186, 186, 187, 187, 186, 186, 188, 191, 189
2010,14211010,211,CH4 ,10PPBC,12,29, 196, 193, 187, 190, 193, 195, 197, 195, 195, 194,9999, 190, 189, 188, 187, 188, 187, 189, 190, 192, 194, 198, 197, 196
2010,14211010,211,CH4 ,10PPBC,12,30, 195, 196, 197, 197, 197, 198, 196, 203, 202, 198, 193, 193, 193, 189, 187, 193, 195, 195, 196, 195, 198, 195, 196, 196
2010,14211010,211,CH4 ,10PPBC,12,31, 203, 201, 198, 199, 196, 192, 187, 188, 187, 187, 187, 187, 186, 186, 186, 185, 186, 188, 187, 187, 189, 190, 191, 194
2010,14211010,211,CH4 ,10PPBC, 1, 1, 195, 193, 192, 192, 193, 193, 192, 194, 196, 191, 191, 191, 189, 189, 188, 188, 189, 191, 192, 196, 198, 197, 203, 199
2010,14211010,211,CH4 ,10PPBC, 1, 2, 199, 197, 194, 195, 193, 197, 195, 195, 196, 191, 191, 190, 189, 190, 188, 189, 191, 191, 191, 192, 190, 189, 188, 189
2010,14211010,211,CH4 ,10PPBC, 1, 3, 194, 193, 193, 194, 196, 196, 194, 195, 196, 194, 188, 189, 188, 188, 187, 189, 189, 191, 191, 190, 190, 190, 198, 196
2010,14211010,211,CH4 ,10PPBC, 1, 4, 201, 199, 193, 190, 190, 189, 189, 189, 190, 192, 191, 188, 187, 187, 186, 187, 187, 190, 191, 192, 196, 198, 198, 195
2010,14211010,211,CH4 ,10PPBC, 1, 5, 193, 198, 193, 192, 196, 196, 196, 211, 199, 196, 190, 190, 188, 187, 186, 186, 186, 187, 187, 187, 187, 186, 187, 187
2010,14211010,211,CH4 ,10PPBC, 1, 6, 188, 187, 188, 187, 186, 187, 187, 189, 191, 190, 191, 190, 187, 188, 186, 186, 187, 188, 189, 190, 193, 195, 195, 198
2010,14211010,211,CH4 ,10PPBC, 1, 7, 199, 196, 197, 195, 196, 195, 197, 223, 196, 194, 192,9999, 190, 191, 189, 191, 191, 191, 191, 193, 200, 202, 204, 203
2010,14211010,211,CH4 ,10PPBC, 1, 8, 201, 202, 195, 196, 196, 197, 196, 197, 197, 195, 196, 192, 189, 189, 189, 188, 188, 188, 191, 192, 194, 196, 197, 193
2010,14211010,211,CH4 ,10PPBC, 1, 9, 188, 188, 188, 188, 187, 186, 188, 187, 186, 187, 187, 185, 185, 185, 184, 185, 186, 189, 187, 189, 187, 187, 187, 187
2010,14211010,211,CH4 ,10PPBC, 1,10, 187, 187, 188, 188, 189, 189, 191, 192, 191, 192, 192, 190, 190, 189, 189, 189, 190, 191, 192, 194, 197, 200, 199, 199
2010,14211010,211,CH4 ,10PPBC, 1,11, 200, 203, 199, 202, 199, 196, 197, 206, 207, 198, 196, 194, 192, 191, 191, 190, 194, 192, 194, 194, 194, 194, 193, 193
2010,14211010,211,CH4 ,10PPBC, 1,12, 193, 193, 193, 194, 195, 199, 200, 197, 208, 198, 194, 193, 190, 188, 190, 187, 187, 189, 190, 193, 194, 194, 196, 199
2010,14211010,211,CH4 ,10PPBC, 1,13, 201, 198, 200, 197, 199, 199, 201, 204, 207, 199, 197, 191, 191, 191, 191, 190, 190, 191, 191, 191, 191, 193, 194, 195
2010,14211010,211,CH4 ,10PPBC, 1,14, 194, 197, 202, 202, 205, 202, 203, 205, 203, 209, 196, 193,9999,9999,9999, 190, 188, 191, 193, 195, 193, 193, 198, 196
2010,14211010,211,CH4 ,10PPBC, 1,15, 193, 193, 192, 192, 194, 191, 195, 195, 196, 191, 192, 188, 185, 185, 185, 184, 184, 184, 184, 184, 184, 184, 183, 184
2010,14211010,211,CH4 ,10PPBC, 1,16, 190, 188, 188, 188, 187, 188, 188, 193, 191, 186, 187, 186, 185, 184, 185, 184, 186, 186, 187, 188, 186, 186, 187, 187
2010,14211010,211,CH4 ,10PPBC, 1,17, 186, 187, 186, 187, 187, 188, 190, 194, 191, 186, 186, 185, 184, 184, 183, 183, 183, 183, 183, 184, 184, 185, 191, 195
2010,14211010,211,CH4 ,10PPBC, 1,18, 194, 190, 192, 189, 192, 193, 191, 193, 192, 195, 193, 189, 191, 187, 187, 186, 186, 188, 189, 189, 199, 198, 198, 195
2010,14211010,211,CH4 ,10PPBC, 1,19, 199, 193, 192, 192, 191, 191, 193, 202, 194, 191, 194, 188, 188, 186, 186, 187, 189, 190, 190, 194, 199, 199, 194, 190
2010,14211010,211,CH4 ,10PPBC, 1,20, 189, 190, 192, 191, 193, 196, 196, 195, 206, 193, 189, 186, 185, 185, 184, 184, 183, 184, 186, 187, 189, 190, 191, 191
2010,14211010,211,CH4 ,10PPBC, 1,21, 192, 193, 195, 196, 195, 192, 196, 196, 195, 198, 191,9999,9999,9999,9999,9999,9999, 186, 188, 186, 189, 191, 197, 194
2010,14211010,211,CH4 ,10PPBC, 1,22, 191, 189, 193, 196, 199, 199, 197, 204, 200, 188, 185, 185, 185, 184, 183, 183, 183, 185, 185, 187, 190, 191, 196, 192
2010,14211010,211,CH4 ,10PPBC, 1,23, 192, 194, 192, 192, 191, 191, 190, 192, 195, 191, 188, 187, 186, 187, 188, 189, 191, 191, 192, 193, 190, 189, 190, 190
2010,14211010,211,CH4 ,10PPBC, 1,24, 190, 191, 191, 190, 194, 196, 198, 197, 193, 191, 188, 188, 190, 189, 188, 187, 187, 190, 190, 190, 189, 189, 192, 190
2010,14211010,211,CH4 ,10PPBC, 1,25, 191, 190, 190, 194, 201, 195, 200, 198, 200, 198, 193, 191, 189, 189, 189, 188, 188, 190, 190, 188, 190, 189, 195, 197
2010,14211010,211,CH4 ,10PPBC, 1,26, 199, 198, 193, 192, 197, 195, 201, 199, 197, 193, 189, 188, 188, 187, 185, 184, 184, 185, 187, 186, 188, 187, 187, 192
2010,14211010,211,CH4 ,10PPBC, 1,27, 190, 192, 189, 191, 191, 193, 190, 197, 202, 194, 189, 189, 188, 188, 187, 187, 185, 188, 187, 187, 188, 191, 193, 195
2010,14211010,211,CH4 ,10PPBC, 1,28, 195, 195, 194, 195, 193, 193, 194, 195, 197,9999,9999,9999, 187, 188, 188, 187, 186, 188, 186, 186, 189, 191, 193, 199
2010,14211010,211,CH4 ,10PPBC, 1,29, 197, 193, 199, 198, 190, 190, 191, 195, 194, 188, 188, 186, 187, 186, 187, 185, 185, 186, 188, 188, 192, 193, 192, 196
2010,14211010,211,CH4 ,10PPBC, 1,30, 189, 184, 184, 187, 185, 185, 184, 186, 186, 185, 185, 185, 184, 184, 183, 183, 183, 185, 186, 185, 186, 189, 190, 193
2010,14211010,211,CH4 ,10PPBC, 1,31, 194, 197, 196, 197, 196, 195, 191, 196, 199, 192, 191, 187, 186, 185, 185, 184, 185, 185, 186, 188, 190, 193, 191, 193
2010,14211010,211,CH4 ,10PPBC, 2, 1, 189, 191, 191, 191, 190, 189, 191, 194, 206, 193, 188, 185, 184, 184, 183, 184, 183, 184, 186, 189, 192, 196, 195, 196
2010,14211010,211,CH4 ,10PPBC, 2, 2, 198, 195, 194, 196, 197, 199, 202, 201, 200, 193, 189, 185, 186, 187, 186, 187, 187, 188, 190, 196, 192, 190, 190, 194
2010,14211010,211,CH4 ,10PPBC, 2, 3, 195, 198, 196, 193, 196, 199, 197, 197, 195, 189,9999,9999,9999, 188, 188, 189, 188, 189, 192, 191, 191, 187, 189, 188
2010,14211010,211,CH4 ,10PPBC, 2, 4, 186, 187, 191, 192, 192, 188, 191, 196, 194, 191, 187, 186, 186, 186, 186, 183, 185, 190, 188, 189, 190, 195, 197, 194
2010,14211010,211,CH4 ,10PPBC, 2, 5, 195, 198, 192, 192, 195, 193, 200, 197, 195, 192, 189, 188, 188, 188, 187, 187, 188, 191, 190, 192, 193, 192, 196, 198
2010,14211010,211,CH4 ,10PPBC, 2, 6, 199, 193, 192, 191, 191, 192, 196, 196, 192, 191, 191, 190, 190, 189, 189, 190, 189, 187, 187, 188, 190, 194, 195, 193
2010,14211010,211,CH4 ,10PPBC, 2, 7, 195, 196, 200, 200, 200, 195, 195, 192, 193, 194, 187, 187, 186, 185, 185, 186, 187, 187, 186, 186, 187, 191, 192, 188
2010,14211010,211,CH4 ,10PPBC, 2, 8, 191, 191, 191, 188, 187, 187, 189, 190, 189, 187, 187, 188, 187, 186, 186, 188, 190, 191, 192, 191, 191, 190, 191, 192
2010,14211010,211,CH4 ,10PPBC, 2, 9, 187, 186, 187, 187, 188, 186, 186, 190, 188, 190, 189, 189, 187,9999,9999, 188, 188, 188, 189, 189, 197, 192, 192, 193
2010,14211010,211,CH4 ,10PPBC, 2,10, 193, 197, 192, 197, 198, 197, 201, 202, 204, 201, 194, 191, 190, 189, 189, 188, 189, 189, 192, 192, 192, 191, 190, 190
2010,14211010,211,CH4 ,10PPBC, 2,11, 189, 189, 189, 190, 192, 189, 188, 188, 188, 188, 189, 188, 187, 188, 187, 187, 187, 187, 188, 188, 188, 188, 187, 186
2010,14211010,211,CH4 ,10PPBC, 2,12, 187, 186, 187, 188, 187, 188, 187, 187, 188, 186, 186, 188, 185, 186, 186, 186, 186, 187, 188, 188, 190, 191, 192, 192
2010,14211010,211,CH4 ,10PPBC, 2,13, 191, 192, 192, 190, 193, 193, 193, 194, 195, 190, 190, 189, 188, 189, 188, 188, 189, 190, 190, 190, 190, 190, 192, 193
2010,14211010,211,CH4 ,10PPBC, 2,14, 193, 191, 193, 194, 200, 194, 196, 194, 191, 192, 191, 190, 191, 191, 191, 192, 192, 191, 193, 194, 192, 191, 190, 189
2010,14211010,211,CH4 ,10PPBC, 2,15, 191, 191, 189, 191, 191, 189, 190, 191, 191, 191, 191, 190, 191, 188, 188, 188, 190, 189, 189, 192, 195, 194, 193, 195
2010,14211010,211,CH4 ,10PPBC, 2,16, 197, 198, 198, 197, 200, 199, 196, 200, 204, 195, 198, 194, 192, 192, 192, 190, 192, 190, 191, 193, 191, 193, 189, 189
2010,14211010,211,CH4 ,10PPBC, 2,17, 195, 199, 198, 200, 201, 198, 199, 198, 200, 198, 198, 197, 190,9999,9999, 184, 184, 183, 184, 185, 187, 184, 183, 183
2010,14211010,211,CH4 ,10PPBC, 2,18, 183, 184, 183, 181, 185, 182, 182, 181, 185, 188, 186, 185, 185, 185, 184, 185, 185, 183, 185, 187, 191, 191, 192, 195
2010,14211010,211,CH4 ,10PPBC, 2,19, 191, 188, 189, 192, 193, 189, 189, 190, 189, 190, 189, 189, 189, 190, 189, 189, 188, 188, 190, 190, 190, 189, 190, 190
2010,14211010,211,CH4 ,10PPBC, 2,20, 193, 194, 194, 196, 194, 197, 195, 199, 198, 202, 194, 189, 189, 187, 186, 187, 188, 188, 187, 187, 188, 188, 187, 187
2010,14211010,211,CH4 ,10PPBC, 2,21, 186, 187, 188, 187, 187, 187, 186, 187, 188, 188, 188, 188, 188, 187, 187, 187, 187, 188, 188, 188, 189, 189, 189, 189
2010,14211010,211,CH4 ,10PPBC, 2,22, 190, 191, 192, 196, 196, 199, 200, 194, 195, 190, 192, 189, 187, 188, 187, 188, 187, 188, 191, 194, 192, 191, 192, 190
2010,14211010,211,CH4 ,10PPBC, 2,23, 195, 196, 194, 195, 195, 195, 197, 197, 196, 190, 188, 189, 188, 189, 191, 189, 189, 186, 187, 188, 187, 190, 190, 191
2010,14211010,211,CH4 ,10PPBC, 2,24, 196, 196, 194, 193, 194, 198, 197, 195, 194,9999,9999,9999,9999,9999,9999,9999,9999,9999, 190, 189, 189, 189, 188, 188
2010,14211010,211,CH4 ,10PPBC, 2,25, 187, 187, 185, 184, 185, 184, 185, 183, 183, 182,9999,9999,9999,9999, 181, 181, 181, 182, 183, 183, 185, 187, 188, 189
2010,14211010,211,CH4 ,10PPBC, 2,26, 191, 192, 194, 194, 194, 193, 195, 199, 193, 190, 190, 190, 190, 191, 190, 189, 191, 190, 191, 191, 191, 191, 191, 190
2010,14211010,211,CH4 ,10PPBC, 2,27, 194, 194, 197, 199, 201, 201, 203, 199, 199, 192, 187, 186, 186, 185, 185, 184, 184, 185, 185, 185, 185, 190, 194, 197
2010,14211010,211,CH4 ,10PPBC, 2,28, 192, 191, 190, 190, 190, 189, 189, 189, 189, 188, 189, 188, 190, 188, 187, 188, 187, 187, 188, 188, 188, 189, 189, 189
2010,14211010,211,CH4 ,10PPBC, 2,29,9998,9998,9998,9998,9998,9998,9998,9998,9998,9998,9998,9998,9998,9998,9998,9998,9998,9998,9998,9998,9998,9998,9998,9998
2010,14211010,211,CH4 ,10PPBC, 2,30,9998,9998,9998,9998,9998,9998,9998,9998,9998,9998,9998,9998,9998,9998,9998,9998,9998,9998,9998,9998,9998,9998,9998,9998
2010,14211010,211,CH4 ,10PPBC, 2,31,9998,9998,9998,9998,9998,9998,9998,9998,9998,9998,9998,9998,9998,9998,9998,9998,9998,9998,9998,9998,9998,9998,9998,9998
2010,14211010,211,CH4 ,10PPBC, 3, 1, 190, 190, 189, 192, 190, 190, 189, 191, 190, 188, 189, 189, 188, 188, 189, 189, 190, 190, 193, 192, 194, 192, 189, 190
2010,14211010,211,CH4 ,10PPBC, 3, 2, 191, 190, 194, 192, 191, 190, 191, 189, 189, 189, 188, 188, 189, 189, 189, 188, 185, 185, 192, 188, 191, 190, 193, 195
2010,14211010,211,CH4 ,10PPBC, 3, 3, 195, 192, 197, 198, 200, 199, 197, 199, 194, 191,9999,9999,9999, 189, 186, 186, 185, 186, 186, 186, 186, 186, 187, 187
2010,14211010,211,CH4 ,10PPBC, 3, 4, 187, 191, 189, 189, 190, 190, 194, 191, 191, 189, 188, 187, 188, 186, 186, 186, 186, 186, 186, 189, 189, 193, 193, 195
2010,14211010,211,CH4 ,10PPBC, 3, 5, 195, 194, 195, 199, 193, 195, 197, 196, 192, 190, 189, 188, 188, 187, 187, 187, 186, 186, 187, 188, 188, 187, 186, 187
2010,14211010,211,CH4 ,10PPBC, 3, 6, 190, 190, 188, 192, 195, 191, 194, 189, 188, 185, 184, 184, 184, 183, 181, 181, 181, 182, 183, 182, 183, 184, 188, 189
2010,14211010,211,CH4 ,10PPBC, 3, 7, 188, 191, 191, 184, 183, 190, 184, 185, 185, 187, 186, 185, 186, 184, 184, 184, 184, 184, 185, 186, 187, 187, 188, 189
2010,14211010,211,CH4 ,10PPBC, 3, 8, 189, 189, 189, 189, 189, 189, 190, 191, 190, 189, 188, 188, 188, 190, 187, 188, 188, 187, 190, 190, 190, 189, 191, 196
2010,14211010,211,CH4 ,10PPBC, 3, 9, 197, 190, 194, 191, 198, 195, 194, 196, 195, 192, 190, 187, 186, 185, 184, 185, 183, 183, 183, 184, 188, 188, 189, 189
2010,14211010,211,CH4 ,10PPBC, 3,10, 189, 189, 190, 194, 196, 197, 198, 196, 204, 192, 190, 188, 187, 187, 186, 187, 186, 187, 187, 187, 188, 188, 188, 191
2010,14211010,211,CH4 ,10PPBC, 3,11, 191, 195, 197, 192, 191, 194, 191, 198, 193,9999,9999, 187, 186, 185,9999,9999,9999,9999,9999,9999,9999,9999,9999,9999
2010,14211010,211,CH4 ,10PPBC, 3,12,9999,9999,9999,9999,9999,9999,9999,9999,9999,9999,9999,9999,9999,9999,9999,9999,9999,9999,9999,9999,9999,9999,9999,9999
2010,14211010,211,CH4 ,10PPBC, 3,13,9999,9999,9999,9999,9999,9999,9999,9999,9999,9999,9999,9999,9999,9999,9999,9999,9999,9999,9999,9999,9999,9999,9999,9999
2010,14211010,211,CH4 ,10PPBC, 3,14,9999,9999,9999,9999,9999,9999,9999,9999,9999,9999,9999,9999,9999,9999,9999, 180, 180, 181, 181, 182, 181, 181, 181, 181
2010,14211010,211,CH4 ,10PPBC, 3,15, 181, 182, 181, 186, 188, 188, 190, 185, 185, 185, 185, 186, 185, 184, 185, 185, 186, 190, 190, 189, 189, 188, 187, 186
2010,14211010,211,CH4 ,10PPBC, 3,16, 183, 184, 187, 186, 188, 188, 189, 190, 188, 187, 185, 184, 183, 182, 181, 181, 182, 183, 187, 187, 187, 188, 188, 188
2010,14211010,211,CH4 ,10PPBC, 3,17, 189, 189, 192, 202, 194, 196, 195, 194, 191, 190, 187, 187, 186, 187,9999,9999,9999,9999, 192, 191, 191, 195, 194, 190
2010,14211010,211,CH4 ,10PPBC, 3,18, 191, 193, 195, 196, 195, 195, 196, 195, 193, 192,9999,9999,9999, 189, 189, 186, 185, 185, 187,9999,9999,9999, 186, 185
2010,14211010,211,CH4 ,10PPBC, 3,19, 185, 185, 185, 184, 184, 185, 185, 184, 184, 184, 184, 183, 182, 180, 180, 180, 181, 180, 182, 182, 181, 186, 184, 187
2010,14211010,211,CH4 ,10PPBC, 3,20, 187, 189, 188, 190, 190, 188, 188, 188, 187, 186, 184, 183, 182, 183, 182, 182, 181, 180, 179, 178, 178, 177, 178, 178
2010,14211010,211,CH4 ,10PPBC, 3,21, 178, 177, 176, 177, 177, 178, 179, 189, 183, 183, 182, 179, 179, 180, 184, 184, 183, 183, 185, 185, 185, 186, 186, 185
2010,14211010,211,CH4 ,10PPBC, 3,22, 184, 184, 184, 184, 185, 184, 185, 185, 186, 186, 185, 184, 185, 184, 184, 184, 186, 187, 187, 185, 187, 187, 189, 191
2010,14211010,211,CH4 ,10PPBC, 3,23, 188, 188, 187, 185, 185, 185, 185, 184, 185, 185, 185, 185, 185, 185, 185, 186, 185, 186, 187,9999,9999, 186, 187, 193
2010,14211010,211,CH4 ,10PPBC, 3,24, 188, 192, 190, 187, 188, 188, 189, 189, 189, 189, 189, 194, 193, 186, 185, 187, 184, 186, 186, 187, 185, 188, 188, 189
2010,14211010,211,CH4 ,10PPBC, 3,25, 189, 192, 193, 194, 193, 194, 195, 194,9999,9999, 192, 189, 188, 186, 185, 184, 184, 184, 184, 184, 185, 185, 185, 189
2010,14211010,211,CH4 ,10PPBC, 3,26, 186, 186, 187, 190, 191, 189, 191, 188, 188, 187, 185, 186, 185, 185, 184, 184, 184, 184, 185, 187, 188, 189, 189, 192
2010,14211010,211,CH4 ,10PPBC, 3,27, 192, 193, 195, 198, 192, 191, 192, 191, 189, 188, 186, 186, 185, 184, 185, 185, 184, 184, 184, 186, 186, 187, 185, 186
2010,14211010,211,CH4 ,10PPBC, 3,28, 186, 187, 187, 187, 188, 189, 189, 188, 187, 187, 187, 187, 186, 186, 185, 186, 185, 184, 185, 186, 187, 187, 187, 186
2010,14211010,211,CH4 ,10PPBC, 3,29, 185, 185, 185, 186, 189, 191, 192, 190, 188, 186, 186, 185, 185, 185, 186, 184, 184, 184, 185, 185, 185, 186, 188, 188
2010,14211010,211,CH4 ,10PPBC, 3,30, 190, 192, 192, 191, 191, 189, 192, 193, 189, 186, 186, 185, 186, 185, 185, 184, 184, 184, 184, 185, 186, 189, 186, 185
2010,14211010,211,CH4 ,10PPBC, 3,31, 184, 185, 186, 187, 189, 189, 191, 189, 187,9999,9999,9999, 187, 186, 185, 185, 184, 185, 186, 186, 188, 189, 189, 193
2010,14212020,212,CH4 ,10PPBC, 4, 1, 199, 199, 197, 196, 194, 192, 193, 195, 190, 189, 188, 188, 187, 186, 186, 186, 185, 185, 186, 185, 185, 185, 185, 184
2010,14212020,212,CH4 ,10PPBC, 4, 2, 184, 184, 184, 184, 183, 185, 185, 184, 183, 183, 183, 184, 186, 187, 186, 187, 188, 190, 189, 190, 192, 193, 191, 191
2010,14212020,212,CH4 ,10PPBC, 4, 3, 192, 190, 188, 189, 189, 189, 190, 191, 191, 191, 191, 191, 190, 188, 187, 188, 188, 188, 188, 189, 191, 191, 191, 191
2010,14212020,212,CH4 ,10PPBC, 4, 4, 191, 192, 191, 191, 191, 191, 192, 193, 193, 193, 193, 193, 193, 192, 192, 193, 193, 193, 193, 193, 193, 192, 193, 193
2010,14212020,212,CH4 ,10PPBC, 4, 5, 193, 192, 192, 192, 192, 192, 192, 193, 194, 196, 194, 194, 193, 193, 193, 192, 192, 192, 193, 195, 196, 197, 194, 194
2010,14212020,212,CH4 ,10PPBC, 4, 6, 194, 194, 193, 193, 196, 195, 195, 197, 192, 190, 189, 190, 190, 189, 188, 187, 187, 187, 187, 189, 190, 194, 194, 195
2010,14212020,212,CH4 ,10PPBC, 4, 7, 195, 190, 189, 187, 187, 189, 190, 191, 195, 193,9999,9999, 194, 195, 191, 196, 194, 197, 197, 194, 192, 193, 193, 193
2010,14212020,212,CH4 ,10PPBC, 4, 8, 192, 192, 192, 192, 192, 193, 194, 194, 192, 192, 193, 195, 193, 193, 193, 193, 192, 192, 192, 193, 193, 192, 193, 194
2010,14212020,212,CH4 ,10PPBC, 4, 9, 195, 194, 195, 194, 194, 195, 195, 196, 195, 195, 194, 194, 191, 190, 190, 190, 190, 189, 192, 191, 191, 192, 196, 194
2010,14212020,212,CH4 ,10PPBC, 4,10, 192, 191, 189, 189, 189, 189, 190, 191, 191, 191, 191, 191, 189, 189, 188, 189, 190, 188, 188, 188, 187, 187, 190, 191
2010,14212020,212,CH4 ,10PPBC, 4,11, 193, 192, 191, 191, 190, 190, 191, 190, 190, 189, 190, 189, 188, 189, 188, 187, 186, 188, 190, 188, 187, 188, 188, 188
2010,14212020,212,CH4 ,10PPBC, 4,12, 187, 187, 187, 186, 187, 187, 188, 189, 189, 190, 190, 189, 190, 191, 190, 190, 190, 190, 190, 190, 190, 190, 190, 189
2010,14212020,212,CH4 ,10PPBC, 4,13, 189, 189, 188, 188, 188, 188, 190, 192, 190, 188, 188, 187, 187, 186, 186, 187, 186, 184, 186, 186, 186, 187, 187, 188
2010,14212020,212,CH4 ,10PPBC, 4,14, 192, 190, 190, 189, 189, 189, 191, 191, 191, 189, 189, 190, 190, 189,9999,9999,9999, 188, 189, 190, 189, 190, 189, 189
2010,14212020,212,CH4 ,10PPBC, 4,15, 189, 189, 189, 188, 187, 188, 188, 189, 189, 188, 189, 189, 189, 190, 190, 192, 195, 196, 196, 193, 196, 199, 194, 195
2010,14212020,212,CH4 ,10PPBC, 4,16, 193,9999, 191, 190, 189, 187, 190, 191, 190, 190, 190, 190, 191, 189, 190, 190, 189, 190, 190, 189, 190, 190, 190, 189
2010,14212020,212,CH4 ,10PPBC, 4,17, 189, 190, 189, 188, 188, 188, 189, 189, 190, 191, 190, 189, 189, 189, 190, 191, 190, 191, 191, 191, 192, 193, 194, 195
2010,14212020,212,CH4 ,10PPBC, 4,18, 198, 201, 201, 203, 200, 199, 200, 197, 192, 189, 190, 190, 190, 191, 189, 188, 187, 187, 190, 190, 191, 191, 193, 192
2010,14212020,212,CH4 ,10PPBC, 4,19, 192, 192, 191, 190, 189, 189, 190, 191, 192, 192, 190, 189, 188, 188, 188, 188, 187, 188, 187, 189, 189, 190, 189, 190
2010,14212020,212,CH4 ,10PPBC, 4,20, 189, 188, 189, 189, 187, 187, 186, 186, 185, 184,9999,9999, 186, 185, 186, 186, 186, 186, 188, 190, 191, 190, 192, 195
2010,14212020,212,CH4 ,10PPBC, 4,21, 191, 187, 188, 190, 189, 190, 192, 190, 187, 188, 189, 187, 187, 185, 184, 184, 184, 184, 187, 185, 185, 188, 188, 189
2010,14212020,212,CH4 ,10PPBC, 4,22, 190, 189, 189, 192, 193, 191, 190, 192, 191, 191, 192, 191, 191, 190, 191, 191, 191, 191, 191, 191, 191, 191, 192, 192
2010,14212020,212,CH4 ,10PPBC, 4,23, 192, 191, 191, 191, 191, 192, 193, 194, 193, 192, 191, 193, 191, 192, 192, 191, 192, 192, 193, 194, 195, 194, 194, 196
2010,14212020,212,CH4 ,10PPBC, 4,24, 195, 194, 194, 194, 194, 193, 194, 195, 193, 192, 192, 191, 191, 191, 191, 192, 192, 191, 192, 192, 191, 191, 192, 194
2010,14212020,212,CH4 ,10PPBC, 4,25, 194, 195, 193, 193, 192, 191, 191, 191, 191, 193, 191, 192, 191, 190, 190, 190, 189, 189, 190, 191, 191, 193, 195, 194
2010,14212020,212,CH4 ,10PPBC, 4,26, 194, 194, 196, 194, 194, 192, 193, 193, 192, 188, 190, 190, 192, 193, 191,9999,9999, 188, 188, 189, 191, 194, 192, 192
2010,14212020,212,CH4 ,10PPBC, 4,27, 197, 193, 192, 192, 191, 192, 191, 191, 192, 191, 192, 192, 192, 192, 192, 192, 190, 190, 191, 193, 196, 195, 198, 198
2010,14212020,212,CH4 ,10PPBC, 4,28, 197, 193, 190, 190, 190, 191, 190, 193, 191, 190, 188, 188, 189, 189, 188, 189, 189, 189, 190, 192, 192, 194, 200, 196
2010,14212020,212,CH4 ,10PPBC, 4,29, 197, 195, 194, 192, 189, 189, 188, 188, 187, 186, 186, 185, 186, 187, 188, 188, 188, 189, 191, 191, 190, 190, 190, 190
2010,14212020,212,CH4 ,10PPBC, 4,30, 189, 189, 190, 189, 189, 189, 190, 190, 191, 191, 189, 189, 189, 188, 188, 188, 188, 188, 190, 190, 190, 189, 189, 189
2010,14212020,212,CH4 ,10PPBC, 4,31,9998,9998,9998,9998,9998,9998,9998,9998,9998,9998,9998,9998,9998,9998,9998,9998,9998,9998,9998,9998,9998,9998,9998,9998
2010,14212020,212,CH4 ,10PPBC, 5, 1, 190, 190, 190, 192, 193, 191, 195, 194, 191, 191, 190, 189, 189, 188, 188, 188, 188, 189, 188, 191, 191, 192, 194, 194
2010,14212020,212,CH4 ,10PPBC, 5, 2, 191, 191, 193, 193, 192, 192, 193, 191, 190, 190, 190, 190, 189, 188, 189, 188, 188, 189, 192, 193, 191, 192, 194, 195
2010,14212020,212,CH4 ,10PPBC, 5, 3, 193, 195, 195, 193, 192, 194, 194, 192, 191, 190, 189, 189, 189, 187, 187, 186, 186, 186, 186, 186, 187, 188, 189, 188
2010,14212020,212,CH4 ,10PPBC, 5, 4, 188, 188, 191, 192, 192, 193, 191, 190, 191, 190, 188, 186, 185, 186, 185, 186, 188, 187, 188, 187, 188, 188, 194, 193
2010,14212020,212,CH4 ,10PPBC, 5, 5, 196, 195, 195, 191, 193, 193, 192, 188, 190, 190, 190, 190, 188, 187, 186, 185, 185, 185, 187, 186, 187, 186, 186, 187
2010,14212020,212,CH4 ,10PPBC, 5, 6, 186, 190, 191, 193, 192, 192, 191, 189, 186, 182, 181, 180, 180, 180, 180, 179, 179, 179, 179, 179, 179, 180, 179, 179
2010,14212020,212,CH4 ,10PPBC, 5, 7, 179, 179, 180, 180, 179, 180, 180, 179, 180, 180, 179, 179, 179, 179, 178, 179, 178, 178, 179, 179, 181, 184, 186, 187
2010,14212020,212,CH4 ,10PPBC, 5, 8, 187, 185, 183, 184, 184, 184, 186, 185, 184, 186, 185, 187, 187, 186, 185, 184, 184, 184, 184, 184, 186, 186, 187, 187
2010,14212020,212,CH4 ,10PPBC, 5, 9, 188, 190, 191, 190, 191, 190, 188, 187, 188, 188, 188, 187, 189, 190, 190, 190, 189, 190, 189, 188, 188, 193, 192, 190
2010,14212020,212,CH4 ,10PPBC, 5,10, 189, 188, 189, 189, 188, 190, 189, 188, 189, 189, 189, 189, 187, 188, 187, 187, 188, 188, 189, 191, 190, 190, 191, 192
2010,14212020,212,CH4 ,10PPBC, 5,11, 194, 191, 190, 190, 189, 191, 189, 189, 187, 185, 187, 185, 185, 186, 185, 187, 188, 188, 189, 191, 189, 189, 188, 191
2010,14212020,212,CH4 ,10PPBC, 5,12, 191, 190, 190, 189, 189, 191, 191, 189,9999,9999, 188, 188, 188, 188, 187, 187, 189, 188, 188, 188, 190, 191, 191, 194
2010,14212020,212,CH4 ,10PPBC, 5,13, 192, 192, 193, 191, 190, 188, 189, 189, 189, 189, 188, 188, 188, 188, 187, 188, 188, 189, 190, 190, 190, 190, 188, 189
2010,14212020,212,CH4 ,10PPBC, 5,14, 188, 188, 188, 187, 187, 188, 188, 189, 189, 187, 187, 186, 186, 189, 189, 189, 190, 190, 190, 189, 188, 191, 192, 192
2010,14212020,212,CH4 ,10PPBC, 5,15, 193, 191, 189, 188, 187, 188, 187, 189, 188, 187, 187, 187, 187, 188, 190, 188, 189, 187, 187, 187, 188, 188, 189, 190
2010,14212020,212,CH4 ,10PPBC, 5,16, 190, 191, 192, 193, 194, 190, 191, 191, 188, 188, 186, 186, 185, 186, 185, 184, 184, 184, 184, 185, 186, 188, 189, 190
2010,14212020,212,CH4 ,10PPBC, 5,17, 189, 189, 188, 191, 192, 190, 190, 190, 189, 189, 188, 188, 187, 186, 184, 184, 183, 184, 184, 186, 187, 191, 188, 190
2010,14212020,212,CH4 ,10PPBC, 5,18, 191, 189, 192, 195, 190, 193, 195, 191, 188, 186, 185, 184, 183, 184, 183, 183, 183, 184, 184, 184, 184, 185, 185, 184
2010,14212020,212,CH4 ,10PPBC, 5,19, 183, 183, 184, 186, 186, 185, 183, 184, 183, 183,9999, 184, 183, 183, 183, 183, 183, 183, 184, 184, 183, 184, 187, 185
2010,14212020,212,CH4 ,10PPBC, 5,20, 183, 185, 185, 183, 183, 183, 184, 184, 186, 187, 189, 185, 184, 187, 187, 187, 186, 186, 187, 188, 187, 188, 187, 186
2010,14212020,212,CH4 ,10PPBC, 5,21, 187, 187, 187, 188, 189, 188, 190, 190, 188, 188, 187, 187, 185, 186, 186, 186, 186, 186, 187, 189, 191, 192, 193, 193
2010,14212020,212,CH4 ,10PPBC, 5,22, 191, 193, 191, 192, 189, 189, 189, 190, 192, 191, 190, 190, 192, 192, 191, 190, 186, 187, 187, 188, 187, 188, 190, 188
2010,14212020,212,CH4 ,10PPBC, 5,23, 188, 190, 190, 192, 191, 189, 190, 190, 191, 190, 187, 188, 188, 189, 191, 189, 187, 188, 189, 189, 189, 189, 188, 188
2010,14212020,212,CH4 ,10PPBC, 5,24, 188, 188, 188, 188, 190, 189, 187, 189, 188, 187, 187, 186, 187, 187, 187, 188, 190, 192, 194, 196, 195, 191, 191, 191
2010,14212020,212,CH4 ,10PPBC, 5,25, 188, 188, 188, 190, 193, 196, 195, 193, 189, 187,9999, 185, 186, 186, 186, 186, 188, 189, 189, 190, 188, 187, 187, 187
2010,14212020,212,CH4 ,10PPBC, 5,26, 188, 191, 189, 189, 190, 190, 189, 188, 188, 188, 188, 187, 186, 185, 186, 186, 186, 186, 193, 197, 194, 189, 187, 187
2010,14212020,212,CH4 ,10PPBC, 5,27, 188, 190, 191, 191, 194, 194, 193, 192, 192, 188, 187, 186, 185, 185, 186, 185, 185, 187, 186, 189, 188, 190, 187, 187
2010,14212020,212,CH4 ,10PPBC, 5,28, 186, 187, 188, 188, 188, 190, 192, 189, 189, 190, 187, 187, 186, 185, 185, 187, 187, 185, 183, 185, 186, 184, 186, 186
2010,14212020,212,CH4 ,10PPBC, 5,29, 188, 187, 187, 187, 190, 188, 190, 189, 190, 190, 192, 192, 190, 193, 192, 191, 191, 192, 190, 189, 190, 189, 187, 190
2010,14212020,212,CH4 ,10PPBC, 5,30, 188, 188, 188, 188, 186, 186, 187, 188, 188, 187, 186, 188, 187, 188, 188, 187, 188, 189, 189, 192, 191, 190, 192, 191
2010,14212020,212,CH4 ,10PPBC, 5,31, 196, 191, 192, 190, 191, 190, 192, 192, 191, 191, 190, 192, 192, 191, 189, 187, 189, 190, 188, 188, 190, 187, 188, 189
2010,14212020,212,CH4 ,10PPBC, 6, 1, 190, 192, 192, 194, 202, 196, 192, 191, 190, 188,9999,9999, 190, 191, 189, 190, 190, 186, 185, 185, 187, 186, 191, 194
2010,14212020,212,CH4 ,10PPBC, 6, 2, 192, 195, 195, 193, 191, 191, 194, 204, 203, 198, 195, 194, 191, 192, 190, 188, 187, 187, 186, 186, 186, 187, 189, 189
2010,14212020,212,CH4 ,10PPBC, 6, 3, 191, 191, 195, 194, 191, 192, 196, 191, 190, 191, 190, 188, 187, 185, 185, 184, 184, 184, 184, 184, 184, 185, 188, 192
2010,14212020,212,CH4 ,10PPBC, 6, 4, 191, 189, 190, 188, 189, 192, 193, 192, 189, 188, 186, 185, 184, 184, 184, 184, 184, 183, 184, 186, 187, 186, 185, 186
2010,14212020,212,CH4 ,10PPBC, 6, 5, 187, 186, 186, 188, 189, 186, 187, 187, 187, 188, 189, 188, 188, 187, 189, 189, 188, 189, 189, 188, 188, 187, 188, 191
2010,14212020,212,CH4 ,10PPBC, 6, 6, 194, 191, 190, 191, 191, 191, 190, 192, 191, 190, 189, 189, 188, 187, 186, 186, 185, 185, 185, 185, 187, 186, 187, 187
2010,14212020,212,CH4 ,10PPBC, 6, 7, 187, 191, 189, 189, 190, 189, 189, 189, 190, 189, 191, 190, 188, 186, 187, 186, 185, 185, 184, 184, 185, 186, 185, 186
2010,14212020,212,CH4 ,10PPBC, 6, 8, 187, 189, 190, 189, 189, 189, 189, 189, 188, 188, 190, 191, 190, 190, 191, 191, 189, 188, 190, 191, 190, 190, 189, 189
2010,14212020,212,CH4 ,10PPBC, 6, 9, 190, 188, 188, 187, 185, 186, 187, 187, 187, 186, 187, 189, 189, 189, 191, 193, 194, 199, 196, 196, 195, 200, 193, 192
2010,14212020,212,CH4 ,10PPBC, 6,10, 190, 189, 189, 189, 190, 189, 188, 187, 188,9999,9999,9999, 188, 188, 188, 187, 187, 186, 184, 184, 183, 184, 187, 190
2010,14212020,212,CH4 ,10PPBC, 6,11, 191,9999, 191, 190, 189, 187, 189, 189, 191, 192, 190, 189, 187, 187, 186, 185, 186, 185, 183, 185, 184, 185, 187, 189
2010,14212020,212,CH4 ,10PPBC, 6,12, 186, 188, 189, 190, 188, 189, 188, 188, 187, 185, 186, 185, 184, 184, 184, 183, 183, 184, 184, 183, 184, 184, 184, 183
2010,14212020,212,CH4 ,10PPBC, 6,13, 183, 183, 183, 186, 187, 184, 183, 183, 183, 183, 182, 183, 183, 182, 183, 182, 183, 183, 183, 183, 184, 185, 183, 185
2010,14212020,212,CH4 ,10PPBC, 6,14, 184, 186, 186, 185, 184, 184, 185, 184, 184, 185, 184, 185, 186, 187, 187, 186, 186, 187, 186, 186, 185, 185, 186, 187
2010,14212020,212,CH4 ,10PPBC, 6,15, 190, 196, 195, 196, 195, 195, 193, 190, 187, 186, 185, 184, 184, 185, 185, 185, 187, 188, 188, 187, 185, 183, 185, 186
2010,14212020,212,CH4 ,10PPBC, 6,16, 187, 188, 188, 188, 187, 185, 178, 175, 174, 176, 183, 176, 177, 180, 183, 185, 186, 188, 188, 189, 190, 189, 195, 193
2010,14212020,212,CH4 ,10PPBC, 6,17, 196, 195, 193, 194, 189, 187, 192, 191,9999,9999, 185, 186, 187, 191, 192, 188, 187, 188, 186, 185, 186, 186, 189, 191
2010,14212020,212,CH4 ,10PPBC, 6,18, 190, 195, 195, 194, 191, 192, 192, 193, 194, 189, 191, 191, 191, 184, 176, 178, 180, 183, 184, 186, 185, 186, 187, 188
2010,14212020,212,CH4 ,10PPBC, 6,19, 190, 190, 191, 188, 188, 188, 189, 189, 190, 194, 191, 187, 184, 180, 184, 185, 185, 185, 184, 184, 184, 182, 180, 180
2010,14212020,212,CH4 ,10PPBC, 6,20, 176, 175, 175, 181, 193, 196, 196, 192, 192, 181, 178, 178, 179, 177, 179, 181, 182, 180, 179, 179, 178, 178, 178, 179
2010,14212020,212,CH4 ,10PPBC, 6,21, 178, 179, 177, 176, 176, 177, 178, 179, 179, 180, 179, 177, 176, 176, 176, 177, 178, 180, 181, 181, 184, 187, 188, 190
2010,14212020,212,CH4 ,10PPBC, 6,22, 191, 191, 188, 192, 192, 189, 193, 191, 185, 187, 181, 180, 180, 182, 181, 178, 179, 179, 179, 182, 182, 182, 185, 187
2010,14212020,212,CH4 ,10PPBC, 6,23, 187, 186, 184, 185, 184, 182, 180, 178, 176, 174, 175, 177, 177, 176, 179, 185, 184, 187, 187, 185, 186, 187, 188, 194
2010,14212020,212,CH4 ,10PPBC, 6,24, 193, 191, 192, 199, 193, 189, 189, 189, 188, 189,9999,9999, 184, 188, 192, 198, 199, 198, 199, 196, 193, 195, 195, 199
2010,14212020,212,CH4 ,10PPBC, 6,25, 196, 199, 200, 197, 196, 199, 199, 196, 194, 192, 192, 192, 190, 191, 192, 189, 185, 187, 189, 190, 190, 195, 200, 197
2010,14212020,212,CH4 ,10PPBC, 6,26, 195, 201, 201, 201, 201, 203, 203, 199, 187, 180, 180, 179, 179, 179, 179, 179, 179, 179, 180, 179, 179, 179, 180, 182
2010,14212020,212,CH4 ,10PPBC, 6,27, 181, 179, 178, 177, 179, 177, 178, 178, 178, 176, 176, 176, 176, 176, 176, 177, 176, 177, 178, 178, 179, 180, 185, 187
2010,14212020,212,CH4 ,10PPBC, 6,28, 189, 192, 192, 192, 191, 189, 186, 197, 184, 186, 185, 185, 189, 188, 186, 190, 191, 189, 185, 189, 190, 187, 187, 190
2010,14212020,212,CH4 ,10PPBC, 6,29, 189, 193, 190, 191, 191, 197, 200, 194, 194,9999,9999,9999,9999, 195, 189, 187, 188, 187, 191, 185, 185, 184, 183, 186
2010,14212020,212,CH4 ,10PPBC, 6,30, 186, 186, 183, 182, 183, 184, 183, 184, 181, 185, 185, 183, 184, 184, 183, 184, 185, 184, 183, 184, 185, 185, 184, 188
2010,14212020,212,CH4 ,10PPBC, 6,31,9998,9998,9998,9998,9998,9998,9998,9998,9998,9998,9998,9998,9998,9998,9998,9998,9998,9998,9998,9998,9998,9998,9998,9998
2010,14212020,212,CH4 ,10PPBC, 7, 1, 188, 187, 189, 186, 188, 186, 194, 191, 187, 186, 184, 182, 181, 179, 177, 177, 177, 176, 177, 180, 181, 181, 183, 186
2010,14212020,212,CH4 ,10PPBC, 7, 2, 188, 188, 188, 190, 190, 189, 195, 190, 189, 188, 186, 184, 181, 180, 178, 178, 178, 179, 178, 179, 181, 184, 188, 192
2010,14212020,212,CH4 ,10PPBC, 7, 3, 193, 195, 201, 201, 197, 194, 191, 190, 190, 189, 189, 187, 185, 182, 182, 182, 182, 181, 180, 180, 180, 184, 185, 186
2010,14212020,212,CH4 ,10PPBC, 7, 4, 184, 192, 188, 186, 192, 191, 187, 185, 187, 188, 187, 186, 184, 184, 184, 185, 185, 186, 186, 188, 191, 195, 192, 198
2010,14212020,212,CH4 ,10PPBC, 7, 5, 199, 195, 198, 201, 199, 193, 199, 199, 201, 201, 200, 196, 187, 188, 188, 188, 187, 186, 190, 189, 189, 191, 191, 191
2010,14212020,212,CH4 ,10PPBC, 7, 6, 198, 192, 193, 197, 191, 193, 194, 197, 194, 196, 195, 194, 191, 187, 187, 186, 188, 190, 193, 194, 195, 197, 198, 198
2010,14212020,212,CH4 ,10PPBC, 7, 7, 200, 199, 201, 200, 198, 198, 196, 195, 195, 193, 194, 194, 197, 195, 196, 195, 189, 189, 188, 187, 186, 185, 192, 189
2010,14212020,212,CH4 ,10PPBC, 7, 8, 191, 194, 199, 201, 200, 201, 206, 201, 193, 194,9999,9999, 186, 187, 189, 191, 190, 190, 187, 187, 190, 189, 189, 192
2010,14212020,212,CH4 ,10PPBC, 7, 9, 181, 181, 181, 189, 198, 200, 199, 199, 196, 199, 198, 190, 187, 183, 181, 181, 181, 181, 181, 183, 181, 179, 180, 180
2010,14212020,212,CH4 ,10PPBC, 7,10, 180, 182, 182, 182, 184, 190, 193, 190, 187, 185, 183, 182, 183, 183, 184, 184, 185, 186, 187, 189, 190, 197, 192, 193
2010,14212020,212,CH4 ,10PPBC, 7,11, 192,9999, 194, 197, 199, 198, 201, 204, 194, 194, 193, 189, 187, 182, 179, 181, 178, 178, 176, 176, 177, 176, 175, 175
2010,14212020,212,CH4 ,10PPBC, 7,12, 177, 175, 176, 176, 176, 175, 177, 176, 175, 175, 177, 175, 175, 175, 176, 175, 175, 176, 175, 178, 177, 179, 179, 177
2010,14212020,212,CH4 ,10PPBC, 7,13, 179, 182, 193, 186, 187, 190, 194, 197, 197, 198, 192, 189, 191, 192, 192, 192, 191, 190, 190, 192, 193, 193, 193, 194
2010,14212020,212,CH4 ,10PPBC, 7,14, 195, 195, 198, 198, 198, 200, 201, 193, 189, 178, 175, 176, 175, 176, 176, 177, 176, 177, 177, 177, 178, 182, 179, 177
2010,14212020,212,CH4 ,10PPBC, 7,15, 179, 178, 179, 178, 179, 178, 179, 179, 177, 176,9999,9999, 177, 176, 175, 173, 176, 177, 178, 179, 180, 180, 182, 177
2010,14212020,212,CH4 ,10PPBC, 7,16, 180, 182, 180, 180, 182, 190, 187, 192, 184, 177, 177, 176, 177, 176, 176, 175, 176, 176, 175, 176, 177, 178, 179, 180
2010,14212020,212,CH4 ,10PPBC, 7,17, 181, 183, 182, 185, 196, 190, 192, 188, 179, 179, 177, 177, 177, 177, 176, 176, 176, 176, 176, 177, 177, 179, 182, 183
2010,14212020,212,CH4 ,10PPBC, 7,18, 180, 180, 186, 188, 194, 184, 184, 185, 180, 179, 179, 178, 177, 176, 176, 174, 175, 176, 177, 177, 177, 178, 178, 181
2010,14212020,212,CH4 ,10PPBC, 7,19, 182, 185, 184, 186, 188, 187, 190, 186, 180, 178, 179, 177, 177, 177, 178, 177, 177, 177, 177, 180, 182, 188, 189, 195
2010,14212020,212,CH4 ,10PPBC, 7,20, 193, 191, 181, 187, 214, 186, 184, 183, 184, 184, 183, 180, 179, 177, 177, 178, 178, 178, 179, 182, 182, 184, 188, 187
2010,14212020,212,CH4 ,10PPBC, 7,21, 184, 180, 184, 186, 202, 197, 195, 190, 185, 191, 185, 182, 183, 185,9999,9999, 183, 180, 179, 181, 183, 185, 186, 185
2010,14212020,212,CH4 ,10PPBC, 7,22, 193, 188, 185, 195, 203, 196, 192, 191, 188, 191, 188, 184, 180, 179, 178, 179, 178, 177, 176, 176, 178, 182, 185, 186
2010,14212020,212,CH4 ,10PPBC, 7,23, 183,9999, 182, 188, 188, 189, 185, 186, 188, 187, 186, 185, 188, 187, 185, 184, 181, 177, 176, 177, 177, 179, 184, 183
2010,14212020,212,CH4 ,10PPBC, 7,24, 180, 186, 191, 192, 193, 190, 191, 188, 190, 186, 185, 186, 186, 185, 184, 182, 180, 178, 182, 185, 183, 186, 181, 181
2010,14212020,212,CH4 ,10PPBC, 7,25, 182, 185, 185, 188, 188, 193, 188, 190, 184, 191, 184, 181, 178, 178, 178, 178, 180, 180, 182, 180, 183, 180, 182, 184
2010,14212020,212,CH4 ,10PPBC, 7,26, 183, 184, 182, 181, 181, 183, 184, 186, 186, 184,9999,9999, 178, 177, 178, 177, 178, 180, 182,9999,9999,9999,9999,9999
2010,14212020,212,CH4 ,10PPBC, 7,27,9999,9999,9999,9999,9999,9999,9999,9999,9999,9999,9999,9999,9999, 175, 175, 175, 175, 175, 174, 175, 175, 176, 178, 181
2010,14212020,212,CH4 ,10PPBC, 7,28, 183, 184, 182, 190, 184, 188, 185, 177, 177, 176, 176, 175, 176, 175, 175, 176, 175, 175, 175, 177, 177, 178, 178, 178
2010,14212020,212,CH4 ,10PPBC, 7,29, 179,9999, 180, 179, 180, 183, 181, 180, 180, 180, 180, 177, 176, 177, 176, 175, 176, 176, 176, 176, 176, 175, 175, 175
2010,14212020,212,CH4 ,10PPBC, 7,30, 175, 175, 175, 176, 177, 178, 176, 177, 176, 176, 174, 175, 174, 175, 176, 176, 177, 177, 177, 180, 181, 182, 184, 186
2010,14212020,212,CH4 ,10PPBC, 7,31, 185, 185, 187, 187, 186, 197, 185, 188, 185, 182, 182, 181, 179, 179, 178, 179, 180, 181, 182, 184, 187, 189, 188, 190
2010,14212020,212,CH4 ,10PPBC, 8, 1, 196, 197, 192, 190, 194, 203, 198, 196, 195, 190, 185, 182, 180, 181, 182, 181, 181, 180, 178, 178, 178, 177, 178, 178
2010,14212020,212,CH4 ,10PPBC, 8, 2, 179, 182, 189, 183, 177, 177, 176, 176, 177, 176, 177, 177, 175, 174, 174, 174, 174, 174, 174, 175, 176, 176, 177, 177
2010,14212020,212,CH4 ,10PPBC, 8, 3, 176, 176, 175, 175, 176, 177, 178, 177, 176, 176, 176, 175, 175, 175, 175, 174, 175, 174, 175, 175, 177, 176, 176, 176
2010,14212020,212,CH4 ,10PPBC, 8, 4, 178, 177, 178, 177, 178, 180, 180, 178, 177, 177,9999,9999, 174, 174, 174, 174, 173, 173, 173, 174, 175, 175, 175, 176
2010,14212020,212,CH4 ,10PPBC, 8, 5, 175, 176, 176, 175, 176, 176, 177, 176, 176, 175, 175, 174, 174, 174, 174, 174, 174, 174, 174, 174, 175, 175, 175, 175
2010,14212020,212,CH4 ,10PPBC, 8, 6, 175, 175, 176, 175, 178, 179, 180, 178, 177, 174, 175, 176, 175, 176, 175, 175, 175, 176, 177, 178, 179, 179, 178, 178
2010,14212020,212,CH4 ,10PPBC, 8, 7, 179, 180, 182, 184, 186, 186, 186, 186, 184, 182, 180, 181, 181, 180, 179, 179, 179, 178, 177, 177, 178, 181, 182, 182
2010,14212020,212,CH4 ,10PPBC, 8, 8, 181, 184, 185, 186, 184, 183, 187, 187, 189, 192, 180, 179, 177, 177, 177, 177, 177, 177, 177, 179, 178, 178, 177, 177
2010,14212020,212,CH4 ,10PPBC, 8, 9, 179, 180, 179, 181, 193, 187, 185, 187, 184, 181, 181, 180, 179, 178, 177, 176, 176, 175, 177, 177, 178, 179, 178, 178
2010,14212020,212,CH4 ,10PPBC, 8,10, 179, 179, 178, 187, 190, 182, 179, 182, 180, 186, 178, 175, 174, 175, 174, 174, 174, 175, 175, 176, 176, 177, 179, 175
2010,14212020,212,CH4 ,10PPBC, 8,11, 175, 175, 175, 175, 177, 176, 175, 176, 176, 175, 174, 174, 174, 174, 173,9999,9999, 173, 172, 173, 173, 173, 174, 175
2010,14212020,212,CH4 ,10PPBC, 8,12, 174, 174, 174, 174, 174, 174, 174, 174, 174, 174, 174, 175, 176, 178, 177, 178, 178, 178, 178, 178, 180, 184, 182, 184
2010,14212020,212,CH4 ,10PPBC, 8,13, 181, 193, 186, 187, 186, 191, 187, 188, 186, 187, 187, 186, 185, 191, 187, 187, 187, 187, 187, 188, 189, 189, 191, 189
2010,14212020,212,CH4 ,10PPBC, 8,14, 188, 197, 196, 203, 200, 194, 196, 193, 192, 193, 193, 181, 178, 179, 179, 178, 180, 179, 179, 180, 181, 180, 180, 181
2010,14212020,212,CH4 ,10PPBC, 8,15, 183, 184, 181, 183, 181, 184, 187, 191, 184, 182, 179, 177, 177, 178, 178, 179, 179, 178, 178, 178, 181, 179, 184, 187
2010,14212020,212,CH4 ,10PPBC, 8,16, 188, 189, 188, 184, 188, 188, 186, 189, 185, 186, 185, 183,9999, 181, 180, 181, 181, 181, 183, 185, 184, 179, 177, 180
2010,14212020,212,CH4 ,10PPBC, 8,17, 186, 191, 190, 186, 186, 186, 186, 189, 191, 194, 190, 190, 184, 184, 183, 187, 188, 180, 175, 176, 177, 178, 179, 184
2010,14212020,212,CH4 ,10PPBC, 8,18, 189, 186, 184, 185, 188, 188, 188, 189, 185, 185, 187, 184, 185, 184, 185, 181, 179, 180, 181, 185, 184, 183, 184, 185
2010,14212020,212,CH4 ,10PPBC, 8,19, 187, 187, 192, 186, 184, 184, 186, 187, 188, 189, 188, 190, 189, 187, 189, 187, 185, 185, 185, 183, 185, 185, 186, 192
2010,14212020,212,CH4 ,10PPBC, 8,20, 194, 197, 193, 193, 193, 193, 195, 193, 192, 192, 192, 192, 191, 192, 195, 196, 194, 191, 187, 187, 186, 189, 189, 191
2010,14212020,212,CH4 ,10PPBC, 8,21, 191, 190, 200, 193, 190, 194, 196, 199, 195, 192, 193, 192, 191, 190, 188, 185, 184, 184, 185, 184, 184, 186, 192, 190
2010,14212020,212,CH4 ,10PPBC, 8,22, 191, 190, 190, 191, 197, 198, 192, 191, 189, 188, 185, 184, 183, 183, 182, 182, 181, 180, 181, 181, 183, 184, 186, 187
2010,14212020,212,CH4 ,10PPBC, 8,23, 188, 195, 197, 188, 189, 188, 192, 194, 191, 188, 186, 185, 183, 181, 180, 179, 179, 180, 180, 182, 184, 186, 185, 183
2010,14212020,212,CH4 ,10PPBC, 8,24, 185, 183, 183, 187, 187, 189, 188, 186, 182, 182, 183, 181, 181, 181,9999,9999,9999,9999, 181, 181, 181, 181, 182, 182
2010,14212020,212,CH4 ,10PPBC, 8,25, 183, 184, 191, 191, 190, 199, 194, 193, 187, 181, 182, 181, 180, 179, 180, 179, 179, 180, 182, 181, 183, 183, 184, 186
2010,14212020,212,CH4 ,10PPBC, 8,26, 187, 186, 185, 192, 190, 185, 185, 187, 188, 185, 180, 180, 180, 180, 180, 180, 180, 180, 181, 182, 183, 184, 187, 186
2010,14212020,212,CH4 ,10PPBC, 8,27, 190, 192, 189, 189, 191, 193, 193, 195, 201, 191, 186, 186, 183, 182, 180, 177, 174, 174, 174, 176, 179, 179, 182, 181
2010,14212020,212,CH4 ,10PPBC, 8,28, 182, 180, 182, 191, 189, 186, 186, 186, 192, 188, 181, 179, 176, 175, 174, 175, 176, 176, 177, 177, 179, 180, 182, 185
2010,14212020,212,CH4 ,10PPBC, 8,29, 188, 181, 182, 181, 185, 196, 189, 188, 185, 182, 180, 178, 177, 176, 176, 176, 176, 176, 178, 182, 185, 187, 182, 184
2010,14212020,212,CH4 ,10PPBC, 8,30, 182, 185, 183, 184, 183, 186, 189, 192, 188, 187, 186, 186, 188, 190, 189, 183, 179, 179, 179, 180, 181, 177, 183, 184
2010,14212020,212,CH4 ,10PPBC, 8,31, 183, 185, 183, 182, 191, 187, 192, 187, 190, 190, 189, 190, 185, 180, 177, 177, 176, 179, 180, 179, 178, 180, 181, 179
2010,14212020,212,CH4 ,10PPBC, 9, 1, 179, 179, 181, 181, 180, 181, 187, 189, 181, 185, 178, 178, 177, 176, 176,9999,9999, 177, 177, 179, 181, 183, 182, 182
2010,14212020,212,CH4 ,10PPBC, 9, 2, 188, 184, 184, 185, 190, 189, 188, 189, 189, 186, 185, 183, 183, 183, 182, 181, 181, 181, 181, 181, 181, 181, 182, 184
2010,14212020,212,CH4 ,10PPBC, 9, 3, 186, 186, 187, 185, 187, 184, 192, 193, 187, 184, 183, 182, 181, 181, 180, 180, 181, 181, 181, 182, 183, 192, 197, 192
2010,14212020,212,CH4 ,10PPBC, 9, 4, 191, 199, 188, 185, 186, 185, 196, 188, 186, 184, 184, 185, 184, 185, 182, 181, 181, 181, 181, 181, 182, 182, 184, 186
2010,14212020,212,CH4 ,10PPBC, 9, 5, 186, 191, 185, 193, 190, 186, 194, 191, 187, 185, 182, 180, 179, 179, 178, 177, 177, 176, 178, 178, 180, 182, 182, 181
2010,14212020,212,CH4 ,10PPBC, 9, 6, 182, 181, 180, 182, 184, 186, 190, 188, 178, 178, 177, 176, 175, 173, 173, 173, 173, 174, 175, 174, 174, 175, 174, 175
2010,14212020,212,CH4 ,10PPBC, 9, 7, 175, 175, 176, 176, 177, 178, 179, 180, 177, 176, 176, 176, 175, 175, 174, 175, 174, 174, 175, 174, 175, 181, 182, 178
2010,14212020,212,CH4 ,10PPBC, 9, 8, 183, 185, 185, 186, 183, 183, 185, 187, 188, 188, 188, 189, 190, 189, 186, 185, 185, 183, 182, 182, 181, 180, 180, 181
2010,14212020,212,CH4 ,10PPBC, 9, 9, 183, 183, 184, 185, 186, 186, 186, 186, 187,9999,9999, 187, 187, 186, 186, 187, 187, 187, 188, 189, 191, 191, 193, 195
2010,14212020,212,CH4 ,10PPBC, 9,10, 195, 201, 199, 203, 198, 198, 201, 201, 200, 198, 193, 191, 189, 188, 188, 188, 186, 185, 186, 186, 190, 193, 194, 193
2010,14212020,212,CH4 ,10PPBC, 9,11, 192, 205, 194, 193, 192, 193, 192, 199, 190, 193, 189, 186, 185, 184, 183, 183, 183, 183, 186, 188, 197, 187, 188, 199
2010,14212020,212,CH4 ,10PPBC, 9,12, 198, 203, 197, 213, 202, 195, 196, 189, 191, 193, 193, 195, 205, 202, 194, 188, 188, 187, 186, 184, 183, 183, 183, 183
2010,14212020,212,CH4 ,10PPBC, 9,13, 180, 180, 179, 182, 185, 186, 188, 188, 188, 189, 189, 187, 185, 183, 183, 181, 181, 182, 184, 185, 187, 186, 187, 188
2010,14212020,212,CH4 ,10PPBC, 9,14, 187, 186, 186, 185, 187, 187, 192, 195, 188, 187, 189, 192, 186,9999,9999, 185, 185, 186, 185, 185, 191, 191, 190, 188
2010,14212020,212,CH4 ,10PPBC, 9,15, 195, 187, 188, 188, 187, 188, 188, 187, 186, 186, 187, 186, 188, 188, 188, 189, 188, 188, 188, 189, 188, 189, 189, 188
2010,14212020,212,CH4 ,10PPBC, 9,16, 187, 186, 186, 185, 185, 185, 186, 186, 186, 184, 185, 185, 185, 185, 186, 187, 186, 187, 186, 186, 188, 191, 192, 194
2010,14212020,212,CH4 ,10PPBC, 9,17, 196, 196, 191, 191, 188, 188, 187, 187, 186, 187, 187, 187, 186, 187, 186, 187, 187, 187, 187, 189, 190, 191, 192, 192
2010,14212020,212,CH4 ,10PPBC, 9,18, 191, 189, 187, 188, 187, 189, 189, 187, 187, 188, 188, 187, 187, 188, 188, 188, 186, 187, 188, 188, 190, 191, 191, 190
2010,14212020,212,CH4 ,10PPBC, 9,19, 188, 199, 193, 190, 188, 189, 191, 191, 192, 190, 190, 187, 184, 183, 183, 182, 182, 184, 186, 188, 186, 187, 187, 189
2010,14212020,212,CH4 ,10PPBC, 9,20, 196, 190, 192, 191, 191, 194, 192, 190, 192, 192, 194, 193, 192, 193, 194, 193, 192, 189, 190, 197, 194, 198, 195, 195
2010,14212020,212,CH4 ,10PPBC, 9,21, 197, 194, 192, 192, 195, 196, 195, 193, 192, 190, 190, 189, 191, 191, 190,9999,9999, 190, 189, 190, 190, 203, 198, 200
2010,14212020,212,CH4 ,10PPBC, 9,22, 207, 206, 190, 195, 212, 198, 198, 194, 192, 190, 189, 186, 183, 182, 181, 181, 180, 179, 179, 179, 186, 191, 190, 188
2010,14212020,212,CH4 ,10PPBC, 9,23, 189, 189, 189, 188, 188, 188, 189, 188, 188, 188, 188, 188, 188, 187, 188, 188, 188, 188, 189, 188, 189, 190, 189, 188
2010,14212020,212,CH4 ,10PPBC, 9,24, 186, 186, 187, 187, 187, 188, 191, 193, 191, 190, 191, 191, 191, 191, 191, 191, 191, 191, 191, 192, 191, 191, 190, 190
2010,14212020,212,CH4 ,10PPBC, 9,25, 189, 188, 188, 188, 188, 190, 189, 189, 189, 191, 190, 190, 189, 189, 189, 190, 193, 193, 192, 198, 196, 196, 193, 194
2010,14212020,212,CH4 ,10PPBC, 9,26, 194, 195, 193, 192, 193, 195, 194, 192, 192, 193, 193, 191, 190, 191, 191, 191, 191, 192, 191, 190, 190, 192, 194, 191
2010,14212020,212,CH4 ,10PPBC, 9,27, 192, 191, 191, 190, 190, 190, 190, 191, 189, 189, 188, 187, 187, 186, 186, 187, 187, 188, 188, 188, 189, 189, 188, 188
2010,14212020,212,CH4 ,10PPBC, 9,28, 188, 189, 189, 188, 192, 192, 192, 201, 194, 193, 193, 193, 192, 191, 192, 194, 194, 194, 196, 200, 202, 205, 204, 200
2010,14212020,212,CH4 ,10PPBC, 9,29, 199, 199, 201, 200, 202, 198, 192, 191, 191, 190,9999, 188, 188, 189, 190, 190, 191, 190, 191, 191, 192, 193, 193, 194
2010,14212020,212,CH4 ,10PPBC, 9,30, 194, 190, 191, 190, 190, 191, 191, 191, 190, 190, 189, 191, 193, 191, 191, 190, 192, 191, 192, 195, 193, 191, 192, 192
2010,14212020,212,CH4 ,10PPBC, 9,31,9998,9998,9998,9998,9998,9998,9998,9998,9998,9998,9998,9998,9998,9998,9998,9998,9998,9998,9998,9998,9998,9998,9998,9998
2010,14212020,212,CH4 ,10PPBC,10, 1, 191, 190, 190, 191, 191, 191, 191, 192, 191, 190, 191, 192, 191, 190, 189, 189, 189, 191, 195, 191, 191, 193, 192, 192
2010,14212020,212,CH4 ,10PPBC,10, 2, 192, 191, 190, 190, 191, 192, 191, 190, 189, 190, 189, 188, 187, 186, 187, 188, 189, 189, 190, 189, 191, 191, 198, 197
2010,14212020,212,CH4 ,10PPBC,10, 3, 196, 193, 194, 193, 191, 193, 193, 190, 187, 187, 186, 186, 187, 187, 187, 187, 189, 192, 193, 191, 190, 190, 190, 190
2010,14212020,212,CH4 ,10PPBC,10, 4, 189, 191, 191, 193, 193, 192, 192, 191, 191, 194, 195, 197, 193, 195, 194, 192, 190, 190, 192, 193, 190, 190, 192, 191
2010,14212020,212,CH4 ,10PPBC,10, 5, 191, 190, 189, 190, 191, 190, 190, 190, 189, 189, 191, 192, 188, 187, 187, 188, 188, 190, 189, 190, 190, 192, 192, 190
2010,14212020,212,CH4 ,10PPBC,10, 6, 189, 189, 190, 192, 192, 190, 191, 190, 189, 189, 188, 187, 187, 187, 188, 188, 189, 189, 190, 191, 192, 194, 191, 190
2010,14212020,212,CH4 ,10PPBC,10, 7, 188, 190, 189, 189, 189, 188, 189, 189, 188,9999,9999,9999, 187, 188, 187, 187, 187, 188, 188, 189, 189, 190, 189, 189
2010,14212020,212,CH4 ,10PPBC,10, 8, 188, 187, 187, 186, 188, 188, 188, 188, 188, 187, 188, 190, 188, 187, 188, 188, 191, 192, 196, 196, 196, 191, 190, 189
2010,14212020,212,CH4 ,10PPBC,10, 9, 188, 188, 187, 186, 186, 185, 186, 185, 186, 186, 185, 185, 185, 185, 186, 185, 185, 185, 185, 186, 186, 186, 186, 186
2010,14212020,212,CH4 ,10PPBC,10,10, 185, 186, 188, 186, 186, 186, 187, 188, 188, 188, 187, 187, 185, 188, 186, 186, 186, 186, 188, 192, 191, 199, 198, 208
2010,14212020,212,CH4 ,10PPBC,10,11, 209, 196, 189, 188, 190, 187, 186, 189, 188, 184, 183, 184, 184, 185, 185, 185, 185, 186, 188, 190, 190, 191, 193, 193
2010,14212020,212,CH4 ,10PPBC,10,12, 188, 187, 187, 189, 187, 186, 186, 186, 187, 190, 192, 193, 192, 190, 187, 186, 184, 185, 185, 186, 188, 192, 190, 190
2010,14212020,212,CH4 ,10PPBC,10,13, 188, 191, 189, 189, 188, 187, 186, 187, 188, 190,9999,9999, 191, 190, 194, 195, 194, 194, 196, 198, 202, 196, 197, 193
2010,14212020,212,CH4 ,10PPBC,10,14, 191, 192, 191, 190, 188, 189, 188, 189, 190, 189, 190, 190, 191, 191, 190, 189, 190, 191, 193, 192, 196, 195, 192, 192
2010,14212020,212,CH4 ,10PPBC,10,15, 193, 192, 190, 190, 190, 191, 193, 193, 192, 191, 192, 190, 190, 191, 191, 189, 189, 192, 192, 195, 192, 194, 195, 193
2010,14212020,212,CH4 ,10PPBC,10,16, 193, 193, 192, 191, 191, 193, 194, 191, 192, 192, 192, 190, 190, 190, 193, 191, 190, 191, 194, 200, 196, 194, 194, 194
2010,14212020,212,CH4 ,10PPBC,10,17, 193, 192, 192, 190, 190, 189, 190, 190, 189, 189, 189, 189, 188, 189, 189, 190, 190, 192, 191, 191, 193, 193, 193, 194
2010,14212020,212,CH4 ,10PPBC,10,18, 192, 192, 192, 191, 190, 191, 195, 196, 193, 192, 190, 191, 193, 192, 193, 192, 190, 191, 192, 192, 191, 194, 195, 193
2010,14212020,212,CH4 ,10PPBC,10,19, 193, 191, 189, 189, 188, 189, 189, 189, 189, 190, 189, 189, 189, 190, 190, 191, 191, 190, 191, 191, 190, 190, 189, 189
2010,14212020,212,CH4 ,10PPBC,10,20, 189, 189, 189, 188, 188, 191, 192, 193, 190, 189, 188, 189, 190, 189, 190, 191, 190, 191, 192, 190, 191, 192, 191, 191
2010,14212020,212,CH4 ,10PPBC,10,21, 190, 190, 191, 190, 189, 189, 189, 189, 188, 190,9999, 188, 188, 188, 189, 189, 188, 189, 189, 190, 189, 190, 190, 189
2010,14212020,212,CH4 ,10PPBC,10,22, 189, 190, 191, 191, 191, 191, 192, 193, 191, 191, 191, 191, 191, 191, 190, 192, 190, 191, 191, 191, 191, 192, 192, 191
2010,14212020,212,CH4 ,10PPBC,10,23, 191, 191, 191, 192, 192, 192, 191, 191, 191, 191, 190, 190, 191, 191, 191, 191, 190, 191, 192, 195, 193, 193, 193, 193
2010,14212020,212,CH4 ,10PPBC,10,24, 194, 193, 194, 193, 192, 190, 193, 194, 193, 194, 196, 193, 194, 195, 193, 194, 194, 194, 196, 196, 197, 196, 193, 194
2010,14212020,212,CH4 ,10PPBC,10,25, 194, 194, 194, 194, 192, 193, 193, 194, 196, 198, 194, 192, 192, 192, 193, 192, 192, 194, 196, 198, 200, 198, 194, 192
2010,14212020,212,CH4 ,10PPBC,10,26, 190, 188, 187, 189, 190, 190, 190, 192, 194, 199, 196, 192, 192, 190, 190, 194, 191, 192, 192, 192, 192, 192, 193, 192
2010,14212020,212,CH4 ,10PPBC,10,27, 192, 192, 192, 194, 193, 192, 191, 192, 193, 192,9999,9999, 188, 187, 187, 187, 188, 191, 191, 190, 191, 192, 193, 191
2010,14212020,212,CH4 ,10PPBC,10,28, 191, 192, 190, 189, 188, 188, 189, 188, 188, 188, 187, 187, 187, 187, 188, 188, 187, 187, 188, 188, 188, 187, 187, 187
2010,14212020,212,CH4 ,10PPBC,10,29, 189, 190, 190, 192, 191, 191, 192, 192, 192, 191, 190, 189, 189, 189, 191, 192, 191, 192, 190, 189, 190, 190, 188, 190
2010,14212020,212,CH4 ,10PPBC,10,30, 189, 189, 190, 189, 186, 188, 188, 188, 188, 187, 188, 187, 187, 187, 186, 187, 186, 185, 185, 186, 186, 186, 185, 186
2010,14212020,212,CH4 ,10PPBC,10,31, 186, 184, 184, 184, 184, 184, 185, 186, 184, 184, 186, 186, 186, 186, 187, 187, 187, 186, 186, 187, 188, 187, 188, 188
2010,14212020,212,CH4 ,10PPBC,11, 1, 187, 187, 185, 185, 184, 184, 184, 187, 187, 188, 185, 186, 186, 187, 186, 186, 194, 192, 188, 189, 190, 192, 194, 191
2010,14212020,212,CH4 ,10PPBC,11, 2, 191, 192, 192, 194, 193, 198, 199, 195, 196, 196, 193, 187, 185, 184, 185, 187, 187, 189, 192, 189, 191, 192, 195, 195
2010,14212020,212,CH4 ,10PPBC,11, 3, 191, 189, 189, 188, 189, 190, 189, 193, 192, 192, 189, 188, 188, 188, 189, 190, 192, 192, 189, 188, 187, 189, 192, 190
2010,14212020,212,CH4 ,10PPBC,11, 4, 189, 189, 191, 189, 189, 189, 191, 193, 193, 191, 191, 191, 192, 192, 193, 192, 194, 206, 196, 193, 195, 194, 195, 192
2010,14212020,212,CH4 ,10PPBC,11, 5, 192, 191, 195, 191, 192, 192, 198, 195, 195, 192,9999,9999,9999, 187, 187, 188, 188, 193, 193, 190, 191, 193, 193, 193
2010,14212020,212,CH4 ,10PPBC,11, 6, 192, 189, 189, 189, 188, 188, 189, 191, 189, 190, 190, 188, 189, 188, 188, 191, 191, 193, 201, 199, 193, 195, 192, 191
2010,14212020,212,CH4 ,10PPBC,11, 7, 188, 188, 188, 187, 188, 190, 190, 190, 190, 189, 188, 189, 190, 188, 187, 188, 189, 192, 193, 190, 191, 190, 188, 189
2010,14212020,212,CH4 ,10PPBC,11, 8, 188, 188, 189, 187, 188, 189, 191, 192, 190, 188, 192, 194, 193, 192, 190, 189, 190, 191, 192, 195, 194, 195, 194, 195
2010,14212020,212,CH4 ,10PPBC,11, 9, 194, 193, 194, 193, 195, 192, 193, 190, 189, 188, 188, 187, 186, 186, 187, 187, 187, 190, 193, 191, 192, 193, 195, 194
2010,14212020,212,CH4 ,10PPBC,11,10, 194, 196, 198, 199, 201, 199, 198, 199, 197, 196,9999,9999, 191, 188, 187, 187, 190, 188, 188, 189, 190, 192, 195, 192
2010,14212020,212,CH4 ,10PPBC,11,11, 192, 193, 191, 191, 192, 198, 194, 193, 193, 189, 189, 189, 189, 188, 191, 189, 190, 193, 199, 194, 194, 194, 195, 194
2010,14212020,212,CH4 ,10PPBC,11,12, 193, 192, 192, 192, 191, 191, 192, 197, 196, 196, 196, 191, 189, 187, 188, 187, 187, 189, 190, 193, 193, 195, 193, 191
2010,14212020,212,CH4 ,10PPBC,11,13, 191, 192, 191, 190, 189, 189, 191, 193, 190, 191, 192, 190, 190, 189, 191, 193, 194, 199, 196, 196, 198, 198, 195, 195
2010,14212020,212,CH4 ,10PPBC,11,14, 195, 196, 192, 194, 192, 192, 192, 193, 194, 195, 195, 195, 193, 192, 191, 194, 196, 198, 197, 198, 199, 196, 192, 189
2010,14212020,212,CH4 ,10PPBC,11,15, 191, 189, 190, 191, 194, 192, 193, 191, 188, 190, 190, 189, 189, 190, 193, 192, 191, 189, 190, 190, 191, 190, 190, 191
2010,14212020,212,CH4 ,10PPBC,11,16, 191, 190, 190, 191, 192, 192, 192, 193, 193, 192, 193, 193, 191, 192, 192, 191, 194, 196, 193, 193, 196, 197, 197, 195
2010,14212020,212,CH4 ,10PPBC,11,17, 195, 195, 194, 192, 192, 191, 192, 193, 191, 191,9999,9999, 188, 189, 189, 190, 190, 189, 189, 188, 189, 190, 190, 190
2010,14212020,212,CH4 ,10PPBC,11,18, 191, 190, 189, 189, 188, 189, 189, 190, 192, 190, 190, 190, 189, 188, 187, 187, 188, 189, 190, 189, 189, 189, 188, 188
2010,14212020,212,CH4 ,10PPBC,11,19, 191, 190, 190, 190, 190, 190, 190, 191, 189, 189, 189, 189, 189, 189, 189, 190, 192, 197, 193, 192, 193, 193, 192, 191
2010,14212020,212,CH4 ,10PPBC,11,20, 190, 192, 191, 189, 189, 189, 190, 191, 189, 189, 189, 188, 188, 188, 188, 190, 190, 191, 191, 193, 192, 197, 194, 192
2010,14212020,212,CH4 ,10PPBC,11,21, 190, 193, 191, 189, 188, 188, 187, 188, 187, 188, 188, 188, 188, 188, 189, 188, 189, 192, 192, 193, 193, 191, 189, 189
2010,14212020,212,CH4 ,10PPBC,11,22, 187, 188, 189, 189, 189, 187, 187, 188, 189, 188, 188, 187, 187, 188, 190, 191, 190, 191, 191, 193, 194, 196, 193, 192
2010,14212020,212,CH4 ,10PPBC,11,23, 189, 185, 186, 185, 184, 184, 184, 183, 184, 185, 186, 187, 188, 189, 190, 190, 192, 190, 190, 189, 190, 191, 194, 194
2010,14212020,212,CH4 ,10PPBC,11,24, 195, 191, 190, 189, 188, 189, 190, 191, 191, 193, 189, 189, 191,9999, 190, 191, 192, 192, 195, 195, 197, 202, 199, 197
2010,14212020,212,CH4 ,10PPBC,11,25, 197, 196, 198, 194, 194, 195, 196, 198, 199, 198, 193, 194, 195, 194, 194, 196, 198, 196, 196, 195, 195, 194, 195, 195
2010,14212020,212,CH4 ,10PPBC,11,26, 197, 196, 196, 193, 193, 196, 199, 199, 195, 194, 192, 189, 189, 189, 191, 192, 192, 196, 198, 199, 200, 198, 193, 190
2010,14212020,212,CH4 ,10PPBC,11,27, 191, 189, 189, 188, 189, 190, 189, 189, 189, 189, 189, 189, 190, 190, 193, 192, 191, 190, 190, 193, 192, 192, 193, 195
2010,14212020,212,CH4 ,10PPBC,11,28, 196, 194, 194, 196, 195, 193, 193, 193, 194, 192, 190, 188, 188, 188, 188, 188, 189, 191, 194, 193, 195, 196, 198, 195
2010,14212020,212,CH4 ,10PPBC,11,29, 194, 194, 193, 196, 198, 195, 194, 194, 194, 193, 191, 190, 188, 188, 188, 189, 189, 192, 193, 192, 195, 196, 198, 196
2010,14212020,212,CH4 ,10PPBC,11,30, 196, 195, 194, 195, 191, 195, 194, 195, 194, 193, 194, 194, 191, 193, 191, 191, 191, 197, 200, 197, 197, 196, 196, 194
2010,14212020,212,CH4 ,10PPBC,11,31,9998,9998,9998,9998,9998,9998,9998,9998,9998,9998,9998,9998,9998,9998,9998,9998,9998,9998,9998,9998,9998,9998,9998,9998
2010,14212020,212,CH4 ,10PPBC,12, 1, 195, 197, 197, 194, 196, 194, 195, 195, 194, 193,9999,9999,9999, 192, 190, 193, 198, 202, 194, 196, 197, 198, 196, 195
2010,14212020,212,CH4 ,10PPBC,12, 2, 192, 192, 191, 190, 190, 190, 190, 190, 190, 191, 190, 190, 191, 191, 192, 192, 194, 194, 192, 193, 193, 194, 193, 193
2010,14212020,212,CH4 ,10PPBC,12, 3, 193, 193, 193, 193, 196, 199, 200, 192, 193, 188, 185, 185, 188, 188, 188, 187, 187, 185, 188, 190, 190, 191, 192, 191
2010,14212020,212,CH4 ,10PPBC,12, 4, 193, 190, 190, 191, 192, 192, 193, 195, 193, 192, 191, 192, 190, 189, 191, 190, 190, 191, 191, 193, 196, 196, 196, 195
2010,14212020,212,CH4 ,10PPBC,12, 5, 193, 192, 192, 191, 193, 192, 193, 193, 191, 190, 189, 192, 191, 192, 191, 190, 191, 193, 194, 194, 194, 193, 192, 191
2010,14212020,212,CH4 ,10PPBC,12, 6, 191, 190, 190, 190, 189, 191, 190, 193, 191, 193,9999,9999,9999,9999, 191, 191, 190, 195, 192, 193, 194, 196, 199, 195
2010,14212020,212,CH4 ,10PPBC,12, 7, 194, 194, 193, 194, 192, 193, 192, 191, 190, 192, 192, 193, 191, 188, 189, 189, 190, 189, 189, 189, 190, 189, 189, 189
2010,14212020,212,CH4 ,10PPBC,12, 8, 190, 190, 193, 190, 192, 190, 191, 192, 192, 193, 193, 192, 191, 192, 191, 191, 191, 191, 189, 190, 192, 191, 191, 190
2010,14212020,212,CH4 ,10PPBC,12, 9, 191, 190, 192, 190, 192, 194, 195, 195, 194, 192, 192, 192, 191, 192, 189, 192, 193, 195, 194, 196, 195, 198, 197, 198
2010,14212020,212,CH4 ,10PPBC,12,10, 202, 199, 196, 198, 201, 207, 200, 195, 193, 192, 195, 193, 191, 191, 191, 192, 192, 195, 195, 200, 202, 201, 198, 198
2010,14212020,212,CH4 ,10PPBC,12,11, 195, 194, 193, 194, 194, 195, 196, 195, 196, 191, 189, 187, 187, 186, 186, 187, 187, 189, 190, 191, 189, 188, 189, 191
2010,14212020,212,CH4 ,10PPBC,12,12, 192, 193, 194, 193, 191, 191, 191, 191, 191, 191, 191, 190, 190, 190, 189, 190, 190, 190, 193, 194, 193, 192, 192, 190
2010,14212020,212,CH4 ,10PPBC,12,13, 190, 191, 190, 189, 189, 189, 190, 190, 189, 190, 191, 191, 191, 191, 191, 190, 190, 190, 190, 190, 193, 194, 195, 200
2010,14212020,212,CH4 ,10PPBC,12,14, 197, 197, 195, 193, 190, 191, 193, 192, 193, 193, 195, 194, 194, 195, 196, 197, 199, 201, 202, 200, 204, 209, 211, 198
2010,14212020,212,CH4 ,10PPBC,12,15, 193, 195, 194, 195, 193, 193, 194, 198,9999,9999, 191, 191, 191, 189, 191, 193, 199, 190, 189, 191, 191, 192, 193, 192
2010,14212020,212,CH4 ,10PPBC,12,16, 193, 193, 193, 192, 193, 194, 193, 194, 195, 196, 196, 195, 196, 198, 197, 195, 195, 196, 197, 197, 198, 197, 198, 198
2010,14212020,212,CH4 ,10PPBC,12,17, 199, 200, 199, 197, 197, 198, 198, 201, 198, 196, 193, 193, 192, 193, 191, 194, 194, 201, 199, 201, 199, 198, 196, 195
2010,14212020,212,CH4 ,10PPBC,12,18, 196, 193, 193, 193, 199, 196, 199, 197, 198, 196, 193, 193, 193, 193, 192, 192, 192, 190, 191, 190, 192, 196, 195, 194
2010,14212020,212,CH4 ,10PPBC,12,19, 196, 195, 194, 196, 194, 192, 192, 194, 192, 192, 191, 192, 192, 193, 193, 196, 200, 201, 203, 199, 203, 201, 194, 194
2010,14212020,212,CH4 ,10PPBC,12,20, 193, 193, 194, 195, 195, 198, 196, 198, 203, 203, 194, 189, 189, 188, 189, 191, 191, 191, 192, 192, 193, 192, 191, 191
2010,14212020,212,CH4 ,10PPBC,12,21, 189, 190, 194, 189, 188, 189, 189, 190, 190, 188, 188,9999,9999,9999, 191, 191, 191, 191, 191, 191, 193, 192, 191, 190
2010,14212020,212,CH4 ,10PPBC,12,22, 190, 190, 190, 191, 191, 189, 191, 196, 196, 194, 193, 186, 185, 185, 185, 187, 191, 191, 192, 193, 193, 196, 193, 195
2010,14212020,212,CH4 ,10PPBC,12,23, 192, 191, 192, 190, 191, 190, 196, 195, 194, 193, 192, 188, 188, 188, 187, 187, 189, 190, 194, 195, 196, 199, 203, 197
2010,14212020,212,CH4 ,10PPBC,12,24, 196, 197, 196, 199, 201, 196, 195, 195, 198, 194, 192, 192, 191, 191, 191, 191, 190, 193, 193, 195, 197, 197, 196, 198
2010,14212020,212,CH4 ,10PPBC,12,25, 198, 200, 199, 199, 200, 196, 190, 189, 190, 191, 190, 190, 190, 190, 190, 189, 189, 189, 190, 190, 191, 189, 191, 190
2010,14212020,212,CH4 ,10PPBC,12,26, 192, 195, 197, 192, 192, 192, 193, 193, 195, 195, 191, 190, 190, 190, 189, 189, 189, 190, 191, 191, 191, 192, 196, 197
2010,14212020,212,CH4 ,10PPBC,12,27, 196, 196, 195, 200, 198, 194, 196, 199, 200, 193,9999, 191, 191, 192, 192, 191, 192, 195, 197, 197, 199, 196, 196, 195
2010,14212020,212,CH4 ,10PPBC,12,28, 195, 196, 195, 194, 193, 194, 194, 197, 198, 195, 197, 193, 191, 191, 191, 190, 190, 190, 191, 190, 190, 192, 196, 200
2010,14212020,212,CH4 ,10PPBC,12,29, 199, 204, 201, 201, 201, 202, 201, 204, 203, 199, 198, 195, 192, 191, 191, 191, 198, 193, 192, 192, 192, 194, 196, 199
2010,14212020,212,CH4 ,10PPBC,12,30, 196, 196, 196, 196, 195, 195, 194, 198, 198, 199, 198, 197, 198, 198, 197, 200, 200, 195, 195, 196, 196, 198, 197, 198
2010,14212020,212,CH4 ,10PPBC,12,31, 200, 200, 203, 199, 199, 200, 201, 201, 200, 195, 194, 193, 191, 192, 192, 192, 192, 193, 196, 201, 200, 205, 201, 201
2010,14212020,212,CH4 ,10PPBC, 1, 1, 203, 198, 202, 199, 197, 196, 198, 197, 198, 199, 196, 194, 195, 194, 194, 194, 197, 198, 195, 197, 196, 196, 195, 195
2010,14212020,212,CH4 ,10PPBC, 1, 2, 195, 195, 193, 194, 194, 195, 195, 195, 195, 195, 193, 193, 191, 192, 191, 190, 193, 207, 195, 192, 196, 195, 197, 197
2010,14212020,212,CH4 ,10PPBC, 1, 3, 197, 193, 192, 193, 192, 192, 192, 193, 194, 194, 192, 191, 192, 193, 193, 193, 194, 199, 197, 198, 197, 196, 195, 195
2010,14212020,212,CH4 ,10PPBC, 1, 4, 193, 193, 192, 192, 193, 191, 192, 192, 192, 193, 193, 194, 192, 191, 191, 192, 193, 195, 196, 196, 196, 196, 196, 197
2010,14212020,212,CH4 ,10PPBC, 1, 5, 196, 195, 195, 193, 192, 192, 194, 196, 196, 195, 194, 191, 190, 190, 190, 189, 189, 190, 191, 190, 191, 191, 192, 191
2010,14212020,212,CH4 ,10PPBC, 1, 6, 192, 191, 192, 190, 192, 192, 192, 195, 199, 193,9999, 191, 193, 190, 189, 191, 191, 191, 192, 192, 193, 195, 195, 192
2010,14212020,212,CH4 ,10PPBC, 1, 7, 191, 191, 191, 190, 191, 191, 192, 192, 192, 192, 191, 191, 192, 193, 191, 191, 192, 193, 195, 196, 196, 193, 194, 193
2010,14212020,212,CH4 ,10PPBC, 1, 8, 195, 194, 195, 194, 193, 195, 192, 194, 194, 194, 193, 194, 192, 191, 191, 190, 191, 193, 194, 199, 197, 199, 197, 200
2010,14212020,212,CH4 ,10PPBC, 1, 9, 197, 197, 194, 198, 197, 199, 195, 195, 195, 194, 192, 191, 191, 189, 190, 189, 194, 197, 195, 192, 191, 191, 192, 192
2010,14212020,212,CH4 ,10PPBC, 1,10, 191, 192, 192, 193, 195, 194, 194, 196, 194, 194, 195, 193, 192, 193, 192, 192, 192, 196, 194, 195, 196, 199, 197, 195
2010,14212020,212,CH4 ,10PPBC, 1,11, 194, 194, 194, 195, 196, 194, 194, 194, 195, 198, 197, 197, 196, 194, 196, 195, 194, 196, 196, 198, 199, 198, 200, 198
2010,14212020,212,CH4 ,10PPBC, 1,12, 198, 197, 198, 198, 199, 199, 201, 200, 198, 200, 198, 196, 196, 195, 193, 194, 193, 197, 196, 192, 191, 192, 194, 196
2010,14212020,212,CH4 ,10PPBC, 1,13, 197, 195, 195, 193, 192, 193, 194, 194, 196, 194,9999,9999, 191, 190, 190, 190, 190, 189, 188, 188, 190, 190, 190, 190
2010,14212020,212,CH4 ,10PPBC, 1,14, 190, 191, 192, 194, 193, 194, 193, 196, 194, 195, 193, 191, 192, 191, 191, 191, 190, 191, 192, 193, 195, 196, 194, 193
2010,14212020,212,CH4 ,10PPBC, 1,15, 192, 191, 191, 194, 194, 197, 194, 195, 193, 191, 190, 192, 192, 191, 191, 192, 193, 196, 194, 199, 198, 197, 196, 195
2010,14212020,212,CH4 ,10PPBC, 1,16, 195, 195, 195, 194, 195, 190, 190, 191, 189, 189, 189, 189, 188, 188, 188, 190, 189, 190, 190, 190, 189, 190, 190, 189
2010,14212020,212,CH4 ,10PPBC, 1,17, 190, 192, 194, 194, 195, 194, 193, 196, 199, 194, 191, 188, 188, 186, 187, 185, 186, 187, 189, 189, 188, 190, 190, 194
2010,14212020,212,CH4 ,10PPBC, 1,18, 196, 196, 195, 195, 194, 191, 193, 192, 190, 191, 189, 190, 190, 189, 188, 188, 187, 190, 194, 194, 193, 191, 189, 189
2010,14212020,212,CH4 ,10PPBC, 1,19, 189, 189, 189, 189, 191, 191, 192, 195, 192, 192, 189, 189, 189, 187, 188, 189, 189, 190, 194, 193, 189, 189, 189, 191
2010,14212020,212,CH4 ,10PPBC, 1,20, 192, 192, 190, 192, 192, 191, 191, 192, 192, 191, 191, 188, 190, 189, 187,9999,9999, 192, 192, 193, 193, 194, 198, 198
2010,14212020,212,CH4 ,10PPBC, 1,21, 197, 197, 195, 195, 195, 193, 194, 193, 195, 194, 194, 193, 193, 193, 193, 194, 193, 194, 195, 197, 200, 198, 197, 194
2010,14212020,212,CH4 ,10PPBC, 1,22, 192, 193, 193, 192, 192, 193, 196, 195, 196, 195, 194, 193, 193, 192, 190, 189, 190, 190, 196, 195, 196, 193, 192, 194
2010,14212020,212,CH4 ,10PPBC, 1,23, 195, 193, 194, 197, 194, 195, 195, 195, 195, 196, 194, 195, 196, 194, 192, 195, 198, 198, 198, 199, 196, 195, 195, 195
2010,14212020,212,CH4 ,10PPBC, 1,24, 194, 193, 193, 192, 193, 193, 194, 195, 195, 195, 195, 196, 196, 195, 195, 194, 195, 195, 196, 196, 195, 192, 193, 194
2010,14212020,212,CH4 ,10PPBC, 1,25, 194, 194, 196, 195, 194, 195, 197, 197, 197, 198, 195, 195, 194, 196, 194, 195, 197, 202, 197, 195, 196, 195, 195, 195
2010,14212020,212,CH4 ,10PPBC, 1,26, 195, 196, 196, 196, 198, 197, 199, 201, 199, 197,9999,9999,9999, 191, 191, 191, 194, 192, 194, 193, 190, 191, 192, 193
2010,14212020,212,CH4 ,10PPBC, 1,27, 194, 195, 197, 196, 200, 196, 199, 198, 195, 195, 193, 193, 191, 192, 191, 192, 191, 192, 191, 190, 191, 191, 193, 194
2010,14212020,212,CH4 ,10PPBC, 1,28, 193, 195, 197, 195, 196, 195, 195, 195, 197, 194, 193, 192, 192, 192, 191, 190, 192, 191, 191, 190, 191, 193, 193, 193
2010,14212020,212,CH4 ,10PPBC, 1,29, 195, 196, 195, 194, 195, 196, 196, 194, 193, 192, 191, 193, 192, 192, 192, 193, 193, 192, 198, 197, 195, 196, 198, 196
2010,14212020,212,CH4 ,10PPBC, 1,30, 196, 197, 197, 195, 192, 190, 193, 193, 190, 191, 190, 190, 189, 189, 189, 190, 191, 192, 192, 192, 192, 191, 192, 195
2010,14212020,212,CH4 ,10PPBC, 1,31, 196, 196, 196, 197, 197, 195, 196, 197, 195, 192, 193, 191, 192, 191, 190, 190, 189, 190, 192, 193, 193, 196, 197, 195
2010,14212020,212,CH4 ,10PPBC, 2, 1, 194, 194, 194, 195, 196, 196, 196, 198, 195, 196, 193, 192, 192, 190,9999,9999, 189, 192, 198, 195, 196, 196, 197, 195
2010,14212020,212,CH4 ,10PPBC, 2, 2, 192, 192, 192, 194, 195, 193, 193, 194, 194, 195, 194, 194, 195, 198, 201, 196, 194, 196, 196, 202, 201, 200, 201, 199
2010,14212020,212,CH4 ,10PPBC, 2, 3, 198, 197, 197, 197, 196, 197, 198, 200, 199, 196, 194, 194, 194, 193, 195, 198, 193, 195, 196, 196, 195, 198, 201, 197
2010,14212020,212,CH4 ,10PPBC, 2, 4, 195, 195, 196, 192, 192, 192, 192, 194, 195, 194, 194, 192, 192, 192, 190, 190, 189, 190, 193, 194, 196, 195, 195, 195
2010,14212020,212,CH4 ,10PPBC, 2, 5, 194, 192, 193, 193, 193, 193, 193, 194, 194, 193, 193, 193, 193, 194, 193, 195, 198, 200, 202, 203, 201, 197, 195, 194
2010,14212020,212,CH4 ,10PPBC, 2, 6, 194, 196, 197, 196, 196, 195, 194, 196, 197, 196, 197, 198, 199, 198, 200, 199, 200, 202, 204, 202, 201, 201, 201, 201
2010,14212020,212,CH4 ,10PPBC, 2, 7, 202, 203, 203, 204, 204, 203, 205, 202, 199, 194, 193, 192, 192, 191, 191, 192, 194, 193, 193, 191, 194, 194, 193, 193
2010,14212020,212,CH4 ,10PPBC, 2, 8, 193, 193, 192, 192, 192, 193, 193, 194, 197, 194, 193, 193, 192, 194, 198, 197, 198, 199, 201, 203, 200, 197, 195, 193
2010,14212020,212,CH4 ,10PPBC, 2, 9, 192, 192, 193, 191, 192, 192, 193, 192, 192, 192, 192,9999,9999, 191, 191, 192, 193, 193, 199, 200, 201, 202, 201, 201
2010,14212020,212,CH4 ,10PPBC, 2,10, 200, 198, 199, 196, 193, 194, 195, 196, 196, 195, 193, 193, 193, 192, 193, 193, 194, 194, 193, 194, 192, 192, 192, 192
2010,14212020,212,CH4 ,10PPBC, 2,11, 191, 192, 192, 192, 191, 190, 190, 191, 191, 192, 192, 192, 191, 192, 192, 192, 192, 193, 194, 193, 193, 193, 191, 191
2010,14212020,212,CH4 ,10PPBC, 2,12, 190, 190, 191, 190, 191, 191, 192, 191, 192, 191, 191, 192, 191, 191, 192, 192, 191, 192, 193, 193, 195, 195, 197, 198
2010,14212020,212,CH4 ,10PPBC, 2,13, 199, 199, 197, 197, 203, 199, 195, 196, 195, 194, 192, 192, 192, 192, 192, 192, 191, 195, 195, 195, 194, 194, 194, 194
2010,14212020,212,CH4 ,10PPBC, 2,14, 193, 192, 192, 193, 193, 194, 193, 196, 195, 195, 196, 196, 195, 197, 197, 197, 197, 196, 196, 195, 194, 194, 194, 193
2010,14212020,212,CH4 ,10PPBC, 2,15, 192, 192, 192, 192, 192, 192, 194, 195, 194, 194,9999,9999, 192, 192, 191, 192, 191, 190, 192, 192, 193, 194, 194, 197
2010,14212020,212,CH4 ,10PPBC, 2,16, 197, 197, 196, 197, 198, 198, 198, 198, 194, 193, 195, 195, 194, 194, 194, 193, 191, 192, 194, 195, 196, 194, 194, 194
2010,14212020,212,CH4 ,10PPBC, 2,17, 195, 195, 193, 194, 194, 193, 195, 196, 194, 198, 200, 204, 207, 194, 190, 188, 187, 189, 188, 189, 188, 189, 191, 190
2010,14212020,212,CH4 ,10PPBC, 2,18, 190, 188, 192, 194, 193, 190, 186, 193, 191, 192, 190, 188, 188, 187, 187, 190, 188, 189, 189, 190, 191, 191, 190, 191
2010,14212020,212,CH4 ,10PPBC, 2,19, 190, 191, 190, 191, 192, 193, 194, 193, 194, 193, 193, 193, 193, 193, 193, 194, 193, 193, 194, 194, 195, 195, 196, 199
2010,14212020,212,CH4 ,10PPBC, 2,20, 199, 195, 193, 195, 193, 193, 192, 193, 192, 193, 193, 194, 194, 193, 192, 191, 192, 194, 194, 193, 193, 192, 191, 191
2010,14212020,212,CH4 ,10PPBC, 2,21, 191, 191, 191, 191, 191, 191, 192, 192, 192, 192, 192, 192, 191, 191, 191, 191, 191, 191, 191, 191, 191, 192, 192, 192
2010,14212020,212,CH4 ,10PPBC, 2,22, 192, 192, 191, 190, 191, 191, 193, 194, 194, 196, 194, 192, 192, 192, 191, 190, 192, 193, 196, 196, 194, 196, 198, 198
2010,14212020,212,CH4 ,10PPBC, 2,23, 196, 194, 194, 193, 192, 192, 193, 193, 192,9999,9999,9999, 192, 193, 194, 191, 189, 191, 190, 192, 195, 197, 197, 193
2010,14212020,212,CH4 ,10PPBC, 2,24, 191, 192, 192, 192, 190, 192, 193, 194, 194, 195, 194, 195, 193, 191, 189, 189, 188, 190, 190, 194, 191, 192, 191, 191
2010,14212020,212,CH4 ,10PPBC, 2,25, 191, 189, 190, 187, 188, 193, 191, 190, 187, 185, 184, 185, 185, 183, 183, 184, 183, 183, 184, 185, 188, 189, 189, 188
2010,14212020,212,CH4 ,10PPBC, 2,26, 188, 189, 189, 189, 189, 189, 191, 191, 191, 191, 192, 192, 193, 194, 194, 192, 191, 191, 192, 193, 196, 197, 195, 194
2010,14212020,212,CH4 ,10PPBC, 2,27, 194, 194, 193, 194, 194, 193, 194, 196, 199, 198, 195, 191, 189, 189, 189, 188, 187, 187, 189, 194, 193, 193, 192, 193
2010,14212020,212,CH4 ,10PPBC, 2,28, 193, 192, 191, 191, 191, 191, 191, 192, 191, 192, 191, 192, 191, 192, 191, 191, 191, 191, 191, 192, 191, 191, 191, 191
2010,14212020,212,CH4 ,10PPBC, 2,29,9998,9998,9998,9998,9998,9998,9998,9998,9998,9998,9998,9998,9998,9998,9998,9998,9998,9998,9998,9998,9998,9998,9998,9998
2010,14212020,212,CH4 ,10PPBC, 2,30,9998,9998,9998,9998,9998,9998,9998,9998,9998,9998,9998,9998,9998,9998,9998,9998,9998,9998,9998,9998,9998,9998,9998,9998
2010,14212020,212,CH4 ,10PPBC, 2,31,9998,9998,9998,9998,9998,9998,9998,9998,9998,9998,9998,9998,9998,9998,9998,9998,9998,9998,9998,9998,9998,9998,9998,9998
2010,14212020,212,CH4 ,10PPBC, 3, 1, 191, 191, 191, 191, 191, 192, 193, 194, 193, 195, 194, 194, 197, 195, 193, 193, 193, 194, 194, 193, 193, 194, 194, 194
2010,14212020,212,CH4 ,10PPBC, 3, 2, 193, 195, 195, 195, 196, 195, 198, 198, 202, 196,9999,9999,9999,9999,9999,9999,9999,9999,9999,9999,9999,9999,9999,9999
2010,14212020,212,CH4 ,10PPBC, 3, 3,9999,9999,9999,9999,9999,9999,9999,9999,9999,9999,9999,9999,9999,9999,9999,9999,9999,9999,9999,9999, 193, 194, 194, 195
2010,14212020,212,CH4 ,10PPBC, 3, 4, 195,9999, 194, 196, 195, 194, 195, 194, 193, 192, 193, 193, 193, 192, 193, 192, 193, 193, 192, 194, 195, 197, 196, 197
2010,14212020,212,CH4 ,10PPBC, 3, 5, 197, 197, 197, 195, 195, 193, 195, 197, 193, 193, 193, 192, 192, 192, 191, 191, 190, 190, 191, 193, 194, 195, 195, 195
2010,14212020,212,CH4 ,10PPBC, 3, 6, 194, 193, 194, 194, 194, 194, 196, 194, 194, 193, 194, 193, 193, 192, 191, 192, 194, 195, 194, 196, 197, 195, 196, 196
2010,14212020,212,CH4 ,10PPBC, 3, 7, 194, 192, 191, 190, 189, 189, 189, 189, 190, 191, 191, 192, 192, 192, 193, 192, 192, 192, 193, 194, 195, 197, 197, 195
2010,14212020,212,CH4 ,10PPBC, 3, 8, 196, 195, 195, 197, 197, 196, 198, 198, 197, 196,9999,9999,9999, 194, 194, 195, 195, 195, 195, 197, 197, 197, 198, 196
2010,14212020,212,CH4 ,10PPBC, 3, 9, 193, 192, 192, 193, 192, 194, 196, 195, 195, 196, 195, 193, 191, 191, 191, 189, 189, 190, 190, 190, 192, 191, 190, 191
2010,14212020,212,CH4 ,10PPBC, 3,10, 192, 191, 191, 193, 192, 193, 193, 193, 193, 192, 192, 192, 192, 192, 192, 192, 193, 193, 192, 192, 192, 192, 193, 193
2010,14212020,212,CH4 ,10PPBC, 3,11, 194, 195, 194, 193, 191, 193, 194, 194, 193, 193, 192, 190, 191, 190, 190, 191, 192, 190, 191, 191, 191, 192, 192, 193
2010,14212020,212,CH4 ,10PPBC, 3,12, 194, 196, 194, 195, 197, 197, 196, 197, 195, 193, 192, 193, 192, 192, 192, 192, 193, 195, 195, 194, 194, 202, 195, 194
2010,14212020,212,CH4 ,10PPBC, 3,13, 193, 193, 192, 191, 192, 193, 192, 193, 193, 192, 192, 192, 191, 190, 191, 190, 190, 189, 189, 193, 195, 198, 196, 196
2010,14212020,212,CH4 ,10PPBC, 3,14, 194, 195, 196, 192, 194, 192, 195, 195, 191, 189, 188, 187, 186, 186, 185, 185, 185, 185, 186, 186, 185, 186, 189, 190
2010,14212020,212,CH4 ,10PPBC, 3,15, 189, 189, 188, 189, 187, 187, 187, 189, 190, 190, 190, 190, 190, 191, 192, 194, 197, 195, 193, 194, 196, 196, 197, 195
2010,14212020,212,CH4 ,10PPBC, 3,16, 194, 191, 190, 189, 190, 192, 192, 192,9999,9999, 190, 189, 188, 187, 188, 189, 189, 189, 188, 189, 190, 190, 191, 191
2010,14212020,212,CH4 ,10PPBC, 3,17, 193, 192, 192, 192, 193, 192, 192, 193, 192, 192, 192, 192, 190, 190,9999,9999,9999,9999,9999,9999,9999,9999,9999,9999
2010,14212020,212,CH4 ,10PPBC, 3,18,9999,9999,9999,9999,9999,9999,9999,9999,9999,9999,9999,9999,9999,9999,9999,9999,9999,9999,9999,9999,9999,9999,9999,9999
2010,14212020,212,CH4 ,10PPBC, 3,19,9999,9999,9999,9999,9999,9999,9999,9999,9999,9999,9999,9999,9999,9999,9999,9999,9999,9999,9999,9999,9999,9999,9999,9999
2010,14212020,212,CH4 ,10PPBC, 3,20,9999,9999,9999,9999,9999,9999,9999,9999,9999,9999,9999,9999,9999,9999,9999,9999,9999,9999,9999,9999,9999,9999,9999,9999
2010,14212020,212,CH4 ,10PPBC, 3,21,9999,9999,9999,9999,9999,9999,9999,9999,9999,9999,9999,9999,9999,9999,9999,9999,9999,9999,9999,9999,9999,9999,9999,9999
2010,14212020,212,CH4 ,10PPBC, 3,22,9999,9999,9999,9999,9999,9999,9999,9999,9999,9999,9999,9999,9999,9999,9999,9999,9999,9999,9999,9999,9999,9999,9999,9999
2010,14212020,212,CH4 ,10PPBC, 3,23,9999,9999,9999,9999,9999,9999,9999,9999,9999,9999,9999,9999,9999,9999,9999,9999,9999, 192, 192,9999,9999,9999,9999,9999
2010,14212020,212,CH4 ,10PPBC, 3,24,9999,9999,9999,9999,9999,9999,9999,9999,9999,9999,9999,9999,9999, 191, 191, 188, 189, 191, 191, 188, 188, 189, 190, 190
2010,14212020,212,CH4 ,10PPBC, 3,25, 189, 190, 190, 191, 190, 190, 193, 192, 195, 197, 194, 191, 189, 188, 187, 189, 188, 188, 188, 189, 189, 192, 192, 190
2010,14212020,212,CH4 ,10PPBC, 3,26, 190, 189, 189, 192, 197, 193, 193, 193, 191, 190, 189, 191, 188, 188, 188, 188, 187, 187, 188, 188, 188, 188, 188, 189
2010,14212020,212,CH4 ,10PPBC, 3,27, 189, 189, 190, 191, 190, 191, 189, 190, 190, 189, 189, 189, 188, 188, 187, 187, 187, 187, 188, 190, 190, 190, 191, 188
2010,14212020,212,CH4 ,10PPBC, 3,28, 188, 188, 189, 189, 190, 189, 189, 189, 189, 191, 191, 189, 188, 189, 189, 188, 186, 187, 188, 190, 191, 192, 192, 191
2010,14212020,212,CH4 ,10PPBC, 3,29, 192, 190, 190, 191, 191, 191, 190, 190, 190, 189, 188, 188, 187, 187, 187, 186,9999,9999, 189, 191, 193, 195, 194, 192
2010,14212020,212,CH4 ,10PPBC, 3,30, 191, 192, 192, 191, 191, 191, 191, 191, 192, 195, 194, 195, 192, 191, 190, 190, 189, 189, 191, 193, 194, 192, 190, 190
2010,14212020,212,CH4 ,10PPBC, 3,31, 190, 191, 191, 191, 191, 191, 192, 192, 192, 192, 192, 191, 193, 192, 191, 189, 189, 189, 189, 191, 191, 192, 194, 194
2010,14212530,212,CH4 ,10PPBC, 4, 1, 192, 193, 191, 190, 191, 191, 189, 190, 187, 186, 186, 186, 186, 185, 186, 185, 185, 184, 185, 185, 185, 185, 186, 185
2010,14212530,212,CH4 ,10PPBC, 4, 2, 185, 185, 185, 185, 184, 184, 184, 185, 185, 185, 185, 185, 187, 189, 189, 189, 188, 188, 188, 188, 188, 190, 188, 188
2010,14212530,212,CH4 ,10PPBC, 4, 3, 189, 186, 185, 185, 185, 185, 186, 186, 186, 186, 187, 188, 188, 187, 186, 186, 186, 186, 186, 186, 187, 187, 186, 187
2010,14212530,212,CH4 ,10PPBC, 4, 4, 186, 186, 186, 186, 186, 186, 187, 187, 188, 188, 188, 188, 189, 188, 188, 188, 188, 188, 188, 188, 187, 188, 188, 188
2010,14212530,212,CH4 ,10PPBC, 4, 5, 188, 188, 188, 188, 187, 187, 187, 187, 188, 188, 189, 189, 188, 189, 189, 189, 189, 189, 189, 192, 192, 193, 190, 190
2010,14212530,212,CH4 ,10PPBC, 4, 6, 191, 191, 188, 188, 190, 190, 191, 191, 187, 187, 188, 188, 188, 189, 187, 187, 186, 186, 186, 187, 187, 189, 189, 192
2010,14212530,212,CH4 ,10PPBC, 4, 7, 192, 187, 184, 185, 184, 187, 188, 189, 190, 189, 189, 189, 190, 189, 186, 190, 190, 193, 192, 190, 187, 187, 187, 188
2010,14212530,212,CH4 ,10PPBC, 4, 8, 187, 187, 187, 187, 187, 188, 187, 187, 188, 187, 187, 187, 188, 188, 188, 188, 187, 187, 186, 187, 186, 186, 186, 187
2010,14212530,212,CH4 ,10PPBC, 4, 9, 189, 188, 188, 188, 187, 187, 187, 188, 188, 188,9999,9999, 187, 187, 187, 187, 187, 187, 187, 187, 187, 189, 190, 190
2010,14212530,212,CH4 ,10PPBC, 4,10, 186, 185, 186, 185, 185, 186, 186, 188, 189, 187, 188, 189, 188, 188, 188, 189, 188, 187, 186, 187, 186, 187, 187, 188
2010,14212530,212,CH4 ,10PPBC, 4,11, 190, 189, 189, 187, 187, 188, 187, 188, 187, 187, 188, 188, 187, 188, 190, 188, 188, 189, 190, 188, 186, 187, 187, 187
2010,14212530,212,CH4 ,10PPBC, 4,12, 187, 186, 186, 186, 185, 185, 186, 186, 186, 186, 187, 187, 187, 187, 187, 187, 187, 187, 187, 187, 186, 186, 186, 186
2010,14212530,212,CH4 ,10PPBC, 4,13, 186, 187, 186, 186, 186, 187, 187, 188, 189, 187, 187, 187, 185, 186, 186, 187, 187, 186, 186, 186, 187, 186, 186, 189
2010,14212530,212,CH4 ,10PPBC, 4,14, 190, 189, 187, 188, 188, 188, 188, 188, 188, 188,9999, 188, 189, 189, 189, 189, 189, 188, 188, 188, 188, 188, 189, 188
2010,14212530,212,CH4 ,10PPBC, 4,15, 188, 188, 187, 187, 186, 186, 186, 187, 186, 187, 186, 187, 187, 187, 187, 188, 190, 192, 193, 190, 195, 195, 190, 190
2010,14212530,212,CH4 ,10PPBC, 4,16, 188, 188, 187, 186, 186, 186, 186, 186, 186, 187, 187, 187, 187, 187, 187, 186, 186, 187, 186, 186, 186, 186, 186, 186
2010,14212530,212,CH4 ,10PPBC, 4,17, 186, 186, 186, 185, 184, 186, 185, 185, 185, 187, 187, 186, 186, 187, 187, 187, 186, 187, 188, 188, 188, 190, 190, 191
2010,14212530,212,CH4 ,10PPBC, 4,18, 193,9999,9999, 206, 202, 203, 202, 199, 196, 193, 193, 194, 194, 196, 195, 193, 193, 193, 193, 194, 195, 196, 196, 195
2010,14212530,212,CH4 ,10PPBC, 4,19, 194, 195, 194, 194, 193, 194, 194, 195, 195, 195, 196, 195, 194, 194, 195, 194, 194, 193, 195, 194, 195, 194, 194, 194
2010,14212530,212,CH4 ,10PPBC, 4,20, 194, 194, 195, 194, 193, 194, 191, 191, 192, 191, 191, 190, 190, 190, 190, 191, 191, 191, 192, 193, 193, 193, 194, 195
2010,14212530,212,CH4 ,10PPBC, 4,21, 195, 192, 193, 194, 193, 193, 195, 193, 192, 193, 195, 193, 193, 191, 191, 191, 191, 192, 192, 192, 192, 193, 193, 195
2010,14212530,212,CH4 ,10PPBC, 4,22, 195, 194, 194, 197, 197, 195, 195, 195, 195, 195, 195, 195, 195, 195, 196, 196, 196, 196, 196, 195, 195, 195, 196, 196
2010,14212530,212,CH4 ,10PPBC, 4,23, 196, 196, 195, 196, 196, 197, 197, 197, 197, 197,9999,9999, 189, 189, 189, 188, 189, 190, 190, 191, 191, 189, 189, 192
2010,14212530,212,CH4 ,10PPBC, 4,24, 193, 192, 191, 190, 190, 189, 190, 190, 189, 190, 189, 188, 187, 189, 189, 189, 189, 189, 189, 188, 188, 188, 189, 189
2010,14212530,212,CH4 ,10PPBC, 4,25, 189, 188, 189, 188, 188, 188, 188, 187, 187, 188, 188, 189, 189, 188, 187, 188, 187, 187, 187, 186, 186, 189, 190, 190
2010,14212530,212,CH4 ,10PPBC, 4,26, 189, 189, 189, 189, 188, 187, 188, 188, 187, 186, 187, 187, 189, 191, 190, 188, 188, 186, 187, 187, 187, 190, 191, 189
2010,14212530,212,CH4 ,10PPBC, 4,27, 193, 189, 188, 187, 187, 187, 187, 187, 188, 188, 188, 187, 189, 188, 189, 188, 187, 187, 187, 189, 190, 191, 193, 193
2010,14212530,212,CH4 ,10PPBC, 4,28, 191, 189, 187, 187, 187, 187, 187, 190, 189, 187, 186, 186, 187, 187, 187, 187, 187, 187, 188, 189, 189, 189, 191, 190
2010,14212530,212,CH4 ,10PPBC, 4,29, 193, 192, 192, 191, 187, 187, 187, 186, 186, 186, 185, 185, 186, 186, 186, 187, 187, 188, 188, 188, 188, 188, 189, 189
2010,14212530,212,CH4 ,10PPBC, 4,30, 188, 188, 188, 187, 187, 187, 188, 188, 187, 189, 189,9999,9999, 188, 188, 188, 189, 188, 189, 189, 189, 189, 188, 188
2010,14212530,212,CH4 ,10PPBC, 4,31,9998,9998,9998,9998,9998,9998,9998,9998,9998,9998,9998,9998,9998,9998,9998,9998,9998,9998,9998,9998,9998,9998,9998,9998
2010,14212530,212,CH4 ,10PPBC, 5, 1, 188, 188, 188, 189, 189, 189, 191, 190, 190, 190, 190, 189, 189, 189, 188, 189, 188, 188, 189, 189, 189, 192, 192, 192
2010,14212530,212,CH4 ,10PPBC, 5, 2, 189, 189, 189, 188, 188, 187, 188, 187, 188, 189, 189, 189, 188, 188, 190, 189, 188, 187, 188, 189, 189, 190, 191, 189
2010,14212530,212,CH4 ,10PPBC, 5, 3, 188, 187, 187, 188,9999,9999,9999,9999,9999,9999,9999,9999,9999,9999,9999,9999,9999,9999,9999,9999,9999,9999,9999,9999
2010,14212530,212,CH4 ,10PPBC, 5, 4,9999, 181, 183, 183, 185, 184, 184, 185, 185, 185, 185, 185, 184, 184, 185, 186, 187, 187, 187, 186, 186, 188, 191, 192
2010,14212530,212,CH4 ,10PPBC, 5, 5, 193, 190, 188, 187, 189, 189, 188, 187, 188, 188, 188, 190, 189, 188, 188, 187, 186, 187, 187, 187, 187, 187, 187, 189
2010,14212530,212,CH4 ,10PPBC, 5, 6, 189, 191, 190, 191, 191, 190, 191, 189, 187, 184, 184, 183, 183, 184, 184, 183, 183, 182, 182, 182, 182, 182, 182, 183
2010,14212530,212,CH4 ,10PPBC, 5, 7, 183, 183, 183, 183, 183, 183, 183, 184, 183, 183, 183, 182, 183, 183, 182,9999,9999,9999, 179, 180, 180, 184, 185, 186
2010,14212530,212,CH4 ,10PPBC, 5, 8, 186, 186, 184, 185, 185, 185, 185, 184, 185, 187, 188, 189, 188, 188, 187, 187, 187, 187, 187, 187, 187, 188, 189, 189
2010,14212530,212,CH4 ,10PPBC, 5, 9, 188, 189, 189, 190, 189, 190, 188, 187, 189, 188, 189, 189, 192, 191, 192, 192, 191, 191, 191, 191, 190, 193, 192, 191
2010,14212530,212,CH4 ,10PPBC, 5,10, 191, 190, 189, 189, 189, 189, 189, 189, 189, 189, 189, 189, 189, 190, 189, 189, 188, 189, 189, 191, 190, 191, 191, 192
2010,14212530,212,CH4 ,10PPBC, 5,11, 191, 190, 190, 189, 189, 189, 190, 190, 187, 186,9999,9999,9999,9999,9999,9999,9999,9999,9999,9999,9999,9999,9999,9999
2010,14212530,212,CH4 ,10PPBC, 5,12,9999,9999,9999,9999,9999,9999,9999,9999,9999,9999,9999,9999,9999,9999,9999, 188, 188, 188, 189, 189, 190, 192, 192, 192
2010,14212530,212,CH4 ,10PPBC, 5,13, 191, 192, 191, 192, 189, 189, 188, 188, 189, 188, 187, 189, 189, 189, 188, 188, 189, 189, 188, 188, 188, 188, 189, 188
2010,14212530,212,CH4 ,10PPBC, 5,14, 187, 187, 187, 186, 187, 187, 188, 188, 188, 186, 186, 186, 186, 189, 189, 190, 190, 190, 189, 189, 187, 190, 189, 189
2010,14212530,212,CH4 ,10PPBC, 5,15, 190, 189, 187, 186, 187, 187, 186, 187, 186, 186, 186, 186, 188, 188, 189, 188, 188, 186, 186, 186, 186, 189, 190, 190
2010,14212530,212,CH4 ,10PPBC, 5,16, 188, 186, 187, 189, 189, 189, 189, 188, 187, 187, 186, 185, 185, 185, 184, 185, 185, 185, 185, 186, 187, 187, 187, 187
2010,14212530,212,CH4 ,10PPBC, 5,17, 187, 187, 186, 187, 187, 187, 187, 187, 186, 186, 187, 188, 187, 187, 186, 185, 185, 185, 185, 187, 188, 190, 187, 189
2010,14212530,212,CH4 ,10PPBC, 5,18, 189,9999,9999, 194, 193, 194, 192, 192, 190, 190, 190, 189, 189, 189, 188, 189, 189, 188, 189, 189, 189, 189, 189, 189
2010,14212530,212,CH4 ,10PPBC, 5,19, 189, 189, 189, 189, 189, 189, 189, 188, 189, 189, 189, 189, 188, 188, 188,9999,9999, 184, 184, 185, 185, 185, 185, 185
2010,14212530,212,CH4 ,10PPBC, 5,20, 185, 184, 185, 185, 184, 184, 185, 185, 185, 185, 184, 184, 184, 189, 188, 188, 187, 187, 188, 188, 188, 188, 187, 187
2010,14212530,212,CH4 ,10PPBC, 5,21, 187, 187, 188, 189, 190, 190, 190, 189, 189, 189, 189, 189, 188, 189, 189, 189, 189, 189, 190, 190, 191, 192, 193, 191
2010,14212530,212,CH4 ,10PPBC, 5,22, 191, 191, 192, 192, 190, 190, 190, 190, 191, 193, 191, 192, 194, 194, 194, 192, 190, 189, 189, 189, 189, 190, 189, 188
2010,14212530,212,CH4 ,10PPBC, 5,23, 189, 189, 189, 192, 191, 189, 191, 190, 189, 189, 187, 187, 187, 189, 188, 189, 187, 188, 188, 188, 189, 187, 186, 187
2010,14212530,212,CH4 ,10PPBC, 5,24, 187, 187, 188, 188, 189, 189, 188, 187, 188, 187, 188, 187, 187, 187, 187, 187, 188, 188, 190, 191, 191, 191, 188, 187
2010,14212530,212,CH4 ,10PPBC, 5,25, 188, 187, 188, 190, 191, 191, 192, 190, 188, 187, 187, 187, 188,9999,9999, 187, 188, 189, 192, 193, 191, 189, 188, 189
2010,14212530,212,CH4 ,10PPBC, 5,26, 189, 189, 190, 191, 193, 191, 189, 189, 189, 190, 189, 189, 188, 188, 187, 186, 187, 187, 191, 197, 194, 187, 186, 185
2010,14212530,212,CH4 ,10PPBC, 5,27, 186, 187, 188, 189, 190, 190, 190, 189, 189, 186, 187, 187, 186, 186, 186, 186, 186, 186, 187, 187, 188, 188, 186, 186
2010,14212530,212,CH4 ,10PPBC, 5,28, 186, 186, 186, 187, 187, 188, 187, 186, 185, 184, 184, 184, 185, 186, 186, 187, 187, 186, 184, 184, 184, 184, 185, 185
2010,14212530,212,CH4 ,10PPBC, 5,29, 185, 185, 186, 186, 187, 188, 188, 186, 187, 187, 188, 187, 188, 187, 187, 189, 189, 189, 188, 187, 188, 187, 185, 186
2010,14212530,212,CH4 ,10PPBC, 5,30, 185, 186, 186, 185, 185, 184, 185, 185, 185, 185, 185, 185, 185, 185, 185, 186, 186, 186, 185, 186, 187, 187, 188, 186
2010,14212530,212,CH4 ,10PPBC, 5,31, 189, 187, 188, 187, 188, 187, 188, 188, 188, 188, 188, 189, 190, 189, 186, 184, 185, 184, 185, 185, 186, 187, 185, 186
2010,14212530,212,CH4 ,10PPBC, 6, 1, 187, 189, 189, 189, 194, 190, 187, 187, 187, 187, 187, 186, 186, 188, 188, 188, 187, 185, 184, 184, 184, 185, 188, 189
2010,14212530,212,CH4 ,10PPBC, 6, 2, 188, 188, 188, 188, 187, 187, 188, 200, 200, 195, 193, 192, 190, 190, 189, 188, 186, 186, 185, 184, 184, 185, 186, 189
2010,14212530,212,CH4 ,10PPBC, 6, 3, 189, 187, 188, 187, 187, 188, 188, 188, 187, 188, 188, 187, 186, 184,9999,9999, 183, 182, 182, 183, 182, 184, 187, 187
2010,14212530,212,CH4 ,10PPBC, 6, 4, 188, 186, 184, 185, 186, 188, 187, 186, 185, 186, 185, 184, 183, 184, 184, 183, 184, 183, 184, 185, 185, 184, 184, 185
2010,14212530,212,CH4 ,10PPBC, 6, 5, 186, 186, 185, 186, 187, 185, 185, 186, 187, 187, 188, 187, 187, 187, 189, 189, 188, 189, 189, 187, 187, 186, 187, 189
2010,14212530,212,CH4 ,10PPBC, 6, 6, 193, 188, 189, 188, 189, 189, 188, 188, 188, 188, 188, 189, 187, 187, 186, 185, 185, 185, 184, 184, 184, 185, 185, 187
2010,14212530,212,CH4 ,10PPBC, 6, 7, 187, 188, 187, 186, 187, 187, 187, 187, 188, 189, 190, 189, 187, 185, 184, 184, 184, 184, 184, 184, 184, 184, 184, 185
2010,14212530,212,CH4 ,10PPBC, 6, 8, 185, 186, 186, 187, 187, 187, 186, 187, 186, 187, 189, 191, 189, 189, 190, 191, 188, 187, 189, 189, 188, 187, 187, 187
2010,14212530,212,CH4 ,10PPBC, 6, 9, 186, 186, 186, 185, 185, 186, 186, 185, 185, 184, 186, 187, 187, 188, 190, 190, 193, 196, 193, 194, 195, 198, 192, 190
2010,14212530,212,CH4 ,10PPBC, 6,10, 187, 187, 187, 187, 188, 187, 185, 184, 187, 188, 189, 188, 187, 187, 187, 187, 186, 187, 184, 184, 182, 182, 184, 188
2010,14212530,212,CH4 ,10PPBC, 6,11, 189, 191, 190, 189, 189, 187, 187, 188, 188, 189, 188, 187, 187,9999,9999, 184, 185, 184, 183, 183, 182, 184, 186, 188
2010,14212530,212,CH4 ,10PPBC, 6,12, 186, 186, 186, 186, 186, 187, 185, 185, 186, 185, 186, 184, 184, 183, 183, 182, 183, 182, 182, 183, 183, 183, 182, 183
2010,14212530,212,CH4 ,10PPBC, 6,13, 183, 183, 182, 188, 187, 186, 183, 182, 182, 182, 182, 182, 182, 182, 182, 182, 182, 182, 182, 182, 182, 182, 182, 182
2010,14212530,212,CH4 ,10PPBC, 6,14, 182, 183, 183, 182, 182, 182, 182, 182, 183, 183, 183, 184, 184, 185, 186, 185, 185, 185, 185, 184, 184, 184, 184, 184
2010,14212530,212,CH4 ,10PPBC, 6,15, 187, 188, 189, 190, 194, 188, 187, 188, 185, 185, 184, 184, 185, 185, 185, 185, 186, 187, 189, 187, 185, 182, 185, 185
2010,14212530,212,CH4 ,10PPBC, 6,16, 186, 186, 188, 187, 187, 186, 182, 176, 175, 177, 184, 177, 178, 181, 183, 184, 186, 188, 188, 189, 190, 190, 192, 191
2010,14212530,212,CH4 ,10PPBC, 6,17, 196, 191, 189, 189, 187, 186, 189, 188, 187, 187,9999,9999,9999,9999, 188, 185, 185, 185, 183, 182, 182, 182, 186, 190
2010,14212530,212,CH4 ,10PPBC, 6,18, 186, 189, 189, 187, 184, 186, 186, 187, 185, 184, 187, 186, 186, 180, 173, 174, 176, 178, 179, 180, 181, 183, 185, 185
2010,14212530,212,CH4 ,10PPBC, 6,19, 185, 184, 187, 186, 185, 184, 184, 183, 184, 184, 185, 184, 182, 177, 180, 181, 182, 181, 180, 180, 180, 179, 175, 176
2010,14212530,212,CH4 ,10PPBC, 6,20, 173, 172, 172, 182, 190, 191, 190, 189, 187, 182, 175, 175, 175, 175, 176, 177, 176, 177, 177, 176, 175, 176, 175, 175
2010,14212530,212,CH4 ,10PPBC, 6,21, 176, 177, 175, 174, 175, 176, 175, 177, 177, 177, 176, 175, 173, 174, 174, 175, 176, 176, 177, 178, 180, 181, 180, 181
2010,14212530,212,CH4 ,10PPBC, 6,22, 184, 186, 184, 187, 187, 185, 188, 187, 182, 182, 179, 176, 176, 177, 177, 177, 176, 175, 175, 178, 179, 179, 180, 183
2010,14212530,212,CH4 ,10PPBC, 6,23, 183, 181, 181, 182, 180, 179, 177, 176, 173, 172, 172, 172, 172, 172, 177, 181, 179, 182, 182, 179, 179, 180, 181, 184
2010,14212530,212,CH4 ,10PPBC, 6,24, 185, 183, 183, 185, 188, 186, 186, 185, 184, 184, 184, 184, 184, 184, 188, 194, 194, 194, 195, 193, 189, 189, 192, 192
2010,14212530,212,CH4 ,10PPBC, 6,25, 189, 192, 190, 188, 188, 190, 191, 187, 187, 187,9999,9999, 189, 190, 191, 189, 185, 186, 189, 189, 190, 192, 192, 194
2010,14212530,212,CH4 ,10PPBC, 6,26, 192, 192, 194, 196, 192, 197, 198, 195, 185, 180, 180, 178, 179, 179, 179, 178, 178, 177, 177, 178, 179, 178, 178, 178
2010,14212530,212,CH4 ,10PPBC, 6,27, 177, 176, 177, 177, 177, 177, 177, 178, 177, 177, 177, 176, 177, 176, 176, 175, 176, 176, 177, 178, 179, 178, 180, 185
2010,14212530,212,CH4 ,10PPBC, 6,28, 187, 187, 191, 190, 189, 188, 183, 179, 179, 184, 183, 184, 187, 187, 188, 191, 193, 189, 184, 187, 189, 188, 186, 187
2010,14212530,212,CH4 ,10PPBC, 6,29, 187, 187, 191, 189, 187, 195, 192, 188, 189, 193, 196, 196, 194, 194, 189, 187, 186, 185, 185, 182, 179, 180, 180, 185
2010,14212530,212,CH4 ,10PPBC, 6,30, 186, 184, 181, 182, 182, 183, 181, 182, 182, 181, 182, 182, 182,9999,9999, 182, 184, 184, 182, 184, 184, 184, 183, 184
2010,14212530,212,CH4 ,10PPBC, 6,31,9998,9998,9998,9998,9998,9998,9998,9998,9998,9998,9998,9998,9998,9998,9998,9998,9998,9998,9998,9998,9998,9998,9998,9998
2010,14212530,212,CH4 ,10PPBC, 7, 1, 185, 185, 186, 184, 183, 186, 189, 187, 185, 186, 184, 181, 181, 180, 178, 177, 176, 179, 178, 179, 180, 180, 181, 184
2010,14212530,212,CH4 ,10PPBC, 7, 2, 187, 186, 185, 187, 186, 189, 190, 187, 185, 185, 185, 182, 181, 179, 178, 178, 177, 178, 179, 180, 180, 183, 186, 187
2010,14212530,212,CH4 ,10PPBC, 7, 3, 189, 189, 192, 191, 192, 192, 188, 188, 188, 188, 187, 186, 185, 182, 182, 182, 180, 182, 181, 179, 181, 181, 181, 181
2010,14212530,212,CH4 ,10PPBC, 7, 4, 183, 184, 189, 185, 191, 190, 186, 184, 184, 185, 186, 186, 185, 185, 185, 185, 186, 186, 184, 187, 189, 191, 188, 194
2010,14212530,212,CH4 ,10PPBC, 7, 5, 195, 195, 194, 195, 194, 191, 192, 197, 199, 200, 199, 194, 187, 188, 189, 188, 188, 187, 188, 189, 189, 190, 188, 188
2010,14212530,212,CH4 ,10PPBC, 7, 6, 190, 191, 192, 192, 190, 191, 191, 192, 192, 192, 192, 192, 191, 187,9999,9999, 189, 189, 191, 193, 194, 194, 194, 197
2010,14212530,212,CH4 ,10PPBC, 7, 7, 196, 195, 194, 197, 196, 197, 193, 192, 191, 191, 192, 194, 196, 195, 195, 195, 189, 188, 187, 187, 185, 185, 186, 187
2010,14212530,212,CH4 ,10PPBC, 7, 8, 190, 192, 193, 198, 196, 190, 190, 188, 191, 193, 186, 184, 185, 186, 188, 189, 189, 189, 186, 186, 188, 186, 185, 190
2010,14212530,212,CH4 ,10PPBC, 7, 9, 179, 178, 179, 187, 191, 191, 191, 191, 192, 196, 192, 188, 184, 182, 180, 179, 180, 181, 180, 180, 179, 178, 176, 178
2010,14212530,212,CH4 ,10PPBC, 7,10, 179, 180, 180, 181, 184, 185, 188, 184, 185, 183, 182, 181, 181, 182, 184, 184, 185, 186, 186, 188, 188, 192, 187, 187
2010,14212530,212,CH4 ,10PPBC, 7,11, 189, 191, 192, 192, 193, 192, 192, 192, 189, 189, 190, 186, 184, 181, 179, 179, 176, 176, 175, 176, 175, 175, 175, 175
2010,14212530,212,CH4 ,10PPBC, 7,12, 174, 174, 174, 174, 174, 173, 173, 174, 174, 174, 174, 175, 174, 176, 174, 174, 174, 175, 175, 174, 174, 175, 175, 175
2010,14212530,212,CH4 ,10PPBC, 7,13, 177, 177, 179, 180, 183, 183, 190, 193, 194,9999,9999, 192, 190, 190, 191, 190, 190, 189, 189, 190, 191, 191, 192, 191
2010,14212530,212,CH4 ,10PPBC, 7,14, 191, 193, 194, 194, 196, 197, 196, 190, 187, 177, 175, 174, 173, 174, 174, 174, 175, 175, 175, 175, 176, 176, 176, 176
2010,14212530,212,CH4 ,10PPBC, 7,15, 177, 177, 176, 174, 176, 176, 175, 177, 175, 174, 174, 175, 175, 175, 175, 174, 175, 175, 176, 176, 176, 175, 177, 177
2010,14212530,212,CH4 ,10PPBC, 7,16, 177, 178, 178, 177, 179, 179, 179, 184, 182, 175, 175, 175, 175, 175, 175, 175, 175, 175, 175, 176, 178, 178, 178, 179
2010,14212530,212,CH4 ,10PPBC, 7,17, 181, 182, 180, 182, 182, 184, 183, 182, 176, 175, 175, 175, 175, 176, 176, 176, 175, 175, 175, 176, 177, 179, 179, 180
2010,14212530,212,CH4 ,10PPBC, 7,18, 181, 179, 181, 181, 182, 179, 178, 181, 177, 177, 176, 175, 175, 175, 175, 175, 175, 175, 175, 176, 177, 177, 177, 177
2010,14212530,212,CH4 ,10PPBC, 7,19, 179, 180, 179, 178, 182, 181, 182, 180, 177, 176, 176, 176, 176, 176, 176, 176, 177, 176, 177, 179, 180, 181, 182, 181
2010,14212530,212,CH4 ,10PPBC, 7,20, 182, 181, 179, 180, 182, 180, 178, 178, 181, 181, 181, 179, 177,9999,9999, 178, 178, 179, 179, 180, 182, 183, 184, 186
2010,14212530,212,CH4 ,10PPBC, 7,21, 185, 181, 181, 185, 184, 188, 190, 182, 180, 182, 182, 182, 184, 185, 185, 187, 185, 181, 180, 179, 183, 185, 186, 186
2010,14212530,212,CH4 ,10PPBC, 7,22, 186, 187, 185, 187, 187, 188, 187, 185, 185, 185, 185, 183, 180, 179, 179, 179, 179, 178, 178, 177, 178, 181, 181, 182
2010,14212530,212,CH4 ,10PPBC, 7,23, 180, 178, 182, 181, 184, 184, 183, 183, 184, 184, 183, 182, 187, 187, 186, 184, 182, 178, 177, 177, 177, 177, 178, 178
2010,14212530,212,CH4 ,10PPBC, 7,24, 181, 183, 186, 186, 187, 187, 185, 184, 184, 183, 183, 184, 185, 185, 184, 182, 181, 178, 183, 185, 182, 184, 179, 180
2010,14212530,212,CH4 ,10PPBC, 7,25, 180, 179, 182, 183, 184, 181, 181, 180, 180, 180, 180, 180, 178, 177, 177, 178, 179, 180, 180, 177, 178, 177, 181, 181
2010,14212530,212,CH4 ,10PPBC, 7,26, 180, 179, 179, 179, 179, 179, 180, 179, 182, 182, 181, 182, 178, 177, 178, 178, 179, 179, 180, 177, 179, 179, 180, 179
2010,14212530,212,CH4 ,10PPBC, 7,27, 180, 179, 178, 178, 178, 179, 179, 181, 181, 180, 176, 176, 177, 177, 177, 177, 177, 175, 176, 176, 176, 176, 177, 180
2010,14212530,212,CH4 ,10PPBC, 7,28, 181, 180, 179, 179, 180, 179, 180, 177, 177, 176, 176, 176,9999,9999,9999, 182, 183, 183, 182, 180, 180, 181, 180, 180
2010,14212530,212,CH4 ,10PPBC, 7,29, 180,9999,9999, 183, 183, 183, 183, 182, 182, 182, 183, 179, 179, 179, 180, 179, 179, 179, 179, 180, 180, 178, 179, 179
2010,14212530,212,CH4 ,10PPBC, 7,30, 179, 179, 178, 179, 178, 179, 179, 179, 179, 178, 177, 178, 177, 179, 179, 179, 180, 180, 180, 181, 182, 182, 184, 184
2010,14212530,212,CH4 ,10PPBC, 7,31, 186, 184, 182, 184, 183, 181, 184, 184, 185, 184, 184, 184, 182, 182, 182, 184, 184, 183, 185, 186, 187, 189, 189, 190
2010,14212530,212,CH4 ,10PPBC, 8, 1, 191, 194, 195, 193, 190, 192, 202, 197, 192, 191, 189, 185, 184, 185, 185, 186, 186, 185, 182, 184, 181, 181, 181, 181
2010,14212530,212,CH4 ,10PPBC, 8, 2, 182, 185, 187, 184, 181, 181, 179, 179, 179, 179, 180, 180, 179, 178, 178, 178, 178, 178, 179, 179, 179, 179, 180, 179
2010,14212530,212,CH4 ,10PPBC, 8, 3, 179, 178, 178, 177, 178, 179, 180, 179, 178, 178, 178, 179, 178, 178, 178, 179, 178, 178, 178, 179, 179, 179, 179, 179
2010,14212530,212,CH4 ,10PPBC, 8, 4, 179, 179, 179, 180, 181, 184, 181, 179, 179, 178, 178, 177, 177, 178, 177, 177, 177, 177, 178, 178, 178, 179, 179, 179
2010,14212530,212,CH4 ,10PPBC, 8, 5, 179, 179, 179, 179, 179, 179, 179, 178, 179, 178, 175, 175, 176, 177, 176, 176, 177, 178, 178, 179, 179, 179, 179, 179
2010,14212530,212,CH4 ,10PPBC, 8, 6, 179, 179, 179, 179, 179, 180, 180, 181, 179, 179, 178, 178, 178, 179, 178,9999,9999,9999, 176, 177, 177, 178, 178, 178
2010,14212530,212,CH4 ,10PPBC, 8, 7, 179, 179, 180, 179, 180, 181, 179, 179, 180, 181, 180, 181, 181, 180, 180, 179, 180, 178, 177, 178, 178, 181, 183, 183
2010,14212530,212,CH4 ,10PPBC, 8, 8, 182, 183, 181, 181, 181, 180, 182, 184, 183, 181, 179, 178, 178, 177, 176, 177, 176, 176, 176, 176, 177, 178, 178, 176
2010,14212530,212,CH4 ,10PPBC, 8, 9, 176, 176, 180, 179, 177, 176, 177, 177, 179, 179, 180, 177, 176, 176, 175, 176, 175, 175, 175, 175, 175, 175, 177, 176
2010,14212530,212,CH4 ,10PPBC, 8,10, 176, 176, 176, 176, 176, 176, 177, 179, 177, 177, 175, 175, 175, 175, 174, 174, 174, 174, 176, 175, 176, 175, 176, 176
2010,14212530,212,CH4 ,10PPBC, 8,11, 175, 175, 175, 175, 175, 177, 176, 176, 175, 175, 174, 175,9999,9999, 172, 174, 175, 175, 175, 175, 176, 175, 175, 175
2010,14212530,212,CH4 ,10PPBC, 8,12, 175, 175, 175, 175, 175, 175, 175, 176, 175, 176, 176, 177, 177, 179, 179, 179, 179, 179, 178, 179, 180, 180, 181, 182
2010,14212530,212,CH4 ,10PPBC, 8,13, 180, 184, 182, 182, 184, 187, 186, 184, 183, 184, 184, 184, 184, 192, 188, 188, 189, 187, 187, 187, 187, 187, 187, 187
2010,14212530,212,CH4 ,10PPBC, 8,14, 187, 189, 193, 193, 195, 194, 191, 192, 190, 191, 188, 183, 180, 180, 181, 181, 180, 180, 182, 180, 179, 179, 181, 181
2010,14212530,212,CH4 ,10PPBC, 8,15, 184, 185, 184, 187, 182, 186, 186, 188, 184, 182, 181, 180, 179, 180, 180, 181, 180, 180, 180, 182, 185, 182, 184, 186
2010,14212530,212,CH4 ,10PPBC, 8,16, 189, 187, 185, 185, 186, 190, 185, 185, 184, 184, 182, 183, 183, 182, 183, 182, 183, 183, 185, 187, 187, 182, 180, 180
2010,14212530,212,CH4 ,10PPBC, 8,17, 188, 189, 189, 184, 185, 186, 185, 187, 190, 191, 188, 187, 185,9999,9999, 187, 189, 183, 177, 179, 179, 177, 179, 182
2010,14212530,212,CH4 ,10PPBC, 8,18, 184, 185, 184, 182, 182, 184, 184, 183, 181, 183, 184, 182, 182, 182, 184, 181, 180, 181, 181, 181, 181, 181, 182, 182
2010,14212530,212,CH4 ,10PPBC, 8,19, 183, 184, 189, 184, 182, 184, 184, 184, 184, 184, 185, 184, 184, 184, 184, 185, 184, 184, 184, 183, 183, 182, 184, 189
2010,14212530,212,CH4 ,10PPBC, 8,20, 192, 194, 189, 188, 188, 191, 191, 190, 190, 189, 189, 188, 188, 188, 189, 191, 192, 191, 187, 186, 185, 185, 185, 185
2010,14212530,212,CH4 ,10PPBC, 8,21, 186, 186, 189, 188, 187, 189, 188, 190, 189, 190, 190, 191, 192, 190, 188, 185, 185, 184, 185, 186, 185, 186, 188, 189
2010,14212530,212,CH4 ,10PPBC, 8,22, 191, 188, 189, 192, 192, 191, 191, 189, 186, 185, 185, 183, 183, 183, 182, 182, 182, 182, 182, 183, 183, 183, 186, 187
2010,14212530,212,CH4 ,10PPBC, 8,23, 189, 187, 186, 185, 185, 184, 188, 184, 186, 185, 186, 185, 182, 181, 181, 181, 181, 182, 182, 182, 184, 185, 183, 183
2010,14212530,212,CH4 ,10PPBC, 8,24, 183, 183, 183, 184, 182, 181, 182, 183, 182, 181,9999,9999, 181, 181, 181, 181, 182, 182, 182, 181, 181, 181, 182, 182
2010,14212530,212,CH4 ,10PPBC, 8,25, 183, 183, 183, 184, 186, 189, 190, 190, 186, 181, 181, 181, 180, 180, 181, 181, 181, 182, 181, 180, 182, 183, 184, 183
2010,14212530,212,CH4 ,10PPBC, 8,26, 182, 182, 184, 185, 184, 183, 183, 184, 184, 184, 180, 180, 180, 181, 181, 181, 181, 181, 182, 184, 183, 183, 184, 184
2010,14212530,212,CH4 ,10PPBC, 8,27, 186, 186, 184, 187, 189, 188, 186, 189, 190, 188, 186, 185, 182, 181, 179, 177, 176, 175, 175, 176, 178, 180, 180, 182
2010,14212530,212,CH4 ,10PPBC, 8,28, 183,9999,9999, 186, 186, 185, 185, 185, 188, 187, 186, 182, 179, 179, 179, 180, 180, 180, 180, 181, 183, 185, 185, 185
2010,14212530,212,CH4 ,10PPBC, 8,29, 183, 184, 184, 182, 182, 184, 183, 184, 185, 184, 183, 182, 181, 181, 181, 181, 180, 180, 181, 183, 185, 184, 183, 184
2010,14212530,212,CH4 ,10PPBC, 8,30, 186, 187, 186, 185, 185, 186, 187, 187, 185, 185, 187, 188, 191, 194, 194, 187, 184, 184, 183, 183, 182, 183, 184, 184
2010,14212530,212,CH4 ,10PPBC, 8,31, 184, 184, 184, 184, 187, 189, 187, 186, 189, 191, 191, 193, 191, 185, 181, 181, 181, 184, 185, 182, 181, 180, 180, 182
2010,14212530,212,CH4 ,10PPBC, 9, 1, 184, 184, 184, 183, 182, 182, 184, 184, 180, 180, 180, 179, 178, 177, 178, 179, 180, 181, 181, 183, 185, 186, 184, 184
2010,14212530,212,CH4 ,10PPBC, 9, 2, 185, 184, 185, 184, 186, 185, 185, 186, 186, 187, 187, 187, 187,9999,9999,9999, 185, 186, 186, 187, 186, 187, 187, 188
2010,14212530,212,CH4 ,10PPBC, 9, 3, 189,9999,9999, 187, 186, 186, 188, 188, 187, 186, 185, 184, 184, 184, 183, 184, 185, 185, 185, 184, 185, 187, 191, 189
2010,14212530,212,CH4 ,10PPBC, 9, 4, 188, 190, 188, 187, 186, 187, 186, 186, 184, 185, 184, 185, 185, 188, 186, 185, 184, 184, 184, 184, 183, 184, 186, 185
2010,14212530,212,CH4 ,10PPBC, 9, 5, 186, 187, 185, 186, 187, 185, 186, 189, 186, 186, 185, 182, 181, 181, 181, 181, 182, 182, 182, 183, 184, 185, 184, 183
2010,14212530,212,CH4 ,10PPBC, 9, 6, 185, 184, 182, 184, 184, 185, 187, 185, 180, 180, 180, 179, 177, 177, 177, 177, 178, 179, 179, 179, 179, 179, 178, 179
2010,14212530,212,CH4 ,10PPBC, 9, 7, 179, 179, 179, 179, 180, 181, 182, 182, 180, 179, 179, 178, 178, 178, 178, 178, 178, 178, 178, 178, 178, 182, 184, 181
2010,14212530,212,CH4 ,10PPBC, 9, 8, 186, 185, 185, 185, 183, 184, 185, 188, 189, 189, 189, 189, 191, 191, 189, 187, 186, 185, 185, 185, 183, 183, 183, 183
2010,14212530,212,CH4 ,10PPBC, 9, 9, 185, 185, 186, 187, 188, 189, 188, 188, 189, 188,9999,9999, 184, 184, 184, 184, 185, 186, 186, 187, 186, 187, 189, 190
2010,14212530,212,CH4 ,10PPBC, 9,10, 191, 190, 192, 193, 191, 192, 194, 196, 196, 195, 193, 189, 188, 187, 187, 188, 186, 185, 184, 184, 185, 188, 189, 189
2010,14212530,212,CH4 ,10PPBC, 9,11, 189, 188, 191, 190, 188, 188, 187, 186, 188, 189, 188, 186, 184, 183, 183, 183, 184, 184, 184, 184, 185, 187, 187, 189
2010,14212530,212,CH4 ,10PPBC, 9,12, 194, 190, 189, 191, 190, 190, 191, 187, 188, 191, 192, 193, 203, 200, 191, 188, 189, 187, 186, 184, 183, 182, 182, 181
2010,14212530,212,CH4 ,10PPBC, 9,13, 179, 178, 178, 180, 183, 185, 186, 186, 186, 187, 185, 184, 183, 184, 182, 181, 182, 183, 184, 186, 185, 184, 186, 188
2010,14212530,212,CH4 ,10PPBC, 9,14, 186, 185, 185, 183, 184, 184, 187, 191, 185, 184, 186, 186, 185, 184, 184, 185, 184, 184, 183, 184, 188, 188, 187, 186
2010,14212530,212,CH4 ,10PPBC, 9,15, 185, 186, 185, 186, 186, 185, 185, 185, 184, 184, 185, 185, 185, 186, 185, 186, 186, 186, 186, 185, 186, 185, 185, 186
2010,14212530,212,CH4 ,10PPBC, 9,16, 184, 184, 183, 183, 183, 184, 184, 184, 184,9999,9999, 184, 184, 184, 184, 185, 185, 185, 184, 184, 185, 186, 188, 190
2010,14212530,212,CH4 ,10PPBC, 9,17, 190, 190, 189, 187, 186, 185, 185, 184, 184, 183, 184, 184, 184, 186, 186, 187, 186, 186, 186, 189, 188, 187, 187, 188
2010,14212530,212,CH4 ,10PPBC, 9,18, 187, 187, 186, 185, 184, 184, 185, 185, 184, 186, 185, 185, 186, 186, 187, 186, 186, 186, 186, 187, 186, 187, 188, 188
2010,14212530,212,CH4 ,10PPBC, 9,19, 187, 189, 189, 187, 184, 186, 186, 188, 190, 188, 187, 186, 184, 183, 183, 183, 182, 183, 184, 186, 184, 184, 184, 185
2010,14212530,212,CH4 ,10PPBC, 9,20, 187, 188, 189, 187, 188, 190, 190, 189, 189, 189, 189, 191, 190, 190, 191, 191, 191, 187, 188, 192, 193, 194, 193, 192
2010,14212530,212,CH4 ,10PPBC, 9,21, 191, 190, 191, 191, 190, 190, 190, 190, 189, 188, 187, 187, 189, 191, 191, 190, 189, 191, 189, 189, 190, 195, 195, 196
2010,14212530,212,CH4 ,10PPBC, 9,22, 193, 191, 187, 189, 196, 191, 191, 188, 187,9999,9999,9999,9999,9999,9999,9999,9999,9999,9999,9999,9999,9999,9999,9999
2010,14212530,212,CH4 ,10PPBC, 9,23,9999,9999,9999,9999,9999,9999,9999,9999,9999,9999,9999,9999,9999,9999,9999,9999,9999,9999,9999,9999,9999,9999,9999,9999
2010,14212530,212,CH4 ,10PPBC, 9,24,9999,9999,9999, 187, 188, 188, 191, 193, 191, 190, 191, 191, 191, 192, 190, 190, 191, 191, 191, 191, 191, 191, 190, 190
2010,14212530,212,CH4 ,10PPBC, 9,25, 189, 189, 190, 190, 187, 186, 187, 186, 186, 186, 187, 186, 187, 188, 188, 188, 188, 189, 191, 190, 193, 192, 191, 192
2010,14212530,212,CH4 ,10PPBC, 9,26, 190, 190, 191, 189, 192, 192, 189, 189, 187, 190, 191, 190, 188, 194, 191, 191, 191, 189, 189, 189, 189, 189, 190, 190
2010,14212530,212,CH4 ,10PPBC, 9,27, 190, 190, 190, 189, 189, 188, 188, 187, 187, 187, 186, 184, 184, 184, 184, 185, 185, 186, 187, 187, 187, 187, 186, 187
2010,14212530,212,CH4 ,10PPBC, 9,28, 186, 186, 186, 186, 186, 187, 188, 189, 190, 190, 189, 190, 189, 189, 189, 190, 191, 192, 194, 197, 196, 199, 197, 194
2010,14212530,212,CH4 ,10PPBC, 9,29, 195, 193, 193, 195, 195, 194, 191, 191, 190, 190, 190, 190, 190, 190, 191, 194, 194, 193, 194, 194, 192, 195, 193, 192
2010,14212530,212,CH4 ,10PPBC, 9,30, 193, 192, 191, 190, 191, 191, 191, 190, 190, 191, 190, 192, 192, 193, 192, 193, 192, 192, 193, 194, 193, 192, 192, 193
2010,14212530,212,CH4 ,10PPBC, 9,31,9998,9998,9998,9998,9998,9998,9998,9998,9998,9998,9998,9998,9998,9998,9998,9998,9998,9998,9998,9998,9998,9998,9998,9998
2010,14212530,212,CH4 ,10PPBC,10, 1, 191, 191, 190, 191, 190, 191, 191, 191, 191, 191, 191, 192, 191, 192,9999,9999, 187, 188, 188, 188, 189, 189, 189, 189
2010,14212530,212,CH4 ,10PPBC,10, 2, 188, 188, 188, 188, 189, 189, 189, 188, 187, 188, 188, 188, 187, 186, 186, 187, 188, 187, 187, 187, 189, 192, 196, 194
2010,14212530,212,CH4 ,10PPBC,10, 3, 192, 189, 189, 188, 188, 188, 187, 185, 185, 186, 185, 186, 186, 186, 186, 187, 189, 193, 190, 188, 188, 188, 187, 187
2010,14212530,212,CH4 ,10PPBC,10, 4, 187, 188, 189, 190, 191, 191, 191, 190, 189, 189, 193, 197, 194, 195, 194, 191, 190, 191, 192, 191, 189, 190, 190, 190
2010,14212530,212,CH4 ,10PPBC,10, 5, 189, 188, 188, 189, 190, 189, 188, 188, 188, 187, 190, 191, 190, 188, 188, 190, 189, 189, 190, 189, 189, 188, 188, 188
2010,14212530,212,CH4 ,10PPBC,10, 6, 188, 188, 188, 189, 190, 188, 189, 188, 187, 187, 187, 187, 187, 188, 188, 187, 187, 188, 188, 191, 191, 190, 189, 188
2010,14212530,212,CH4 ,10PPBC,10, 7, 187, 187, 188, 186, 187, 186, 187, 186, 187, 187, 188, 189, 188, 188, 188, 188, 188, 188, 188, 189, 189, 189, 189, 188
2010,14212530,212,CH4 ,10PPBC,10, 8, 188, 187, 187, 187, 187, 187, 187, 188, 187, 187, 188, 189, 188,9999,9999,9999, 193, 193, 195, 198, 196, 191, 190, 189
2010,14212530,212,CH4 ,10PPBC,10, 9, 189, 189, 188, 187, 187, 186, 186, 186, 187, 186, 186, 186, 186, 186, 186, 186, 187, 186, 186, 187, 187, 186, 186, 186
2010,14212530,212,CH4 ,10PPBC,10,10, 186,9999,9999,9999,9999,9999,9999,9999,9999,9999,9999,9999,9999,9999,9999,9999,9999,9999,9999,9999,9999,9999,9999,9999
2010,14212530,212,CH4 ,10PPBC,10,11,9999,9999,9999,9999,9999,9999,9999,9999,9999,9999,9999,9999,9999,9999,9999,9999,9999,9999,9999,9999,9999,9999,9999,9999
2010,14212530,212,CH4 ,10PPBC,10,12,9999,9999,9999,9999,9999,9999,9999,9999,9999,9999,9999,9999,9999,9999,9999,9999,9999,9999,9999,9999,9999,9999,9999,9999
2010,14212530,212,CH4 ,10PPBC,10,13,9999,9999,9999,9999,9999,9999,9999,9999,9999,9999,9999,9999,9999,9999,9999,9999,9999,9999,9999,9999,9999,9999,9999,9999
2010,14212530,212,CH4 ,10PPBC,10,14,9999,9999,9999,9999,9999,9999,9999,9999,9999,9999,9999,9999,9999,9999,9999,9999,9999,9999,9999,9999,9999,9999,9999,9999
2010,14212530,212,CH4 ,10PPBC,10,15,9999,9999,9999,9999,9999,9999,9999,9999,9999,9999,9999,9999,9999,9999,9999,9999,9999,9999,9999,9999,9999,9999,9999,9999
2010,14212530,212,CH4 ,10PPBC,10,16,9999,9999,9999,9999,9999,9999,9999,9999,9999,9999,9999,9999,9999,9999,9999,9999,9999,9999,9999,9999,9999,9999,9999,9999
2010,14212530,212,CH4 ,10PPBC,10,17,9999,9999,9999,9999,9999,9999,9999,9999,9999,9999,9999,9999,9999,9999,9999,9999,9999,9999,9999,9999,9999,9999,9999,9999
2010,14212530,212,CH4 ,10PPBC,10,18,9999,9999,9999,9999,9999,9999,9999,9999,9999,9999,9999,9999,9999,9999,9999,9999,9999,9999,9999,9999,9999,9999,9999,9999
2010,14212530,212,CH4 ,10PPBC,10,19,9999,9999,9999,9999,9999,9999,9999,9999,9999,9999,9999,9999,9999,9999,9999,9999,9999,9999,9999,9999,9999,9999,9999,9999
2010,14212530,212,CH4 ,10PPBC,10,20,9999,9999,9999,9999,9999,9999,9999,9999,9999,9999,9999,9999,9999,9999,9999,9999,9999,9999,9999,9999,9999,9999,9999,9999
2010,14212530,212,CH4 ,10PPBC,10,21,9999,9999,9999,9999,9999,9999,9999,9999,9999,9999,9999,9999,9999,9999,9999,9999,9999,9999,9999, 186, 185, 186, 187, 187
2010,14212530,212,CH4 ,10PPBC,10,22, 187, 187, 189, 188, 189, 189, 190, 189, 189, 188, 189, 188, 188, 188, 189, 188, 188, 189, 189, 189, 189, 189, 189, 189
2010,14212530,212,CH4 ,10PPBC,10,23, 190, 188, 189, 189, 190, 189, 189, 188, 188, 188, 188, 188, 189, 188, 189, 189, 189, 189, 190, 190, 190, 189, 190, 189
2010,14212530,212,CH4 ,10PPBC,10,24, 189, 189, 189, 188, 189, 187, 191, 191, 189, 191, 191, 191, 189, 190, 192, 191, 190, 190, 191, 190, 193, 192, 190, 190
2010,14212530,212,CH4 ,10PPBC,10,25, 189, 189, 189, 188, 187, 187, 188, 189, 188, 189, 188, 187, 188, 188, 188, 189, 190, 190, 192, 193, 194, 191, 191, 189
2010,14212530,212,CH4 ,10PPBC,10,26, 186, 184, 184, 185, 185, 185, 187, 187, 190, 194, 195, 189, 190, 189, 189, 190, 189, 190, 190, 189, 190, 190, 189, 190
2010,14212530,212,CH4 ,10PPBC,10,27, 189, 189, 190, 189, 189, 190, 190, 190, 190, 190, 190, 190, 189, 190, 189, 189, 190, 191, 191, 192, 192, 192, 192, 193
2010,14212530,212,CH4 ,10PPBC,10,28, 193, 191, 191, 191, 191, 191, 190, 189, 188, 189, 188, 188, 188, 189, 189, 189, 188, 188, 188, 189, 187, 187, 186, 187
2010,14212530,212,CH4 ,10PPBC,10,29, 190, 191, 190, 192, 191, 193, 193, 193, 192, 191, 191, 189, 190,9999,9999, 189, 187, 188, 188, 188, 188, 187, 187, 187
2010,14212530,212,CH4 ,10PPBC,10,30, 187, 188, 186, 186, 186, 186, 186, 186, 186, 186, 186, 186, 185, 186, 184, 185, 184, 184, 184, 183, 184, 183, 184, 183
2010,14212530,212,CH4 ,10PPBC,10,31, 185, 184, 183, 182, 181, 183, 183, 184, 183, 183, 184, 184, 184, 183, 184, 184, 183, 185, 185, 185, 184, 184, 184, 184
2010,14212530,212,CH4 ,10PPBC,11, 1, 184, 184, 183, 183, 181, 181, 182, 183, 183, 182, 183, 182, 182, 183, 183, 182, 183, 183, 183, 185, 186, 186, 186, 185
2010,14212530,212,CH4 ,10PPBC,11, 2, 185, 187, 187, 185, 187, 190, 189, 189, 190, 187, 189, 187, 185, 184, 183, 184, 184, 185, 186, 186, 186, 186, 187, 187
2010,14212530,212,CH4 ,10PPBC,11, 3, 186, 188, 186, 185, 186, 187, 189, 189, 188, 189, 188, 187, 189, 187, 188, 188, 188, 190, 188, 187, 187, 188, 188, 187
2010,14212530,212,CH4 ,10PPBC,11, 4, 187, 188, 188, 187, 188, 188, 190, 191, 190, 189, 189, 188, 188, 189, 190, 190, 191, 201, 192, 192, 191, 191, 190, 189
2010,14212530,212,CH4 ,10PPBC,11, 5, 189, 189, 188, 187, 188, 189, 189, 189, 188, 188, 187, 186, 186,9999,9999,9999, 190, 189, 191, 190, 189, 190, 190, 189
2010,14212530,212,CH4 ,10PPBC,11, 6, 188, 189, 189, 189, 188, 189, 191, 191, 191, 189, 189, 190, 190, 190, 190, 192, 194, 193, 195, 197, 192, 192, 190, 189
2010,14212530,212,CH4 ,10PPBC,11, 7, 190, 189, 188, 188, 187, 187, 188, 188, 189, 189, 189, 188, 189, 189, 188, 189, 189, 192, 193, 190, 190, 188, 188, 187
2010,14212530,212,CH4 ,10PPBC,11, 8, 187, 186, 186, 188, 187, 188, 186, 187, 188, 187, 191, 194, 194, 193, 190, 189, 190, 192, 192, 193, 193, 193, 192, 190
2010,14212530,212,CH4 ,10PPBC,11, 9, 190, 192, 191, 191, 191, 193, 193, 189, 188, 185, 187, 186, 185, 185, 187, 187, 189, 189, 192, 192, 191, 191, 194, 194
2010,14212530,212,CH4 ,10PPBC,11,10, 196, 196, 197, 197, 199, 199, 196, 196, 195, 195, 197, 192, 190, 188, 189, 187, 189, 188, 189, 189, 192, 192, 194, 192
2010,14212530,212,CH4 ,10PPBC,11,11, 192, 191, 192, 191, 190, 191, 191, 192, 192, 190, 190, 190, 189,9999,9999, 189, 189, 192, 195, 193, 192, 191, 194, 191
2010,14212530,212,CH4 ,10PPBC,11,12, 192, 191, 191, 193, 192, 189, 190, 192, 193, 195, 195, 190, 188, 188, 188, 187, 188, 188, 189, 188, 190, 194, 191, 189
2010,14212530,212,CH4 ,10PPBC,11,13, 189, 189, 189, 189, 187, 189, 189, 190, 187, 189, 189, 188, 189, 190, 192, 193, 192, 196, 195, 194, 195, 195, 193, 193
2010,14212530,212,CH4 ,10PPBC,11,14, 192, 191, 190, 190, 190, 190, 191, 192, 191, 192, 196, 191, 191, 192, 192, 190, 192, 194, 192, 191, 192, 191, 190, 188
2010,14212530,212,CH4 ,10PPBC,11,15, 188, 189, 188, 189, 189, 187, 190, 192, 188, 187, 188, 186, 187, 189, 189, 197, 194, 188, 188, 189, 189, 189, 189, 190
2010,14212530,212,CH4 ,10PPBC,11,16, 190, 190, 189, 189, 190, 191, 192, 193, 193, 191, 191, 190, 189,9999,9999, 189, 192, 192, 192, 192, 194, 194, 194, 194
2010,14212530,212,CH4 ,10PPBC,11,17, 193, 192, 191, 191, 191, 191, 191, 190, 189, 188, 189, 188, 187, 188, 188, 188, 187, 187, 187, 187, 188, 188, 188, 188
2010,14212530,212,CH4 ,10PPBC,11,18, 189, 188, 187, 187, 186, 187, 186, 187, 187, 187, 187, 187, 187, 187, 187, 186, 187, 187, 187, 188, 187, 187, 187, 187
2010,14212530,212,CH4 ,10PPBC,11,19, 187, 186, 186, 186, 186, 186, 186, 188, 187, 186, 187, 187, 187, 187, 188, 188, 190, 194, 191, 191, 192, 191, 189, 190
2010,14212530,212,CH4 ,10PPBC,11,20, 187, 187, 188, 188, 188, 188, 189, 189, 187, 187, 187, 187, 187, 186, 187, 189, 188, 189, 189, 190, 189, 188, 189, 187
2010,14212530,212,CH4 ,10PPBC,11,21, 187, 186, 187, 186, 187, 187, 187, 187, 187, 186, 186, 187, 186, 186, 186, 186, 186, 188, 189, 189, 188, 187, 186, 186
2010,14212530,212,CH4 ,10PPBC,11,22, 186, 185, 186, 185, 185, 186, 187, 186, 187, 186, 187, 186, 185, 186, 188, 189, 189, 189, 191, 191, 191, 191, 190, 191
2010,14212530,212,CH4 ,10PPBC,11,23, 189, 186, 185, 184, 182, 182, 182, 182, 182, 183, 184, 186, 186, 187, 187, 188, 188, 189, 189, 189, 189, 189, 189, 192
2010,14212530,212,CH4 ,10PPBC,11,24, 192, 192, 189, 188, 188, 188, 189, 189, 190, 190, 188, 188, 189, 189, 189, 190, 192, 192, 193, 194, 195, 200, 196, 195
2010,14212530,212,CH4 ,10PPBC,11,25, 194, 192, 192, 191, 192, 192, 194, 194, 197, 194, 192, 192, 193, 193, 193, 193, 194, 195, 194, 193, 192, 191, 192, 191
2010,14212530,212,CH4 ,10PPBC,11,26, 193, 193, 192, 190, 190, 192, 191, 191, 191, 190, 189, 186, 187,9999,9999, 189, 189, 191, 193, 194, 193, 193, 193, 189
2010,14212530,212,CH4 ,10PPBC,11,27, 189, 187, 187, 187, 187, 188, 188, 188, 188, 187, 187, 188, 188, 188, 188, 190, 188, 188, 190, 192, 191, 191, 191, 190
2010,14212530,212,CH4 ,10PPBC,11,28, 190, 191, 192, 190, 190, 191, 190, 190, 191, 189, 188, 188, 187, 185, 186, 186, 187, 190, 191, 192, 193, 193, 194, 194
2010,14212530,212,CH4 ,10PPBC,11,29, 193, 192, 191, 192, 192, 193, 194, 193, 191, 189, 190, 188, 187, 186, 187, 187, 188, 190, 193, 191, 193, 192, 192, 193
2010,14212530,212,CH4 ,10PPBC,11,30, 193, 192, 194, 193, 192, 193, 194, 193, 193, 191, 191, 191, 191, 192, 191, 191, 191, 192, 192, 198, 194, 195, 195, 193
2010,14212530,212,CH4 ,10PPBC,11,31,9998,9998,9998,9998,9998,9998,9998,9998,9998,9998,9998,9998,9998,9998,9998,9998,9998,9998,9998,9998,9998,9998,9998,9998
2010,14212530,212,CH4 ,10PPBC,12, 1, 193, 195, 195, 194, 193, 192, 191, 192, 192, 192, 189, 189, 190, 190, 189, 192, 195, 197, 194, 195, 194, 193, 193, 192
2010,14212530,212,CH4 ,10PPBC,12, 2, 190, 189, 189, 189, 190, 189, 190, 190, 189, 188, 189, 189, 189, 190, 191, 192, 191, 191, 191, 192, 191, 190, 190, 191
2010,14212530,212,CH4 ,10PPBC,12, 3, 189, 190, 191, 191, 192, 192, 194, 189, 187, 183, 182,9999,9999, 187, 187, 187, 186, 186, 187, 189, 189, 190, 191, 191
2010,14212530,212,CH4 ,10PPBC,12, 4, 190, 190, 190, 190, 192, 193, 193, 195, 194, 192, 191, 190, 191, 191, 192, 191, 191, 193, 195, 196, 195, 195, 194, 194
2010,14212530,212,CH4 ,10PPBC,12, 5, 194, 193, 192, 192, 192, 192, 193, 193, 194, 191, 190, 192, 193, 193, 194, 193, 193, 195, 197, 198, 197, 195, 195, 193
2010,14212530,212,CH4 ,10PPBC,12, 6, 192, 192, 192, 192, 191, 191, 192, 192, 193, 192, 192, 194, 194, 192, 192, 192, 192, 193, 193, 194, 195, 199, 198, 195
2010,14212530,212,CH4 ,10PPBC,12, 7, 194, 194, 194, 196, 193, 192, 193, 191, 191, 192, 192, 192, 191, 190, 190, 190, 191, 191, 191, 191, 191, 191, 191, 190
2010,14212530,212,CH4 ,10PPBC,12, 8, 191, 191, 191, 190, 190, 191, 190, 191, 192, 191, 191, 190, 191, 190, 191, 191, 191, 191, 190, 191, 191, 191, 190, 191
2010,14212530,212,CH4 ,10PPBC,12, 9, 190, 190, 190, 190, 191, 191, 191, 191, 192, 190, 191, 190, 190,9999, 191, 192, 192, 194, 193, 193, 195, 196, 200, 199
2010,14212530,212,CH4 ,10PPBC,12,10, 198, 197, 196, 195, 198, 199, 197, 197, 194, 192, 191, 191, 191, 193, 194, 194, 194, 194, 195, 199, 203, 202, 198, 196
2010,14212530,212,CH4 ,10PPBC,12,11, 194, 194, 194, 195, 194, 194, 194, 195, 194, 191, 189, 189, 188, 188, 187, 187, 188, 189, 189, 189, 188, 189, 189, 192
2010,14212530,212,CH4 ,10PPBC,12,12, 194, 193, 192, 193, 191, 191, 192, 192, 192, 192, 192, 191, 191, 191, 191, 192, 192, 193, 195, 195, 194, 195, 195, 193
2010,14212530,212,CH4 ,10PPBC,12,13, 193, 193, 192, 191, 192, 192, 191, 192, 192, 192, 192, 191, 191, 192, 192, 192, 191, 191, 191, 191, 192, 193, 193, 194
2010,14212530,212,CH4 ,10PPBC,12,14, 194, 194, 194, 192, 190, 191, 191, 192, 193, 193, 194, 194, 192, 194, 195, 194, 195, 198, 200, 198, 201, 208, 207, 197
2010,14212530,212,CH4 ,10PPBC,12,15, 194, 195, 191, 191, 192, 193, 194, 197, 195, 193, 191, 189, 191, 189, 191, 193, 197, 191, 190, 192, 192, 193, 194, 193
2010,14212530,212,CH4 ,10PPBC,12,16, 194, 194, 193, 193, 194, 195, 193, 194, 194, 194, 194, 195, 196, 197, 197, 196, 195, 196, 197, 197, 196, 197, 196, 195
2010,14212530,212,CH4 ,10PPBC,12,17, 196, 199, 198, 197, 197, 198, 197, 200, 198, 192, 191, 192, 191,9999,9999, 190, 192, 195, 196, 197, 195, 195, 193, 192
2010,14212530,212,CH4 ,10PPBC,12,18, 192, 192, 191, 193, 193, 194, 194, 195, 195, 193, 190, 191, 192, 191, 192, 192, 191, 191, 189, 191, 194, 195, 193, 194
2010,14212530,212,CH4 ,10PPBC,12,19, 195, 195, 193, 194, 194, 192, 192, 192, 191, 190, 191, 191, 191, 192, 192, 193, 199, 200, 201, 199, 198, 197, 195, 193
2010,14212530,212,CH4 ,10PPBC,12,20, 193, 192, 192, 192, 193, 192, 194, 196, 196, 197, 193, 189, 186, 186, 189, 190, 190, 189, 190, 190, 191, 189, 191, 189
2010,14212530,212,CH4 ,10PPBC,12,21, 190, 189, 189, 188, 188, 189, 189, 189, 188, 189, 188, 189, 189, 189, 190, 189, 189, 190, 189, 189, 189, 189, 189, 188
2010,14212530,212,CH4 ,10PPBC,12,22, 188, 189, 188, 187, 187, 187, 187, 190, 193, 192, 190, 186, 185, 185, 186, 187, 189, 191, 190, 189, 192, 191, 191, 192
2010,14212530,212,CH4 ,10PPBC,12,23, 190, 189, 189, 187, 187, 189, 191, 194, 191, 190, 190, 187, 186, 187, 187, 187, 187, 190, 192, 194, 194, 196, 199, 196
2010,14212530,212,CH4 ,10PPBC,12,24, 194, 194, 195, 194, 196, 195, 192, 196, 196, 191,9999,9999,9999, 197, 189, 188, 187, 191, 193, 193, 194, 196, 195, 196
2010,14212530,212,CH4 ,10PPBC,12,25, 196, 196, 197, 195, 195, 194, 189, 187, 187, 187, 187, 187, 186, 186, 187, 186, 186, 186, 187, 187, 186, 187, 187, 187
2010,14212530,212,CH4 ,10PPBC,12,26, 190,9999, 195, 190, 193, 193, 194, 193, 193, 193, 190, 189, 189, 189, 189, 189, 187, 189, 189, 189, 190, 190, 194, 195
2010,14212530,212,CH4 ,10PPBC,12,27, 194, 193, 195, 194, 195, 191, 194, 197, 197, 191, 191, 192, 191, 192, 191, 191, 191, 193, 196, 196, 197, 196, 198, 195
2010,14212530,212,CH4 ,10PPBC,12,28, 194, 196, 196, 194, 195, 194, 194, 196, 195, 194, 196, 193, 191,9999, 190, 190, 189, 189, 189, 189, 189, 189, 195, 198
2010,14212530,212,CH4 ,10PPBC,12,29, 198, 200, 201, 201, 199, 201, 200, 200, 200, 199, 197, 194, 193, 192, 191, 192, 194, 194, 194, 194, 194, 195, 198, 199
2010,14212530,212,CH4 ,10PPBC,12,30, 195, 195, 196, 194, 196, 195, 196, 195, 198, 196, 196, 198, 198, 195, 195, 198, 196, 195, 194, 194, 194, 195, 196, 197
2010,14212530,212,CH4 ,10PPBC,12,31, 198, 198, 197, 197, 197, 199, 200, 199, 197, 193, 191, 191, 190, 189, 189, 190, 190, 192, 195, 199, 199, 199, 199, 197
2010,14212530,212,CH4 ,10PPBC, 1, 1, 196, 198, 199, 198, 196, 196, 197, 196, 195, 194, 194, 193, 193, 192, 192, 192, 193, 196, 194, 194, 195, 195, 194, 194
2010,14212530,212,CH4 ,10PPBC, 1, 2, 194, 196, 194, 193, 194, 194, 194, 195, 196, 194, 194, 192, 192, 192, 191, 191, 191, 196, 196, 196, 195, 195, 196, 196
2010,14212530,212,CH4 ,10PPBC, 1, 3, 194, 194, 193, 194, 193, 193, 194, 194, 193, 193, 191, 191, 191, 191, 192, 192, 194, 196, 195, 194, 195, 195, 195, 193
2010,14212530,212,CH4 ,10PPBC, 1, 4, 192, 192, 191, 191, 190, 191, 191, 192, 192, 193, 192, 192, 192, 191, 191, 192, 192, 195, 195, 195, 196, 194, 194, 194
2010,14212530,212,CH4 ,10PPBC, 1, 5, 194, 192, 194, 193, 193, 194, 194, 195, 194, 194, 193, 192, 191, 190, 190, 189, 191, 190, 190, 190, 190, 190, 190, 192
2010,14212530,212,CH4 ,10PPBC, 1, 6, 190, 191, 189, 189, 189, 190, 191, 193, 196, 192, 191, 191, 191, 191, 190, 190, 191, 191, 192, 193, 193, 195, 193, 193
2010,14212530,212,CH4 ,10PPBC, 1, 7, 192, 192, 191, 192, 192, 192, 192, 192, 192, 191,9999, 191, 191, 191, 191, 191, 191, 193, 194, 196, 195, 195, 194, 192
2010,14212530,212,CH4 ,10PPBC, 1, 8, 193, 196, 196, 194, 194, 194, 195, 196, 196, 194, 192, 193, 192, 192, 192, 192, 192, 193, 195, 197, 196, 197, 197, 198
2010,14212530,212,CH4 ,10PPBC, 1, 9, 195, 195, 194, 194, 194, 195, 195, 195, 194, 193, 192, 190, 190, 190, 189, 188, 193, 194, 194, 193, 191, 192, 192, 192
2010,14212530,212,CH4 ,10PPBC, 1,10, 191, 192, 193, 193, 194, 194, 194, 195, 194, 194, 193, 193, 192, 192, 193, 193, 192, 193, 194, 196, 197, 198, 196, 195
2010,14212530,212,CH4 ,10PPBC, 1,11, 194, 194, 193, 194, 194, 194, 194, 194, 194, 194, 195, 197, 194, 194, 194, 193, 193, 194, 196, 198, 198, 197, 197, 197
2010,14212530,212,CH4 ,10PPBC, 1,12, 197, 196, 197, 198, 199, 199, 199, 198, 197, 196, 196, 195, 194, 194, 193, 193, 192, 195, 195, 192, 192, 192, 194, 194
2010,14212530,212,CH4 ,10PPBC, 1,13, 195, 194, 194, 193, 193, 193, 193, 194, 193, 194, 193, 192, 192, 192, 193,9999,9999, 189, 189, 190, 190, 190, 191, 190
2010,14212530,212,CH4 ,10PPBC, 1,14, 191, 193, 194, 194, 194, 193, 194, 196, 194, 195, 193, 191, 192, 191, 191, 191, 190, 191, 193, 193, 193, 193, 194, 193
2010,14212530,212,CH4 ,10PPBC, 1,15, 192, 192, 193, 192, 192, 193, 194, 194, 193, 189, 188, 190, 190, 190, 190, 191, 192, 194, 193, 195, 195, 195, 195, 193
2010,14212530,212,CH4 ,10PPBC, 1,16, 194, 195, 194, 194, 193, 188, 188, 188, 189, 187, 188, 187, 187, 187, 187, 187, 188, 189, 189, 189, 188, 187, 187, 187
2010,14212530,212,CH4 ,10PPBC, 1,17, 189, 188, 192, 192, 192, 191, 191, 193, 196, 194, 190, 187, 186, 186, 187, 186, 186, 186, 189, 189, 189, 190, 191, 193
2010,14212530,212,CH4 ,10PPBC, 1,18, 195, 195, 194, 194, 194, 192, 193, 194, 193, 190, 189, 190, 190,9999,9999, 189, 189, 191, 194, 195, 193, 192, 191, 191
2010,14212530,212,CH4 ,10PPBC, 1,19, 192, 192, 192, 192, 193, 196, 194, 195, 193, 190, 189, 189, 189, 189, 189, 191, 192, 193, 196, 196, 192, 191, 192, 192
2010,14212530,212,CH4 ,10PPBC, 1,20, 192, 191, 192, 193, 194, 193, 194, 194, 193, 191, 191, 190, 190, 189, 189, 188, 189, 191, 190, 190, 191, 193, 195, 195
2010,14212530,212,CH4 ,10PPBC, 1,21, 195, 194, 193, 194, 192, 192, 191, 191, 191, 191, 190, 189, 189, 189, 189, 189, 189, 191, 204, 201, 198, 195, 194, 195
2010,14212530,212,CH4 ,10PPBC, 1,22, 193, 190, 190, 189, 189, 190, 190, 191, 192, 191, 192, 189, 189, 189, 188, 188, 188, 189, 192, 192, 191, 190, 190, 189
2010,14212530,212,CH4 ,10PPBC, 1,23, 191, 192, 192, 192, 192, 192, 193, 192, 193, 192, 190, 191, 194, 192, 190, 192, 194, 195, 197, 196, 194, 193, 192, 191
2010,14212530,212,CH4 ,10PPBC, 1,24, 191, 191, 191, 190, 192, 191, 191, 192, 192, 192, 192, 193, 192, 192, 192, 191, 192, 193, 192, 193, 191, 190, 190, 190
2010,14212530,212,CH4 ,10PPBC, 1,25, 191, 191, 191, 191, 191, 192, 193, 194, 193, 193, 192, 192, 192, 193, 193, 193, 193, 193, 196, 192, 192, 191, 192, 192
2010,14212530,212,CH4 ,10PPBC, 1,26, 192, 192, 192, 196, 194, 194, 195, 196, 194, 193, 192, 193, 192, 191, 190, 191, 191, 192, 194, 193, 189, 190, 191, 192
2010,14212530,212,CH4 ,10PPBC, 1,27, 193, 194, 195, 195, 194, 194, 195, 196, 195, 192, 191, 192, 192, 192,9999,9999,9999, 194, 193, 192, 193, 192, 192, 193
2010,14212530,212,CH4 ,10PPBC, 1,28, 195, 195, 196, 195, 196, 195, 195, 196, 196, 194, 192, 192, 191, 191, 191, 192, 191, 191, 190, 191, 191, 193, 194, 194
2010,14212530,212,CH4 ,10PPBC, 1,29, 195, 195, 194, 194, 195, 195, 193, 194, 192, 191, 191, 190, 192, 192, 192, 191, 191, 191, 194, 194, 194, 195, 195, 195
2010,14212530,212,CH4 ,10PPBC, 1,30, 196, 195, 197, 195, 192, 188, 189, 189, 190, 189, 190, 190, 190, 188, 189, 188, 190, 192, 191, 190, 191, 191, 192, 194
2010,14212530,212,CH4 ,10PPBC, 1,31, 195, 194, 195, 196, 196, 195, 196, 197, 196, 192, 190, 190, 190, 190, 190, 189, 189, 189, 192, 193, 191, 192, 194, 193
2010,14212530,212,CH4 ,10PPBC, 2, 1, 193, 192, 192, 192, 193, 195, 194, 196, 195, 197, 194, 191, 191, 190, 189, 189, 189, 189, 192, 193, 193, 193, 192, 192
2010,14212530,212,CH4 ,10PPBC, 2, 2, 191, 190, 190, 191, 192, 191, 193, 192, 192, 192, 192, 192, 192, 193, 196, 195, 192, 194, 196, 199, 196, 198, 196, 196
2010,14212530,212,CH4 ,10PPBC, 2, 3, 195, 195, 196, 195, 195, 196, 196, 197, 195, 194, 191, 193, 191, 192, 195, 198, 194, 193, 195, 194, 192, 192, 200, 197
2010,14212530,212,CH4 ,10PPBC, 2, 4, 195, 196, 198, 192, 192, 192, 192, 194, 193, 191,9999,9999,9999, 190, 187, 187, 186, 188, 190, 190, 191, 191, 192, 194
2010,14212530,212,CH4 ,10PPBC, 2, 5, 190, 189, 189, 189, 188, 189, 190, 192, 192, 190, 189, 190, 189, 190, 190, 192, 196, 196, 197, 198, 197, 193, 192, 193
2010,14212530,212,CH4 ,10PPBC, 2, 6, 191, 192, 194, 194, 193, 193, 194, 194, 193, 193, 193, 193, 194, 195, 195, 196, 196, 197, 197, 199, 198, 197, 197, 197
2010,14212530,212,CH4 ,10PPBC, 2, 7, 198, 198, 201, 199, 200, 199, 200, 200, 193, 190, 189, 188, 189, 189, 189, 189, 189, 189, 189, 189, 189, 189, 190, 190
2010,14212530,212,CH4 ,10PPBC, 2, 8, 191, 193, 189, 189, 188, 189, 189, 191, 192, 191, 190, 189, 189, 190, 193, 194, 194, 194, 197, 198, 196, 193, 191, 189
2010,14212530,212,CH4 ,10PPBC, 2, 9, 188, 189, 189, 187, 188, 189, 190, 189, 187, 187, 188, 188, 188, 187, 187, 188, 188, 188, 194, 196, 194, 195, 197, 195
2010,14212530,212,CH4 ,10PPBC, 2,10, 195, 193, 193, 191, 189, 190, 191, 192, 192, 190,9999,9999, 190, 190, 191, 192, 192, 191, 192, 192, 191, 191, 191, 191
2010,14212530,212,CH4 ,10PPBC, 2,11, 190, 191, 191, 190, 190, 189, 189, 189, 191, 189, 189, 191, 190, 190, 190, 190, 190, 191, 192, 191, 191, 190, 188, 188
2010,14212530,212,CH4 ,10PPBC, 2,12, 188, 188, 188, 188, 187, 188, 188, 187, 187, 187, 187, 187, 187, 187, 187, 187, 189, 189, 188, 189, 191, 192, 193, 191
2010,14212530,212,CH4 ,10PPBC, 2,13, 192, 194, 194, 193, 192, 192, 192, 192, 192, 191, 189, 189, 190, 190, 191, 190, 191, 194, 193, 193, 192, 192, 193, 192
2010,14212530,212,CH4 ,10PPBC, 2,14, 194, 192, 191, 191, 191, 191, 191, 193, 194, 194, 194, 193, 193, 194, 194, 195, 194, 194, 194, 193, 192, 192, 192, 191
2010,14212530,212,CH4 ,10PPBC, 2,15, 190, 189, 190, 190, 190, 189, 192, 192, 193, 191, 191, 192, 191, 191, 191, 191, 191, 191, 192, 192, 192, 194, 196, 197
2010,14212530,212,CH4 ,10PPBC, 2,16, 196, 197, 196, 196, 194, 196, 197, 198,9999,9999, 191, 192, 193, 192, 192, 190, 190, 190, 193, 192, 193, 192, 193, 192
2010,14212530,212,CH4 ,10PPBC, 2,17, 192, 192, 193, 191, 191, 191, 191, 192, 192, 192, 194, 200, 203, 192, 188, 186, 186, 187, 187, 187, 187, 186, 186, 187
2010,14212530,212,CH4 ,10PPBC, 2,18, 186, 185, 190, 191, 189, 187, 183, 190, 188, 188, 187, 186, 186, 186, 186, 188, 187, 187, 188, 188, 188, 189, 188, 188
2010,14212530,212,CH4 ,10PPBC, 2,19, 188, 188, 189, 189, 190, 190, 191, 191, 191, 190, 190, 190, 189, 189, 191, 191, 190, 191, 190, 191, 191, 192, 195, 197
2010,14212530,212,CH4 ,10PPBC, 2,20, 196, 193, 191, 191, 191, 191, 190, 191, 191, 191, 192, 192, 192, 191, 190, 189, 189, 191, 191, 191, 190, 189, 189, 189
2010,14212530,212,CH4 ,10PPBC, 2,21, 189, 189, 189, 189, 189, 189, 189, 189, 191, 190, 190, 189, 189, 189, 188, 188, 189, 189, 189, 190, 190, 190, 190, 191
2010,14212530,212,CH4 ,10PPBC, 2,22, 189, 190, 189, 189, 189, 189, 189, 190, 192, 193, 191, 190, 189,9999,9999, 189, 188, 189, 194, 193, 193, 195, 196, 195
2010,14212530,212,CH4 ,10PPBC, 2,23, 194, 193, 192, 191, 190, 190, 190, 190, 189, 189, 189, 190, 189, 192, 192, 191, 189, 189, 190, 192, 196, 197, 197, 193
2010,14212530,212,CH4 ,10PPBC, 2,24, 192, 191, 189, 189, 190, 190, 191, 192, 192, 192, 193, 193, 193, 191, 188, 187, 188, 188, 190, 190, 191, 191, 189, 189
2010,14212530,212,CH4 ,10PPBC, 2,25, 189, 185, 185, 185, 186, 188, 188, 187, 185, 184, 184, 184, 183, 183, 183, 183, 183, 184, 184, 185, 188, 189, 189, 189
2010,14212530,212,CH4 ,10PPBC, 2,26, 188, 189, 189, 188, 189, 189, 190, 191, 190, 191, 191, 191, 191, 192, 193, 192, 191, 191, 192, 192, 194, 195, 194, 194
2010,14212530,212,CH4 ,10PPBC, 2,27, 193, 194, 192, 193, 193, 192, 193, 194, 194, 193, 193, 190, 187, 187, 187, 186, 186, 186, 188, 192, 192, 192, 192, 193
2010,14212530,212,CH4 ,10PPBC, 2,28, 193, 192, 192, 190, 190, 190, 190, 190, 191, 190, 189, 189, 190, 189, 189, 188, 188, 189, 188, 189, 188, 189, 189, 189
2010,14212530,212,CH4 ,10PPBC, 2,29,9998,9998,9998,9998,9998,9998,9998,9998,9998,9998,9998,9998,9998,9998,9998,9998,9998,9998,9998,9998,9998,9998,9998,9998
2010,14212530,212,CH4 ,10PPBC, 2,30,9998,9998,9998,9998,9998,9998,9998,9998,9998,9998,9998,9998,9998,9998,9998,9998,9998,9998,9998,9998,9998,9998,9998,9998
2010,14212530,212,CH4 ,10PPBC, 2,31,9998,9998,9998,9998,9998,9998,9998,9998,9998,9998,9998,9998,9998,9998,9998,9998,9998,9998,9998,9998,9998,9998,9998,9998
2010,14212530,212,CH4 ,10PPBC, 3, 1, 189, 188, 188, 188, 188, 189, 189, 190, 189, 190, 190, 190, 190, 189, 188, 189, 189, 189, 189, 190, 189, 189, 190, 190
2010,14212530,212,CH4 ,10PPBC, 3, 2, 189, 190, 191, 192, 191, 192, 192, 192, 193, 191, 191, 192, 191,9999,9999,9999, 190, 190, 190, 190, 193, 196, 197, 194
2010,14212530,212,CH4 ,10PPBC, 3, 3, 195, 194, 193, 192, 190, 191, 191, 192, 191, 190, 190, 190, 190, 189, 190, 190, 190, 191, 190, 191, 191, 190, 191, 192
2010,14212530,212,CH4 ,10PPBC, 3, 4, 192, 192, 191, 191, 192, 192, 192, 192, 191, 190, 190, 190, 190, 190, 191, 191, 191, 191, 192, 192, 194, 195, 195, 196
2010,14212530,212,CH4 ,10PPBC, 3, 5, 196, 195, 196, 194, 194, 193, 194, 193, 192, 191, 192, 192, 192, 192, 191, 191, 191, 191, 192, 193, 193, 194, 194, 194
2010,14212530,212,CH4 ,10PPBC, 3, 6, 194, 192, 194, 193, 194, 193, 192, 192, 192, 192, 192, 193, 192, 192, 192, 192, 194, 194, 192, 195, 196, 194, 193, 193
2010,14212530,212,CH4 ,10PPBC, 3, 7, 191, 192, 192, 189, 188, 189, 188, 190, 190, 189, 189, 190, 189, 189, 190, 189, 189,9999,9999,9999,9999,9999,9999,9999
2010,14212530,212,CH4 ,10PPBC, 3, 8,9999,9999,9999,9999,9999,9999,9999,9999,9999,9999,9999,9999,9999,9999, 193, 193, 193, 193, 194, 195, 196, 196, 193, 192
2010,14212530,212,CH4 ,10PPBC, 3, 9, 193, 192, 191, 191, 192, 193, 193, 194, 193, 194, 194, 193, 192, 191, 191, 189, 189, 189, 189, 190, 191, 191, 190, 191
2010,14212530,212,CH4 ,10PPBC, 3,10, 191, 192, 192, 192, 192, 192, 193, 193, 193, 192, 192, 192, 192, 192, 192, 192, 192, 192, 192, 192, 192, 192, 192, 193
2010,14212530,212,CH4 ,10PPBC, 3,11, 194, 195, 193, 192, 191, 192, 192, 193, 192, 191, 192, 191, 191, 190, 190, 213, 191, 191, 191, 191, 192, 192, 193, 193
2010,14212530,212,CH4 ,10PPBC, 3,12, 194, 194, 195, 194, 194, 195, 194, 195, 193, 193, 192, 193, 193, 194, 193, 194, 194, 196, 197, 196, 194, 194, 196, 194
2010,14212530,212,CH4 ,10PPBC, 3,13, 194, 194, 193, 192, 193, 194, 193, 192, 193, 194, 193, 193, 193, 194, 194, 193, 192, 192, 191, 194, 196, 198, 198, 198
2010,14212530,212,CH4 ,10PPBC, 3,14, 195, 193, 193, 193, 194, 193, 193, 196, 194, 191, 190, 189, 188, 187, 187, 188, 188, 187, 187, 188, 187, 187, 189, 192
2010,14212530,212,CH4 ,10PPBC, 3,15, 189, 189, 189, 192, 188, 188, 189, 191, 191, 192, 192, 193, 193, 193, 193,9999,9999,9999,9999, 194, 194, 194, 193, 193
2010,14212530,212,CH4 ,10PPBC, 3,16, 192, 189, 187, 187, 188, 189, 190, 190, 190, 192, 191, 189,9999,9999,9999,9999, 190, 191, 191, 192, 192, 193, 194, 194
2010,14212530,212,CH4 ,10PPBC, 3,17, 195, 195, 194, 195, 196, 197, 196, 196, 194, 194, 192, 190, 189,9999,9999, 189, 188, 189, 189, 190, 191, 192, 193, 192
2010,14212530,212,CH4 ,10PPBC, 3,18, 193, 194, 196, 196, 197, 197, 196, 196, 195, 193, 191, 190, 190, 190, 190, 190, 189, 189, 189, 190, 189, 189, 189, 190
2010,14212530,212,CH4 ,10PPBC, 3,19, 190, 189, 190, 189, 190, 190, 190, 191, 189, 187, 187, 187, 187, 186, 187, 186, 186, 187, 187, 189, 189, 190, 191, 190
2010,14212530,212,CH4 ,10PPBC, 3,20, 190, 189, 190, 190, 191, 190, 190, 191, 188, 188, 189, 189, 189, 191, 190, 188, 188, 186, 186, 186, 186, 186, 185, 185
2010,14212530,212,CH4 ,10PPBC, 3,21, 190, 187, 183, 184, 185, 190, 190, 190, 190, 190, 190, 189, 189, 191, 189, 188, 188, 189, 189, 190, 192, 192, 193, 191
2010,14212530,212,CH4 ,10PPBC, 3,22, 190, 189, 189, 190, 190, 190, 191, 191, 192, 191, 190, 191, 191, 191, 191, 191, 191, 192, 192, 192, 193, 192, 192, 193
2010,14212530,212,CH4 ,10PPBC, 3,23, 192, 192, 192, 192, 192, 192, 192, 193, 193, 192, 191, 189, 191, 190, 191, 190, 191, 190, 191, 193, 193, 190, 191, 192
2010,14212530,212,CH4 ,10PPBC, 3,24, 193, 194, 195, 195, 195, 194, 194, 194, 195, 194, 194, 194, 193, 192,9999,9999,9999, 191, 193, 191, 190, 191, 192, 192
2010,14212530,212,CH4 ,10PPBC, 3,25, 192, 193, 194, 194, 195, 196, 197, 198, 196, 199, 197, 193, 191, 190, 190, 189, 188, 189, 189, 190, 191, 191, 192, 191
2010,14212530,212,CH4 ,10PPBC, 3,26, 192, 193, 193, 193, 193, 194, 196, 196, 194, 192, 190, 190, 190, 189, 189, 189, 189, 189, 190, 190, 191, 192, 192, 194
2010,14212530,212,CH4 ,10PPBC, 3,27, 194, 194, 194, 194, 196, 196, 196, 194, 194, 192, 190, 190, 190, 190, 189, 190, 189, 189, 191, 192, 192, 193, 193, 192
2010,14212530,212,CH4 ,10PPBC, 3,28, 192, 192, 193, 193, 193, 193, 193, 194, 193, 192, 191, 190, 191, 192, 192, 191, 190, 189, 190, 191, 191, 193, 195, 194
2010,14212530,212,CH4 ,10PPBC, 3,29, 195, 193, 194, 194, 194, 193, 194, 194, 192, 190, 190, 190, 190, 190,9999,9999, 189, 189, 189, 190, 191, 192, 191, 191
2010,14212530,212,CH4 ,10PPBC, 3,30, 191, 190, 191, 191, 191, 191, 191, 191, 191, 190, 190, 191, 191, 191, 191, 190, 189, 189, 191, 192, 191, 190, 190, 190
2010,14212530,212,CH4 ,10PPBC, 3,31, 190, 191, 191, 191, 191, 191, 192, 192, 190, 190, 191, 191, 191, 190, 190, 189, 189, 188, 189, 190, 192, 192, 193, 193
2010,14213010,213,CH4 ,10PPBC, 4, 1, 198, 199, 200, 198, 196, 196, 197, 202, 202, 198, 192, 189, 192,9999, 184, 185, 187, 184, 183, 184, 184, 184, 183, 183
2010,14213010,213,CH4 ,10PPBC, 4, 2, 183, 183, 182, 182, 182, 182, 183, 186, 187, 183, 184, 183, 185, 186, 186, 187, 189, 188, 189, 189, 189, 191, 189, 191
2010,14213010,213,CH4 ,10PPBC, 4, 3, 192, 190, 187, 187, 188, 187, 187, 189, 188, 189, 189, 189, 188, 187, 186, 186, 187, 186, 187, 188, 190, 191, 191, 191
2010,14213010,213,CH4 ,10PPBC, 4, 4, 192, 191, 191, 190, 190, 192, 193, 192, 190, 191, 191, 191, 192, 192, 193, 192, 192, 192, 193, 193, 193, 193, 193, 191
2010,14213010,213,CH4 ,10PPBC, 4, 5, 190, 190, 190, 191, 190, 192, 191, 193, 192, 193, 192, 190, 193, 191, 193, 192, 191, 191, 192, 192, 193, 192, 193, 194
2010,14213010,213,CH4 ,10PPBC, 4, 6, 194, 193, 193, 192, 191, 192, 198, 193, 194, 195,9999,9999,9999, 189, 193, 191, 196, 188, 185, 186, 187, 189, 199, 196
2010,14213010,213,CH4 ,10PPBC, 4, 7, 193, 188, 187, 185, 184, 189, 193, 193, 191, 191, 191, 191, 193, 192, 190, 196, 192, 197, 192, 193, 189, 190, 190, 191
2010,14213010,213,CH4 ,10PPBC, 4, 8, 192, 190, 190, 189, 190, 190, 191, 191, 190, 189, 189, 190, 189, 190, 190, 190, 189, 189, 190, 189, 189, 191, 190, 194
2010,14213010,213,CH4 ,10PPBC, 4, 9, 190, 190, 194, 192, 192, 192, 192, 192, 192, 193, 194, 192, 199, 196, 198, 194, 192, 192, 185, 186, 187, 189, 190, 192
2010,14213010,213,CH4 ,10PPBC, 4,10, 196, 189, 188, 188, 188, 188, 192, 190, 188, 189, 188, 187, 189, 189, 188, 187, 184, 182, 184, 186, 186, 186, 186, 186
2010,14213010,213,CH4 ,10PPBC, 4,11, 187, 186, 187, 188, 189, 187, 186, 188, 188, 187, 188, 188, 186, 185, 186, 186, 185, 184, 188, 186, 186, 188, 187, 187
2010,14213010,213,CH4 ,10PPBC, 4,12, 188, 186, 186, 186, 185, 186, 186, 188, 187, 187, 187, 188, 189, 189, 188, 188, 188, 188, 188, 188, 188, 187, 189, 188
2010,14213010,213,CH4 ,10PPBC, 4,13, 186, 186, 186, 186, 186, 186, 186, 187, 189, 202, 200, 201,9999,9999,9999,9999, 199, 197, 183, 182, 183, 183, 183, 186
2010,14213010,213,CH4 ,10PPBC, 4,14, 190, 187, 185, 185, 186, 186, 186, 187, 187, 185, 186, 188, 200, 189, 188, 187, 187, 187, 187, 188, 188, 189, 188, 187
2010,14213010,213,CH4 ,10PPBC, 4,15, 187, 186, 186, 185, 186, 185, 185, 186, 187, 186, 187, 187, 188, 189, 189, 191, 191, 196, 192, 191, 201, 192, 192, 193
2010,14213010,213,CH4 ,10PPBC, 4,16, 192, 193, 190, 187, 187, 187, 188, 188, 189, 189, 189, 188, 188, 188, 188, 188, 188, 187, 188, 187, 188, 188, 188, 188
2010,14213010,213,CH4 ,10PPBC, 4,17, 187, 187, 187, 186, 186, 186, 186, 187, 188, 188, 188, 186, 186, 187, 186, 185, 188, 188, 187, 188, 188, 189, 191, 194
2010,14213010,213,CH4 ,10PPBC, 4,18, 195, 199, 196, 195, 196, 204, 199, 194, 190, 189, 188, 187, 187, 191, 190, 186, 186, 186, 188, 186, 188, 189, 190, 191
2010,14213010,213,CH4 ,10PPBC, 4,19, 196, 192, 189, 190, 191, 190, 191, 190, 191, 192, 190, 193, 200, 193, 200, 200, 191, 191, 186, 186, 188, 188, 188, 188
2010,14213010,213,CH4 ,10PPBC, 4,20, 190, 189, 189, 186, 186, 185, 186, 185, 186, 188, 185, 185, 192, 192, 189, 191, 187, 190, 184, 185, 189, 190, 190, 197
2010,14213010,213,CH4 ,10PPBC, 4,21, 194, 189, 187, 188, 189, 191, 193, 194, 192, 188, 186, 185, 191, 186, 194, 190, 187, 182, 183, 183, 183, 185, 186, 187
2010,14213010,213,CH4 ,10PPBC, 4,22, 187, 187, 188, 192, 190, 189, 188, 190, 190, 190, 190, 190,9999, 189, 188, 189, 188, 188, 188, 189, 188, 188, 188, 188
2010,14213010,213,CH4 ,10PPBC, 4,23, 188, 187, 186, 187, 187, 186, 187, 188, 188, 187, 187, 188, 189, 187, 187, 188, 188, 194, 189, 191, 191, 191, 190, 191
2010,14213010,213,CH4 ,10PPBC, 4,24, 189, 189, 188, 189, 188, 189, 189, 189, 188, 187, 186, 188, 186, 186, 189, 188, 187, 189, 188, 187, 188, 191, 188, 189
2010,14213010,213,CH4 ,10PPBC, 4,25, 189, 191, 191, 191, 191, 190, 189, 189, 188, 187, 188, 189, 188, 187, 186, 187, 186, 186, 186, 187, 188, 188, 189, 192
2010,14213010,213,CH4 ,10PPBC, 4,26, 192, 189, 188, 187, 189, 188, 189, 190, 189, 188, 189, 188, 187, 189, 189, 198, 195, 196, 186, 187, 189, 193, 190, 190
2010,14213010,213,CH4 ,10PPBC, 4,27, 195, 189, 189, 188, 188, 188, 188, 188, 190, 190, 190, 191, 192, 197, 193, 192, 191, 192, 192, 194, 194, 194, 190, 188
2010,14213010,213,CH4 ,10PPBC, 4,28, 187, 186, 186, 186, 186, 186, 188, 196, 199, 192, 190, 188,9999, 185, 186, 185, 185, 185, 185, 186, 187, 187, 189, 188
2010,14213010,213,CH4 ,10PPBC, 4,29, 194, 191, 190, 189, 184, 183, 183, 184, 184, 184, 182, 182, 182, 182, 183, 184, 183, 185, 184, 185, 186, 187, 189, 190
2010,14213010,213,CH4 ,10PPBC, 4,30, 189, 188, 187, 187, 187, 187, 187, 188, 187, 187, 191, 190, 194, 191, 191, 193, 194, 189, 186, 187, 188, 186, 187, 192
2010,14213010,213,CH4 ,10PPBC, 4,31,9998,9998,9998,9998,9998,9998,9998,9998,9998,9998,9998,9998,9998,9998,9998,9998,9998,9998,9998,9998,9998,9998,9998,9998
2010,14213010,213,CH4 ,10PPBC, 5, 1, 200, 188, 189, 191, 189, 191, 190, 191, 189, 195, 193, 192, 197, 186, 185, 186, 185, 185, 186, 187, 188, 188, 189, 190
2010,14213010,213,CH4 ,10PPBC, 5, 2, 192, 190, 191, 191, 190, 188, 188, 188, 188, 189, 189, 188, 188, 186, 186, 186, 185, 185, 185, 187, 188, 188, 188, 189
2010,14213010,213,CH4 ,10PPBC, 5, 3, 191, 193, 192, 189, 191, 190, 189, 189, 191, 191, 189, 188, 187, 184, 185, 184, 184, 185, 184, 185, 185, 185, 186, 185
2010,14213010,213,CH4 ,10PPBC, 5, 4, 185, 185, 185, 186, 186, 188, 192, 188, 187, 186, 185, 184, 183, 183, 183, 185, 185, 184, 184, 184, 185, 184, 187, 188
2010,14213010,213,CH4 ,10PPBC, 5, 5, 188, 190, 190, 192, 197, 194, 190, 189, 188, 187, 188, 188, 188, 187, 186, 183, 181, 181, 184, 184, 184, 184, 183, 184
2010,14213010,213,CH4 ,10PPBC, 5, 6, 182, 185, 185, 184, 184, 185, 184, 184, 206, 191, 185, 183, 184,9999,9999, 188, 190, 186, 180, 180, 180, 181, 181, 180
2010,14213010,213,CH4 ,10PPBC, 5, 7, 182, 181, 181, 180, 180, 180, 181, 185, 187, 182, 188, 182, 187, 191, 186, 181, 185, 186, 179, 178, 179, 185, 188, 187
2010,14213010,213,CH4 ,10PPBC, 5, 8, 185, 185, 183, 184, 184, 185, 186, 190, 187, 187, 190, 190, 196, 192, 186, 185, 185, 186, 186, 185, 187, 186, 186, 186
2010,14213010,213,CH4 ,10PPBC, 5, 9, 185, 189, 190, 192, 192, 191, 192, 189, 188, 189, 188, 187, 194, 198, 195, 189, 188, 190, 189, 189, 190, 192, 192, 192
2010,14213010,213,CH4 ,10PPBC, 5,10, 192, 189, 189, 190, 189, 190, 191, 191, 190, 189, 188, 189, 195, 197, 197, 194, 194, 189, 188, 189, 191, 191, 188, 189
2010,14213010,213,CH4 ,10PPBC, 5,11, 189, 192, 192, 193, 194, 192, 202, 193, 188, 188, 195, 187, 189, 187, 188, 192, 189, 191, 191, 192, 195, 196, 189, 190
2010,14213010,213,CH4 ,10PPBC, 5,12, 189, 188, 188, 187, 187, 188, 188, 190, 190, 189, 188, 187, 190, 191, 192, 196, 197, 198, 195, 191, 188, 189, 190, 192
2010,14213010,213,CH4 ,10PPBC, 5,13, 191, 190, 190, 191, 191, 189, 189, 189, 195,9999, 203, 220, 229, 229, 242, 252, 247, 243, 233, 231, 228, 226, 226, 218
2010,14213010,213,CH4 ,10PPBC, 5,14, 219, 212, 213, 214, 210, 213, 213, 213, 218, 222, 235, 236, 256, 249, 264, 260, 258, 245, 235, 227, 219, 211, 210, 209
2010,14213010,213,CH4 ,10PPBC, 5,15, 215, 206, 200, 196, 194, 189, 188, 188, 188, 187, 190, 194, 195, 194, 195, 194, 192, 187, 187, 187, 189, 190, 189, 189
2010,14213010,213,CH4 ,10PPBC, 5,16, 192, 190, 191, 193, 194, 195, 193, 191, 188, 188, 187, 185, 186, 190, 192, 193, 191, 185, 184, 185, 186, 187, 190, 197
2010,14213010,213,CH4 ,10PPBC, 5,17, 195, 192, 191, 189, 188, 189, 190, 189, 189, 188, 194, 204, 201, 206, 204, 206, 203, 198, 185, 186, 187, 188, 188, 189
2010,14213010,213,CH4 ,10PPBC, 5,18, 188, 193, 194, 193, 194, 193, 194, 196, 206, 200, 196,9999,9999, 191, 191, 189, 190, 186, 185, 185, 187, 185, 185, 186
2010,14213010,213,CH4 ,10PPBC, 5,19, 184, 185, 184, 184, 184, 184, 184, 184, 188, 186, 188, 191, 193, 187, 186, 189, 190, 189, 184, 183, 184, 182, 183, 185
2010,14213010,213,CH4 ,10PPBC, 5,20, 183, 182, 182, 182, 183, 182, 183, 184, 194, 196, 195, 190, 193, 187, 186, 187, 185, 186, 187, 187, 189, 189, 188, 188
2010,14213010,213,CH4 ,10PPBC, 5,21, 187, 187, 187, 187, 187, 189, 190, 189, 189, 189, 188, 188, 195, 190, 190, 192, 193, 192, 187, 188, 190, 190, 193, 191
2010,14213010,213,CH4 ,10PPBC, 5,22, 193, 192, 190, 195, 194, 194, 192, 192, 192, 191, 190, 193, 194, 192, 192, 192, 189, 187, 188, 188, 188, 188, 189, 189
2010,14213010,213,CH4 ,10PPBC, 5,23, 188, 188, 187, 188, 189, 195, 192, 190, 193, 189, 189, 188, 187, 188, 190, 189, 188, 189, 189, 189, 188, 185, 187, 187
2010,14213010,213,CH4 ,10PPBC, 5,24, 186, 187, 187, 186, 190, 186, 186, 185, 187, 187, 186, 187, 187, 186, 187, 186, 186, 187, 190, 192, 191, 188, 186, 185
2010,14213010,213,CH4 ,10PPBC, 5,25, 185, 185, 185, 186, 191, 191, 192, 194, 189, 203, 191, 196, 197, 186, 188, 187, 186, 189, 190, 190, 190, 190, 187, 187
2010,14213010,213,CH4 ,10PPBC, 5,26, 188, 188, 188, 188, 190, 189, 189, 190, 189, 190, 189, 187, 185,9999, 186, 186, 185, 187, 198, 196, 191, 185, 184, 186
2010,14213010,213,CH4 ,10PPBC, 5,27, 188, 191, 191, 189, 191, 191, 191, 188, 201, 190, 191, 201, 191, 189, 198, 196, 186, 186, 185, 185, 187, 186, 186, 186
2010,14213010,213,CH4 ,10PPBC, 5,28, 185, 184, 184, 185, 185, 185, 185, 185, 184, 184, 185, 184, 184, 188, 205, 191, 193, 197, 184, 183, 184, 186, 185, 186
2010,14213010,213,CH4 ,10PPBC, 5,29, 186, 186, 186, 186, 185, 187, 187, 187, 190, 188, 187, 187, 187, 188, 188, 188, 190, 188, 189, 188, 187, 188, 187, 186
2010,14213010,213,CH4 ,10PPBC, 5,30, 186, 186, 186, 185, 185, 185, 185, 186, 186, 185, 186, 185, 186, 186, 186, 187, 187, 186, 185, 186, 185, 186, 186, 185
2010,14213010,213,CH4 ,10PPBC, 5,31, 190, 188, 188, 190, 189, 189, 189, 188, 190, 189, 189, 194, 194, 193, 200, 186, 191, 191, 188, 184, 186, 187, 187, 189
2010,14213010,213,CH4 ,10PPBC, 6, 1, 188, 189, 190, 192, 194, 189, 188, 189, 189, 187, 187, 186, 192, 191, 188, 187, 192, 193, 185, 183, 185, 187, 190, 191
2010,14213010,213,CH4 ,10PPBC, 6, 2, 190, 195, 194, 193, 192, 195, 203, 203, 196, 195, 194, 193, 192, 190, 189, 197, 191, 187, 186, 184, 184, 184, 185, 186
2010,14213010,213,CH4 ,10PPBC, 6, 3, 186, 188, 188, 192, 192, 204, 191, 189, 189, 189, 196,9999,9999,9999, 197, 190, 183, 186, 182, 181, 181, 182, 182, 186
2010,14213010,213,CH4 ,10PPBC, 6, 4, 186, 188, 190, 190, 187, 183, 185, 184, 195, 190, 200, 199, 188, 192, 191, 189, 188, 184, 182, 183, 183, 184, 184, 186
2010,14213010,213,CH4 ,10PPBC, 6, 5, 187, 184, 184, 184, 184, 185, 185, 186, 186, 185, 186, 187, 186, 186, 188, 187, 187, 187, 185, 186, 186, 186, 186, 190
2010,14213010,213,CH4 ,10PPBC, 6, 6, 192, 187, 187, 186, 186, 188, 187, 188, 189, 188, 189, 188, 188, 185, 184, 184, 183, 183, 182, 182, 183, 183, 184, 185
2010,14213010,213,CH4 ,10PPBC, 6, 7, 185, 186, 187, 187, 186, 187, 188, 187, 188, 189, 188, 188, 191, 198, 195, 198, 191, 186, 183, 182, 182, 181, 181, 183
2010,14213010,213,CH4 ,10PPBC, 6, 8, 185, 185, 186, 186, 186, 186, 187, 187, 186, 192, 192, 190, 187, 192, 190, 186, 185, 185, 187, 191, 193, 191, 189, 191
2010,14213010,213,CH4 ,10PPBC, 6, 9, 190, 188, 187, 185, 184, 184, 184, 185, 185, 186, 188, 190, 190, 189, 190, 192, 194, 194, 195, 192, 192, 192, 186, 186
2010,14213010,213,CH4 ,10PPBC, 6,10, 186, 184, 186, 184, 186, 185, 184, 185, 187, 188,9999,9999, 185, 186, 185, 184, 184, 185, 187, 183, 184, 185, 186, 188
2010,14213010,213,CH4 ,10PPBC, 6,11, 192, 192, 194, 195, 191, 185, 185, 186, 186, 188, 196, 191, 197, 188, 195, 193, 192, 191, 182, 182, 181, 181, 181, 184
2010,14213010,213,CH4 ,10PPBC, 6,12, 184, 183, 182, 186, 184, 186, 186, 185, 184, 184, 183, 182, 181, 181, 182, 180, 180, 181, 181, 182, 180, 181, 181, 181
2010,14213010,213,CH4 ,10PPBC, 6,13, 181, 179, 180, 181, 180, 181, 181, 181, 180, 180, 180, 181, 180, 180, 180, 180, 180, 181, 180, 181, 181, 181, 181, 181
2010,14213010,213,CH4 ,10PPBC, 6,14, 182, 183, 182, 182, 183, 183, 182, 181, 183, 184, 184, 185, 185, 185, 182, 182, 182, 182, 183, 183, 183, 182, 182, 184
2010,14213010,213,CH4 ,10PPBC, 6,15, 184, 187, 190, 189, 192, 191, 190, 188, 203, 189, 196, 186, 190, 191, 192, 191, 185, 190, 186, 182, 182, 181, 183, 184
2010,14213010,213,CH4 ,10PPBC, 6,16, 184, 184, 185, 176, 176, 173, 170, 176, 178, 184, 185, 192, 182,9999, 200, 211, 201, 189, 184, 185, 186, 185, 185, 184
2010,14213010,213,CH4 ,10PPBC, 6,17, 182, 181, 181, 183, 186, 189, 189, 189, 189, 188, 186, 183, 184, 187, 209, 207, 210, 196, 196, 182, 182, 182, 183, 181
2010,14213010,213,CH4 ,10PPBC, 6,18, 180, 181, 182, 182, 188, 191, 192, 191, 189, 188, 193, 216, 201, 193, 185, 178, 176, 179, 189, 181, 181, 185, 185, 186
2010,14213010,213,CH4 ,10PPBC, 6,19, 183, 184, 187, 181, 181, 184, 183, 184, 182, 186, 184, 180, 178, 176, 178, 181, 182, 180, 180, 179, 180, 177, 175, 174
2010,14213010,213,CH4 ,10PPBC, 6,20, 172, 171, 170, 173, 179, 187, 188, 187, 183, 179, 174, 174, 174, 174, 175, 177, 176, 177, 176, 175, 175, 175, 174, 174
2010,14213010,213,CH4 ,10PPBC, 6,21, 174, 175, 174, 172, 173, 173, 174, 179, 183, 180, 182, 194, 179, 186, 184, 185, 186, 199, 184, 178, 180, 181, 181, 184
2010,14213010,213,CH4 ,10PPBC, 6,22, 185, 183, 179, 180, 180, 184, 189, 186, 185, 186, 185, 181, 183, 178, 183, 192, 180, 183, 184, 175, 178, 177, 177, 177
2010,14213010,213,CH4 ,10PPBC, 6,23, 178, 178, 177, 178, 178, 177, 176, 175, 182, 176, 177, 174, 176, 176, 179, 182, 182, 183, 189, 179, 179, 177, 181, 183
2010,14213010,213,CH4 ,10PPBC, 6,24, 183, 187, 186, 183, 184, 184, 184, 184, 185, 185, 185, 185,9999, 184, 187, 200, 202, 195, 196, 193, 191, 190, 190, 191
2010,14213010,213,CH4 ,10PPBC, 6,25, 192, 191, 191, 190, 193, 194, 192, 188, 187, 186, 196, 192, 211, 197, 190, 193, 190, 194, 184, 185, 183, 186, 187, 187
2010,14213010,213,CH4 ,10PPBC, 6,26, 184, 183, 182, 181, 186, 186, 183, 181, 177, 175, 175, 176, 176, 175, 175, 174, 175, 175, 174, 174, 174, 174, 175, 175
2010,14213010,213,CH4 ,10PPBC, 6,27, 174, 175, 174, 173, 173, 173, 174, 173, 174, 174, 173, 173, 173, 173, 171, 173, 174, 174, 173, 175, 174, 174, 176, 177
2010,14213010,213,CH4 ,10PPBC, 6,28, 178, 177, 178, 180, 193, 190, 187, 183, 182, 181, 182, 183, 184, 185, 193, 190, 186, 179, 179, 185, 186, 184, 184, 186
2010,14213010,213,CH4 ,10PPBC, 6,29, 184, 184, 187, 188, 185, 186, 189, 190, 192, 197, 204, 213, 213, 199, 194, 189, 195, 186, 187, 183, 180, 180, 181, 181
2010,14213010,213,CH4 ,10PPBC, 6,30, 182, 182, 180, 177, 178, 178, 178, 178, 180, 177,9999,9999, 178, 177, 190, 196, 185, 187, 183, 182, 181, 183, 180, 179
2010,14213010,213,CH4 ,10PPBC, 6,31,9998,9998,9998,9998,9998,9998,9998,9998,9998,9998,9998,9998,9998,9998,9998,9998,9998,9998,9998,9998,9998,9998,9998,9998
2010,14213010,213,CH4 ,10PPBC, 7, 1, 180, 180, 180, 179, 180, 179, 180, 181, 180, 184, 183, 188, 197, 197, 177, 192, 192, 180, 175, 175, 176, 176, 177, 180
2010,14213010,213,CH4 ,10PPBC, 7, 2, 182, 181, 182, 182, 183, 183, 182, 184, 185, 186, 188, 190, 182, 196, 186, 194, 180, 179, 176, 175, 175, 176, 178, 185
2010,14213010,213,CH4 ,10PPBC, 7, 3, 185, 185, 186, 186, 187, 188, 188, 187, 188, 186, 183, 184, 180, 179, 177, 179, 177, 177, 177, 176, 175, 176, 178, 178
2010,14213010,213,CH4 ,10PPBC, 7, 4, 176, 173, 175, 175, 178, 186, 189, 186, 183, 183, 184, 185, 184, 182, 182, 181, 181, 182, 182, 181, 183, 184, 187, 189
2010,14213010,213,CH4 ,10PPBC, 7, 5, 188, 192, 194, 206, 200, 197, 193, 195, 192, 189, 196, 186, 185, 183, 183, 186, 185, 187, 185, 184, 184, 184, 183, 184
2010,14213010,213,CH4 ,10PPBC, 7, 6, 184, 185, 186, 185, 186, 185, 188, 188, 190, 192, 194, 190, 198, 197, 193, 208, 198, 201, 198, 192, 193, 193, 192, 191
2010,14213010,213,CH4 ,10PPBC, 7, 7, 191, 190, 192, 193, 193, 194, 192, 191, 190, 190, 191, 202, 213, 202, 201, 202, 189, 185, 187, 183, 181, 182, 182, 185
2010,14213010,213,CH4 ,10PPBC, 7, 8, 186, 188, 189, 188, 190, 191, 188, 186, 192, 207, 198, 207,9999,9999,9999, 202, 194, 200, 184, 182, 183, 182, 182, 182
2010,14213010,213,CH4 ,10PPBC, 7, 9, 175, 175, 176, 176, 179, 182, 183, 186, 186, 189, 206, 202, 193, 187, 188, 186, 184, 187, 182, 178, 175, 174, 173, 174
2010,14213010,213,CH4 ,10PPBC, 7,10, 176, 177, 177, 178, 179, 181, 181, 181, 181, 182, 179, 180, 180, 179, 181, 181, 181, 182, 183, 186, 187, 185, 188, 189
2010,14213010,213,CH4 ,10PPBC, 7,11, 191, 193, 194, 192, 192, 193, 191, 189, 188, 187, 187, 189, 182, 180, 176, 176, 174, 171, 172, 172, 172, 171, 171, 172
2010,14213010,213,CH4 ,10PPBC, 7,12, 171, 172, 171, 171, 172, 172, 171, 172, 172, 174, 175, 182, 181, 175, 191, 176, 174, 176, 175, 172, 172, 173, 173, 173
2010,14213010,213,CH4 ,10PPBC, 7,13, 174, 174, 176, 179, 183, 185, 192, 193, 195, 195, 188,9999, 189, 189, 189, 187, 186, 187, 185, 187, 188, 189, 189, 189
2010,14213010,213,CH4 ,10PPBC, 7,14, 192, 193, 192, 192, 191, 192, 189, 203, 185, 193, 186, 194, 187, 178, 190, 175, 177, 176, 181, 173, 174, 174, 174, 173
2010,14213010,213,CH4 ,10PPBC, 7,15, 174, 174, 174, 173, 174, 173, 174, 175, 179, 191, 193, 179, 182, 179, 176, 175, 178, 178, 175, 175, 174, 174, 173, 175
2010,14213010,213,CH4 ,10PPBC, 7,16, 175, 174, 174, 174, 175, 178, 177, 177, 202, 195, 216, 190, 183, 189, 190, 182, 195, 180, 181, 174, 174, 174, 175, 174
2010,14213010,213,CH4 ,10PPBC, 7,17, 175, 175, 174, 174, 176, 178, 180, 176, 175, 174, 174, 174, 174, 175, 175, 175, 175, 174, 174, 174, 174, 175, 176, 176
2010,14213010,213,CH4 ,10PPBC, 7,18, 174, 175, 175, 177, 179, 179, 184, 179, 176, 176, 174, 174, 173, 173, 172, 173, 173, 173, 174, 174, 175, 175, 175, 175
2010,14213010,213,CH4 ,10PPBC, 7,19, 175, 174, 175, 176, 178, 180, 180, 179, 178, 176, 175, 175, 174, 174, 175, 175, 176, 176, 176, 176, 176, 177, 178, 178
2010,14213010,213,CH4 ,10PPBC, 7,20, 178, 178, 178, 180, 183, 185, 182, 184, 185, 182, 184, 221, 189, 191, 192, 189, 198, 179, 177, 177, 178, 178, 179, 179
2010,14213010,213,CH4 ,10PPBC, 7,21, 178, 179, 178, 180, 182, 190, 197, 191, 188, 185, 185, 187, 208, 205, 201, 192, 196, 190, 187, 178, 178, 178, 179, 179
2010,14213010,213,CH4 ,10PPBC, 7,22, 180, 180, 182, 183, 185, 188, 193, 190, 189, 186, 185, 192, 190, 185, 190, 186, 183, 180, 178, 175, 174, 175, 176, 175
2010,14213010,213,CH4 ,10PPBC, 7,23, 174, 175, 176, 179, 180, 182, 184, 184, 184, 183, 182,9999, 192, 194, 188, 188, 189, 181, 176, 179, 174, 176, 175, 174
2010,14213010,213,CH4 ,10PPBC, 7,24, 175, 175, 184, 185, 185, 184, 183, 183, 183, 183, 182, 181, 184, 184, 185, 181, 179, 175, 182, 180, 179, 179, 179, 179
2010,14213010,213,CH4 ,10PPBC, 7,25, 179, 177, 176, 179, 181, 182, 183, 181, 181, 179, 179, 179, 175, 175, 175, 176, 176, 177, 177, 176, 177, 178, 182, 180
2010,14213010,213,CH4 ,10PPBC, 7,26, 180, 178, 177, 178, 177, 180, 180, 188, 183, 181, 189, 188, 192, 190, 178, 195, 194, 180, 177,9999,9999, 177, 177, 180
2010,14213010,213,CH4 ,10PPBC, 7,27, 180, 179, 179, 181, 183, 181, 182, 185, 182, 180,9999, 190, 189, 183, 190, 189, 188, 187, 178, 174, 175, 175, 174, 176
2010,14213010,213,CH4 ,10PPBC, 7,28, 177, 177, 179, 181, 181, 183, 180, 179, 192, 206, 192, 184, 190, 191, 184, 185, 187, 179, 180, 176, 176, 175, 176, 176
2010,14213010,213,CH4 ,10PPBC, 7,29, 176, 176, 176, 176, 176, 175, 184, 181, 181, 185, 181, 179, 182, 188, 188, 184, 184, 175, 174, 173, 172, 171, 172, 171
2010,14213010,213,CH4 ,10PPBC, 7,30, 172, 171, 172, 172, 171, 171, 171, 188, 181, 177, 175, 178, 177, 183, 195, 185, 190, 185, 177, 174, 174, 175, 177, 178
2010,14213010,213,CH4 ,10PPBC, 7,31, 179, 180, 180, 182, 185, 189, 191, 182, 183, 183, 178, 177, 177, 175, 175, 176, 177, 176, 177, 178, 178, 179, 178, 178
2010,14213010,213,CH4 ,10PPBC, 8, 1, 180, 181, 181, 181, 181, 182, 186, 186, 186, 186, 184, 179, 177, 178, 177, 179, 177, 178, 176, 177, 175, 175, 173, 173
2010,14213010,213,CH4 ,10PPBC, 8, 2, 173, 174, 175, 173, 171, 171, 179, 181, 181, 215, 187, 190, 179, 183, 186, 180, 183, 177, 177, 173, 173, 173, 173, 173
2010,14213010,213,CH4 ,10PPBC, 8, 3, 173, 172, 171, 171, 172, 172, 171, 182, 180, 180, 192, 187, 193, 181, 181, 187, 187, 179, 180, 173, 173, 173, 173, 172
2010,14213010,213,CH4 ,10PPBC, 8, 4, 172, 172, 172, 172, 172, 173, 173, 187, 185, 188, 176, 195, 187, 187, 183, 178, 179, 178, 180, 173, 172, 174, 173, 173
2010,14213010,213,CH4 ,10PPBC, 8, 5, 174, 173, 174, 173, 172, 174, 173, 176, 208, 197, 182,9999,9999,9999, 181, 188, 180, 182, 180, 173, 173, 173, 173, 173
2010,14213010,213,CH4 ,10PPBC, 8, 6, 173, 172, 173, 173, 173, 173, 174, 180, 190, 182, 179, 190, 198, 189, 196, 187, 187, 185, 179, 176, 174, 176, 175, 176
2010,14213010,213,CH4 ,10PPBC, 8, 7, 176, 176, 177, 177, 179, 181, 182, 179, 178, 177, 178, 179, 179, 178, 177, 176, 176, 176, 174, 174, 174, 175, 177, 179
2010,14213010,213,CH4 ,10PPBC, 8, 8, 178, 178, 180, 181, 179, 180, 181, 179, 179, 178, 176, 175, 174, 173, 173, 174, 173, 173, 173, 174, 175, 175, 173, 172
2010,14213010,213,CH4 ,10PPBC, 8, 9, 172, 173, 174, 174, 175, 174, 174, 176, 177, 180, 178, 178, 180, 178, 188, 175, 182, 178, 178, 174, 173, 174, 173, 174
2010,14213010,213,CH4 ,10PPBC, 8,10, 174, 173, 173, 174, 175, 173, 174, 179, 180, 178, 176, 195, 192, 194, 184, 180, 183, 175, 173, 172, 172, 173, 173, 172
2010,14213010,213,CH4 ,10PPBC, 8,11, 171, 171, 171, 172, 171, 172, 172, 181, 192, 188, 185, 182, 189, 187, 182, 178, 187, 178, 175, 170, 171, 171, 171, 171
2010,14213010,213,CH4 ,10PPBC, 8,12, 172, 171, 170, 171, 170, 171, 171, 175, 185, 178, 186, 184,9999, 176, 182, 175, 176, 181, 176, 175, 175, 177, 179, 178
2010,14213010,213,CH4 ,10PPBC, 8,13, 178, 182, 183, 183, 183, 183, 184, 181, 180, 182, 182, 182, 185, 186, 184, 183, 181, 183, 183, 185, 186, 185, 186, 189
2010,14213010,213,CH4 ,10PPBC, 8,14, 191, 191, 188, 189, 189, 188, 190, 188, 189, 184, 176, 175, 174, 174, 175, 176, 175, 175, 175, 175, 176, 176, 176, 176
2010,14213010,213,CH4 ,10PPBC, 8,15, 178, 177, 176, 176, 177, 175, 178, 179, 177, 178, 174, 174, 175, 176, 176, 176, 176, 176, 175, 174, 175, 174, 175, 177
2010,14213010,213,CH4 ,10PPBC, 8,16, 178, 180, 191, 191, 193, 187, 186, 184, 200, 183, 183, 185, 183, 180, 196, 182, 199, 182, 183, 182, 181, 177, 175, 178
2010,14213010,213,CH4 ,10PPBC, 8,17, 181, 183, 182, 187, 193, 191, 190, 188, 186, 186, 185, 183, 182, 182, 179, 182, 192, 188, 176, 175, 175, 175, 177, 180
2010,14213010,213,CH4 ,10PPBC, 8,18, 183, 182, 182, 181, 181, 182, 183, 181, 182, 183, 182,9999, 180, 183, 181, 179, 176, 176, 180, 178, 176, 176, 178, 179
2010,14213010,213,CH4 ,10PPBC, 8,19, 182, 186, 182, 182, 181, 182, 184, 182, 181, 183, 184, 183, 184, 183, 183, 183, 182, 182, 181, 181, 182, 182, 188, 192
2010,14213010,213,CH4 ,10PPBC, 8,20, 192, 190, 186, 187, 187, 188, 191, 190, 190, 190, 190, 188, 187, 188, 189, 190, 186, 187, 192, 185, 186, 185, 186, 186
2010,14213010,213,CH4 ,10PPBC, 8,21, 185, 185, 183, 185, 187, 190, 189, 190, 190, 193, 190, 191, 190, 188, 185, 182, 182, 181, 181, 181, 181, 182, 182, 182
2010,14213010,213,CH4 ,10PPBC, 8,22, 180, 180, 180, 179, 181, 181, 182, 183, 181, 181, 181, 180, 181, 179, 179, 179, 179, 178, 178, 179, 179, 179, 179, 179
2010,14213010,213,CH4 ,10PPBC, 8,23, 180, 180, 180, 181, 183, 183, 183, 187, 188, 184,9999, 207, 195, 188, 192, 186, 199, 182, 180, 179, 178, 180, 179, 178
2010,14213010,213,CH4 ,10PPBC, 8,24, 178, 179, 178, 178, 179, 179, 180, 188, 203, 201, 205, 215, 198, 185, 188, 187, 189, 184, 186, 182, 180, 179, 179, 179
2010,14213010,213,CH4 ,10PPBC, 8,25, 179, 180, 181, 181, 181, 182, 183, 185, 207, 208, 197, 190, 208, 195, 207, 190, 195, 184, 184, 186, 179, 179, 179, 180
2010,14213010,213,CH4 ,10PPBC, 8,26, 185, 184, 183, 184, 185, 184, 182, 181, 190, 200, 207, 201, 204, 201, 194, 188, 206, 191, 191, 180, 181, 181, 181, 180
2010,14213010,213,CH4 ,10PPBC, 8,27, 180, 183, 183, 187, 190, 189, 189, 190, 189, 186, 189, 194, 192, 200, 193, 196, 183, 176, 183, 173, 173, 175, 175, 174
2010,14213010,213,CH4 ,10PPBC, 8,28, 174, 174, 173, 177, 179, 180, 182, 183, 183, 181, 178, 175, 174, 172, 173, 173, 174, 174, 173, 174, 175, 176, 175, 176
2010,14213010,213,CH4 ,10PPBC, 8,29, 178, 178, 180, 181, 180, 180, 179, 179, 178, 180, 176, 176, 174, 175, 174, 174, 172, 173, 173, 175, 176, 176, 176, 176
2010,14213010,213,CH4 ,10PPBC, 8,30, 181, 184, 185, 185, 188, 190, 190, 187, 188, 184, 185, 189, 196, 198, 212, 192, 187, 179, 178, 174, 175, 174, 174, 175
2010,14213010,213,CH4 ,10PPBC, 8,31, 175, 181, 187, 185, 184, 185, 186, 187, 191, 189, 189, 189, 194, 187, 211, 205, 179, 178, 181, 177, 176, 174, 174, 173
2010,14213010,213,CH4 ,10PPBC, 9, 1, 173, 172, 173, 173, 173, 178, 181, 179, 177, 179,9999,9999,9999, 191, 179, 189, 187, 180, 180, 180, 179, 179, 178, 178
2010,14213010,213,CH4 ,10PPBC, 9, 2, 178, 178, 179, 179, 179, 180, 179, 184, 207, 187, 195, 201, 197, 206, 204, 186, 189, 181, 181, 179, 178, 178, 178, 178
2010,14213010,213,CH4 ,10PPBC, 9, 3, 179, 180, 184, 184, 183, 181, 184, 190, 188, 194, 192, 198, 200, 199, 204, 181, 191, 188, 191, 180, 180, 180, 180, 183
2010,14213010,213,CH4 ,10PPBC, 9, 4, 184, 188, 183, 181, 183, 183, 186, 182, 180, 180, 181, 181, 183, 183, 180, 178, 178, 177, 178, 178, 178, 180, 178, 177
2010,14213010,213,CH4 ,10PPBC, 9, 5, 178, 177, 178, 178, 181, 188, 187, 182, 178, 179, 179, 177, 177, 177, 177, 176, 175, 175, 174, 176, 177, 177, 176, 177
2010,14213010,213,CH4 ,10PPBC, 9, 6, 176, 175, 172, 173, 172, 176, 176, 178, 194, 192, 200, 195, 192, 182, 183, 202, 182, 182, 178, 172, 173, 171, 171, 172
2010,14213010,213,CH4 ,10PPBC, 9, 7, 171, 172, 172, 171, 172, 171, 171, 177, 187, 179, 195, 183, 172, 181, 176, 174, 172, 172, 172, 173, 172, 173, 173, 176
2010,14213010,213,CH4 ,10PPBC, 9, 8, 180, 178, 178, 178, 178, 181, 184, 183, 186, 186,9999,9999,9999, 187, 186, 187, 181, 180, 179, 180, 180, 179, 178, 178
2010,14213010,213,CH4 ,10PPBC, 9, 9, 180, 181, 181, 182, 182, 182, 182, 183, 183, 182, 183, 183, 182, 183, 182, 183, 186, 186, 184, 185, 185, 187, 189, 194
2010,14213010,213,CH4 ,10PPBC, 9,10, 194, 194, 191, 191, 187, 189, 193, 195, 196, 199, 195, 201, 190, 191, 194, 196, 188, 187, 181, 180, 181, 182, 182, 184
2010,14213010,213,CH4 ,10PPBC, 9,11, 184, 186, 190, 187, 190, 193, 195, 192, 192, 193, 187, 185, 183, 181, 181, 180, 180, 180, 180, 180, 181, 182, 183, 183
2010,14213010,213,CH4 ,10PPBC, 9,12, 184, 186, 189, 191, 191, 191, 190, 189, 194, 194, 197, 210, 200, 192, 187, 187, 184, 185, 185, 183, 182, 189, 186, 181
2010,14213010,213,CH4 ,10PPBC, 9,13, 181, 178, 177, 180, 181, 183, 184, 183, 184, 185, 190, 197, 181, 186, 192, 182, 190, 188, 187, 184, 183, 184, 186, 185
2010,14213010,213,CH4 ,10PPBC, 9,14, 185, 182, 181, 181, 182, 182, 188, 188, 182, 183, 183, 183, 184, 186, 185, 198, 192, 188, 184, 182, 183, 184, 184, 183
2010,14213010,213,CH4 ,10PPBC, 9,15, 184, 185, 185, 184, 185, 185, 185, 184, 184, 184, 184, 184, 186, 185, 185, 185, 185, 185, 186, 186, 187, 184, 186, 184
2010,14213010,213,CH4 ,10PPBC, 9,16, 185, 185, 184, 183, 183, 185, 188, 191, 189, 185,9999, 182, 182, 182, 182, 183, 183, 183, 184, 184, 185, 185, 186, 188
2010,14213010,213,CH4 ,10PPBC, 9,17, 188, 187, 185, 184, 184, 183, 184, 185, 183, 184, 183, 183, 185, 185, 188, 188, 191, 194, 184, 185, 189, 191, 190, 189
2010,14213010,213,CH4 ,10PPBC, 9,18, 188, 187, 186, 186, 186, 187, 187, 187, 185, 185, 184, 184, 185, 184, 185, 183, 183, 184, 183, 184, 185, 183, 183, 183
2010,14213010,213,CH4 ,10PPBC, 9,19, 185, 185, 185, 188, 187, 186, 187, 187, 188, 186, 185, 183, 182, 180, 180, 180, 179, 180, 181, 181, 182, 182, 185, 185
2010,14213010,213,CH4 ,10PPBC, 9,20, 186, 185, 185, 185, 188, 194, 194,9999,9999,9999,9999,9999,9999,9999,9999,9999,9999, 183, 185, 186, 189, 190, 190, 189
2010,14213010,213,CH4 ,10PPBC, 9,21, 189, 190, 190, 193, 190, 191, 189, 192, 189, 189, 188,9999, 187, 206, 205, 191, 187, 186, 186, 186, 185, 189, 192, 205
2010,14213010,213,CH4 ,10PPBC, 9,22, 197, 197, 191, 188, 191, 198, 190, 191, 195, 192, 208, 207, 198, 209, 186, 192, 184, 198, 183, 178, 182, 190, 187, 186
2010,14213010,213,CH4 ,10PPBC, 9,23, 185, 186, 185, 185, 185, 184, 185, 185, 185, 186, 185, 185, 186, 185, 186, 185, 185, 185, 186, 187, 186, 186, 185, 186
2010,14213010,213,CH4 ,10PPBC, 9,24, 185, 185, 185, 186, 187, 189, 188, 188, 186, 186, 186, 186, 186, 186, 186, 185, 185, 185, 186, 186, 187, 187, 186, 185
2010,14213010,213,CH4 ,10PPBC, 9,25, 185, 184, 185, 185, 184, 185, 184, 185, 185, 185, 184, 184, 184, 184, 184, 185, 184, 185, 187, 189, 189, 188, 192, 192
2010,14213010,213,CH4 ,10PPBC, 9,26, 189, 188, 188, 191, 192, 188, 187, 189, 192, 190, 187, 185, 186, 188, 188, 188, 188, 186, 187, 187, 188, 194, 189, 189
2010,14213010,213,CH4 ,10PPBC, 9,27, 189, 189, 188, 194, 193, 186, 186, 185, 186, 185, 184, 184, 183, 182, 183, 183, 183, 183, 184, 184, 185, 185, 186, 186
2010,14213010,213,CH4 ,10PPBC, 9,28, 186, 185, 185, 186, 185, 186, 186, 187, 187, 187, 188, 188, 189, 188, 186, 186, 188, 190, 191, 194, 198, 202, 209, 204
2010,14213010,213,CH4 ,10PPBC, 9,29, 200, 190, 190, 192, 190, 185, 186, 185, 186, 186,9999, 188, 188, 189, 192, 191, 192, 190, 189, 188, 188, 188, 189, 191
2010,14213010,213,CH4 ,10PPBC, 9,30, 191, 191, 190, 191, 192, 191, 191, 191, 192, 192, 190, 191, 190, 190, 189, 190, 190, 190, 190, 191, 192, 190, 190, 189
2010,14213010,213,CH4 ,10PPBC, 9,31,9998,9998,9998,9998,9998,9998,9998,9998,9998,9998,9998,9998,9998,9998,9998,9998,9998,9998,9998,9998,9998,9998,9998,9998
2010,14213010,213,CH4 ,10PPBC,10, 1, 189, 189, 187, 187, 188, 187, 186, 187, 186, 188, 188, 187, 187, 186, 186, 186, 187, 188, 188, 189, 189, 191, 195, 204
2010,14213010,213,CH4 ,10PPBC,10, 2, 199, 192, 190, 189, 189, 190, 188, 189, 188, 188, 187, 186, 186, 185, 188, 188, 188, 187, 188, 189, 189, 195, 195, 191
2010,14213010,213,CH4 ,10PPBC,10, 3, 189, 189, 190, 189, 188, 189, 187, 185, 185, 185, 185, 186, 186, 186, 185, 186, 190, 191, 188, 187, 189, 191, 190, 191
2010,14213010,213,CH4 ,10PPBC,10, 4, 192, 191, 189, 190, 190, 189, 189, 189, 191, 191, 193, 193, 192, 192, 192, 190, 188, 189, 190, 191, 189, 191, 191, 193
2010,14213010,213,CH4 ,10PPBC,10, 5, 193, 191, 190, 189, 188, 186, 186, 188, 187, 191, 193, 189, 187, 190, 188, 199, 193, 189, 187, 190, 194, 193, 194, 194
2010,14213010,213,CH4 ,10PPBC,10, 6, 191, 191, 190, 189, 188, 187, 189, 190, 188, 186,9999,9999,9999, 186, 186, 186, 187, 187, 188, 189, 189, 190, 189, 189
2010,14213010,213,CH4 ,10PPBC,10, 7, 189, 188, 191, 189, 187, 188, 187, 188, 188, 187, 188, 187, 187, 187, 187, 186, 187, 187, 188, 189, 188, 188, 188, 187
2010,14213010,213,CH4 ,10PPBC,10, 8, 187, 186, 187, 188, 187, 189, 189, 189, 189, 190, 188, 187, 187, 191, 187, 189, 190, 190, 191, 194, 195, 189, 189, 189
2010,14213010,213,CH4 ,10PPBC,10, 9, 188, 188, 187, 186, 185, 185, 186, 186, 186, 187, 187, 186, 184, 184, 186, 185, 187, 187, 191, 186, 186, 186, 188, 185
2010,14213010,213,CH4 ,10PPBC,10,10, 185, 185, 184, 185, 184, 184, 185, 186, 188, 185, 184, 184, 183, 183, 184, 184, 184, 185, 185, 187, 190, 194, 197, 198
2010,14213010,213,CH4 ,10PPBC,10,11, 201, 201, 195, 190, 185, 183, 186, 184, 185, 183, 184, 182, 182, 183, 182, 187, 186, 186, 188, 187, 190, 189, 191, 192
2010,14213010,213,CH4 ,10PPBC,10,12, 198, 194, 190, 191, 187, 187, 187, 192, 194, 193, 196, 194, 192, 191, 186, 186, 185, 183, 185, 186, 186, 186, 188, 197
2010,14213010,213,CH4 ,10PPBC,10,13, 200, 195, 193, 192, 193, 192, 192, 192, 194, 192,9999,9999, 188, 186, 188, 199, 194, 196, 194, 193, 194, 195, 200, 200
2010,14213010,213,CH4 ,10PPBC,10,14, 197, 191, 190, 189, 186, 186, 185, 187, 187, 188, 187, 188, 187, 186, 185, 186, 192, 196, 190, 193, 190, 189, 191, 189
2010,14213010,213,CH4 ,10PPBC,10,15, 188, 187, 187, 186, 185, 186, 187, 190, 186, 186, 186, 187, 188, 188, 188, 187, 186, 186, 186, 188, 196, 194, 195, 204
2010,14213010,213,CH4 ,10PPBC,10,16, 193, 190, 186, 186, 186, 186, 186, 186, 187, 187, 186, 187, 187, 188, 190, 188, 187, 188, 190, 191, 192, 191, 191, 199
2010,14213010,213,CH4 ,10PPBC,10,17, 193, 189, 189, 190, 190, 190, 189, 187, 187, 186, 186, 186, 185, 185, 186, 187, 186, 187, 188, 189, 191, 191, 191, 190
2010,14213010,213,CH4 ,10PPBC,10,18, 191, 190, 189, 189, 190, 192, 192, 190, 191, 189, 188, 188, 190, 189, 190, 187, 186, 188, 186, 187, 189, 189, 189, 190
2010,14213010,213,CH4 ,10PPBC,10,19, 188, 188, 188, 186, 187, 187, 187, 188, 186, 187, 187, 187, 187, 187, 186, 187, 188, 188, 189, 190, 190, 189, 189, 188
2010,14213010,213,CH4 ,10PPBC,10,20, 189, 187, 185, 187, 189, 191, 191, 193, 192, 190, 187, 187, 185, 188, 188, 205, 188, 188, 188, 188, 188, 190, 189, 188
2010,14213010,213,CH4 ,10PPBC,10,21, 188, 186, 186, 184, 186, 187, 188, 189, 189, 190, 191, 188,9999, 187, 185, 185, 185, 186, 188, 188, 186, 188, 186, 186
2010,14213010,213,CH4 ,10PPBC,10,22, 186, 187, 189, 188, 188, 189, 189, 189, 188, 187, 186, 186, 186, 186, 186, 186, 187, 192, 187, 187, 188, 188, 188, 188
2010,14213010,213,CH4 ,10PPBC,10,23, 187, 188, 188, 188, 188, 188, 189, 188, 188, 187, 187, 187, 187, 186, 187, 186, 186, 187, 195, 192, 196, 204, 193, 191
2010,14213010,213,CH4 ,10PPBC,10,24, 190, 188, 188, 189, 187, 187, 191, 192, 190, 190, 190, 190, 190, 189, 189, 190, 190, 190, 192, 190, 192, 191, 190, 189
2010,14213010,213,CH4 ,10PPBC,10,25, 190, 190, 189, 189, 187, 187, 187, 187, 186, 187, 187,9999, 186, 185, 185, 186, 187, 192, 212, 222, 227, 234, 210, 192
2010,14213010,213,CH4 ,10PPBC,10,26, 185, 186, 187, 186, 184, 185, 186, 195, 202, 200, 189, 188, 186, 185, 188, 188, 187, 187, 188, 188, 188, 188, 188, 188
2010,14213010,213,CH4 ,10PPBC,10,27, 188, 188, 187, 187, 187, 185, 188, 187, 188, 188, 188, 187, 187, 187, 187, 187, 188, 189, 190, 190, 190, 195, 192, 192
2010,14213010,213,CH4 ,10PPBC,10,28, 191, 189, 190, 189, 188, 187, 189, 188, 190, 190, 188, 188, 187, 187, 186, 186, 186, 186, 187, 187, 187, 190, 187, 188
2010,14213010,213,CH4 ,10PPBC,10,29, 188, 189, 190, 190, 191, 190, 188, 188, 188, 189, 189, 188, 188, 187, 190, 188, 188, 187, 188, 189, 189, 190, 190, 190
2010,14213010,213,CH4 ,10PPBC,10,30, 189, 187, 187, 186, 186, 186, 185, 186, 186, 186, 186, 187, 187, 187, 187, 186, 185, 186, 185, 186, 186, 185, 185, 184
2010,14213010,213,CH4 ,10PPBC,10,31, 185, 184, 184, 184, 182, 183, 182, 184, 184, 184, 183, 183, 185, 184, 185, 186, 185, 186, 187, 186, 186, 186, 187, 187
2010,14213010,213,CH4 ,10PPBC,11, 1, 188, 195, 186, 184, 183, 183, 183, 184, 186, 185, 183, 182, 183, 186, 196, 191, 188, 184, 183, 186, 194, 199, 196, 195
2010,14213010,213,CH4 ,10PPBC,11, 2, 195, 192, 190, 190, 186, 185, 186, 187, 198, 194, 207,9999,9999, 194, 194, 194, 188, 192, 191, 193, 194, 197, 190, 192
2010,14213010,213,CH4 ,10PPBC,11, 3, 193, 188, 190, 189, 189, 189, 191, 190, 191, 190, 189, 188, 188, 188, 189, 188, 191, 189, 188, 189, 189, 189, 190, 189
2010,14213010,213,CH4 ,10PPBC,11, 4, 189, 190, 189, 189, 189, 190, 193, 193, 196, 191, 192, 190, 191, 192, 192, 189, 190, 195, 202, 209, 214, 198, 195, 193
2010,14213010,213,CH4 ,10PPBC,11, 5, 191, 189, 191, 191, 188, 189, 195, 196, 192, 192, 189, 187, 186, 186, 191, 191, 190, 192, 192, 201, 199, 193, 196, 193
2010,14213010,213,CH4 ,10PPBC,11, 6, 192, 190, 190, 189, 191, 189, 187, 190, 191, 191, 189, 188, 189, 188, 192, 193, 191, 192, 195, 202, 210, 202, 191, 189
2010,14213010,213,CH4 ,10PPBC,11, 7, 189, 190, 187, 187, 187, 188, 189, 193, 188, 189, 189, 188, 189, 189, 189, 188, 189, 189, 192, 196, 194, 193, 190, 191
2010,14213010,213,CH4 ,10PPBC,11, 8, 189, 188, 188, 187, 189, 187, 193, 190, 191, 189, 191, 198, 197,9999, 200, 211, 196, 195, 194, 200, 205, 201, 196, 196
2010,14213010,213,CH4 ,10PPBC,11, 9, 198, 196, 200, 202, 200, 199, 193, 203, 196, 197, 187, 185, 185, 185, 185, 185, 188, 188, 190, 197, 198, 191, 196, 195
2010,14213010,213,CH4 ,10PPBC,11,10, 196, 193, 195, 198, 199, 201, 197, 196, 197, 193, 197, 200, 195, 199, 195, 192, 193, 191, 189, 188, 188, 189, 192, 196
2010,14213010,213,CH4 ,10PPBC,11,11, 198, 196, 197, 193, 191, 195, 192, 201, 200, 191, 189, 189, 198, 192, 191, 191, 189, 193, 199, 202, 218, 217, 202, 198
2010,14213010,213,CH4 ,10PPBC,11,12, 193, 191, 193, 191, 193, 193, 196, 199, 204, 205, 211, 196, 195, 188, 190, 194, 189, 190, 189, 191, 196, 200, 196, 197
2010,14213010,213,CH4 ,10PPBC,11,13, 193, 191, 191, 191, 189, 191, 192, 194, 193, 192, 190, 190, 191, 191, 193, 198, 195, 193, 204, 205, 209, 202, 200, 196
2010,14213010,213,CH4 ,10PPBC,11,14, 194, 192, 189, 191, 191, 193, 193, 193, 192, 194, 195, 193, 191, 190, 193, 193, 192, 200, 199, 198, 198, 199, 194, 194
2010,14213010,213,CH4 ,10PPBC,11,15, 196, 192, 188, 188, 189, 188, 190, 193, 192, 191, 189, 189, 189, 191, 190, 190, 190, 189, 189, 189, 194, 192, 191, 195
2010,14213010,213,CH4 ,10PPBC,11,16, 191, 192, 191, 190, 193, 191, 192, 194, 193, 193, 191, 189, 188, 188, 189, 193, 195, 195, 197, 202, 202, 203, 198, 199
2010,14213010,213,CH4 ,10PPBC,11,17, 198, 193, 192, 192, 192, 192, 192, 193, 191, 192,9999, 189, 189, 190, 187, 188, 188, 189, 190, 189, 190, 191, 190, 189
2010,14213010,213,CH4 ,10PPBC,11,18, 189, 190, 189, 189, 191, 188, 188, 192, 193, 191, 188, 188, 187, 187, 187, 190, 191, 191, 193, 191, 191, 192, 191, 194
2010,14213010,213,CH4 ,10PPBC,11,19, 188, 188, 190, 190, 190, 188, 188, 189, 192, 188, 188, 188, 187, 188, 188, 188, 193, 197, 198, 204, 215, 202, 193, 196
2010,14213010,213,CH4 ,10PPBC,11,20, 190, 190, 190, 190, 191, 194, 197, 194, 190, 188, 188, 188, 187, 187, 187, 187, 188, 190, 192, 198, 199, 195, 196, 196
2010,14213010,213,CH4 ,10PPBC,11,21, 196, 189, 189, 188, 188, 189, 188, 191, 188, 188, 187, 187, 186, 185, 186, 186, 188, 190, 192, 195, 200, 200, 189, 189
2010,14213010,213,CH4 ,10PPBC,11,22, 188, 189, 186, 187, 189, 186, 189, 192, 194, 189, 188, 190, 188, 189, 189, 189, 189, 190, 189, 189, 190, 190, 190, 189
2010,14213010,213,CH4 ,10PPBC,11,23, 187, 185, 185, 184, 183, 183, 182, 183, 182, 184, 186, 186, 187, 187, 188, 189, 189, 190, 189, 189, 190, 190, 190, 190
2010,14213010,213,CH4 ,10PPBC,11,24, 190, 189, 189, 188, 188, 187, 189, 190, 190, 190, 189, 188, 189, 190, 189, 191, 193, 192, 194, 194, 201, 199, 197, 202
2010,14213010,213,CH4 ,10PPBC,11,25, 203, 198, 196, 194, 197, 197, 196, 197, 194, 194, 193, 193,9999, 193, 193, 196, 196, 198, 196, 196, 198, 205, 195, 192
2010,14213010,213,CH4 ,10PPBC,11,26, 191, 193, 192, 191, 192, 193, 198, 196, 196, 199, 192, 189, 189, 190, 189, 189, 193, 213, 206, 201, 204, 200, 204, 191
2010,14213010,213,CH4 ,10PPBC,11,27, 189, 189, 188, 188, 188, 188, 189, 190, 189, 188, 188, 189, 188, 188, 191, 190, 189, 193, 191, 191, 195, 199, 201, 202
2010,14213010,213,CH4 ,10PPBC,11,28, 205, 202, 200, 200, 198, 194, 200, 192, 195, 191, 189, 189, 188, 187, 187, 187, 189, 193, 200, 195, 188, 189, 189, 189
2010,14213010,213,CH4 ,10PPBC,11,29, 190, 188, 188, 189, 189, 191, 199, 198, 199, 192, 192, 200, 198, 196, 193, 188, 189, 192, 193, 196, 201, 207, 204, 204
2010,14213010,213,CH4 ,10PPBC,11,30, 202, 201, 199, 192, 191, 192, 193, 194, 193, 194, 193, 191,9999, 208, 200, 195, 193, 190, 191, 196, 194, 191, 192, 196
2010,14213010,213,CH4 ,10PPBC,11,31,9998,9998,9998,9998,9998,9998,9998,9998,9998,9998,9998,9998,9998,9998,9998,9998,9998,9998,9998,9998,9998,9998,9998,9998
2010,14213010,213,CH4 ,10PPBC,12, 1, 196, 196, 196, 196, 193, 194, 201, 196, 202, 198, 194, 191, 191, 190, 190, 197, 199, 209, 219, 214, 211, 210, 199, 194
2010,14213010,213,CH4 ,10PPBC,12, 2, 195, 191, 190, 192, 192, 191, 194, 197, 198, 191, 190, 191, 192, 191, 191, 191, 195, 196, 201, 199, 198, 194, 193, 196
2010,14213010,213,CH4 ,10PPBC,12, 3, 194, 193, 193, 195, 193, 194, 229, 197, 191, 185, 182, 182, 190, 190, 185, 184, 184, 184, 184, 187, 189, 188, 189, 189
2010,14213010,213,CH4 ,10PPBC,12, 4, 189, 188, 188, 188, 189, 189, 196, 193, 194, 191, 190, 189, 189, 188, 188, 189, 189, 191, 190, 190, 190, 191, 196, 197
2010,14213010,213,CH4 ,10PPBC,12, 5, 201, 193, 192, 198, 194, 190, 199, 196, 192, 191, 191, 192, 192, 191, 191, 191, 189, 190, 195, 199, 207, 200, 201, 195
2010,14213010,213,CH4 ,10PPBC,12, 6, 195, 193, 192, 191, 191, 192, 205, 195, 194, 195, 193, 197, 195, 204, 195, 202, 202, 194, 198, 207, 215, 213, 210, 202
2010,14213010,213,CH4 ,10PPBC,12, 7, 206, 196, 196, 193, 193, 196, 198, 199, 199, 197, 194, 194, 190, 188, 188, 189, 188, 189, 189, 189, 189, 189, 189, 189
2010,14213010,213,CH4 ,10PPBC,12, 8, 188, 188, 188, 189, 188, 188, 189, 189, 192, 191, 189, 188, 189, 191, 204, 189, 189, 189, 190, 189, 189, 189, 190, 190
2010,14213010,213,CH4 ,10PPBC,12, 9, 191, 189, 189, 188, 188, 188, 190, 191, 190, 191, 190, 197,9999,9999, 191, 191, 193, 199, 197, 194, 199, 197, 193, 195
2010,14213010,213,CH4 ,10PPBC,12,10, 194, 193, 195, 197, 190, 192, 191, 194, 190, 190, 192, 190, 192, 192, 193, 192, 192, 195, 197, 199, 198, 198, 198, 216
2010,14213010,213,CH4 ,10PPBC,12,11, 215, 209, 200, 199, 196, 196, 209, 203, 196, 189, 188, 186, 186, 185, 185, 185, 186, 188, 187, 187, 190, 187, 187, 194
2010,14213010,213,CH4 ,10PPBC,12,12, 194, 193, 190, 190, 189, 189, 189, 190, 190, 190, 189, 189, 188, 189, 188, 189, 190, 191, 194, 193, 195, 191, 190, 190
2010,14213010,213,CH4 ,10PPBC,12,13, 190, 191, 190, 189, 189, 189, 189, 190, 189, 190, 191, 193, 191, 191, 191, 189, 190, 190, 191, 191, 192, 193, 192, 194
2010,14213010,213,CH4 ,10PPBC,12,14, 195, 194, 193, 192, 189, 188, 188, 189, 191, 193, 192, 193, 195,9999, 192, 191, 193, 196, 199, 198, 206, 198, 198, 198
2010,14213010,213,CH4 ,10PPBC,12,15, 197, 198, 195, 195, 189, 194, 200, 198, 193, 190, 190, 190, 190, 193, 192, 196, 197, 189, 190, 190, 190, 191, 191, 192
2010,14213010,213,CH4 ,10PPBC,12,16, 192, 192, 192, 192, 192, 191, 193, 193, 193, 193, 194, 197, 195, 195, 194, 194, 194, 193, 195, 195, 197, 196, 198, 198
2010,14213010,213,CH4 ,10PPBC,12,17, 195, 195, 195, 195, 204, 194, 196, 221, 201, 195, 193, 191, 190, 190, 189, 192, 195, 196, 195, 195, 206, 205, 205, 205
2010,14213010,213,CH4 ,10PPBC,12,18, 196, 194, 197, 196, 200, 197, 208, 211, 199, 196, 195, 193, 192, 192, 192, 192, 190, 190, 191, 192, 191, 192, 191, 193
2010,14213010,213,CH4 ,10PPBC,12,19, 193, 193, 193, 192, 192, 193, 193, 194, 193, 192, 191, 191, 191, 192, 192, 195, 200, 200, 199, 196, 204, 198, 195, 194
2010,14213010,213,CH4 ,10PPBC,12,20, 196, 194, 194, 195, 200, 200, 203, 197, 197, 199, 194, 193, 198, 193, 191, 190, 191, 196, 203, 200, 193, 193, 194, 196
2010,14213010,213,CH4 ,10PPBC,12,21, 195, 195, 195, 193, 191, 189, 191, 193, 194, 191, 190, 193, 193, 193, 193, 193, 192, 195, 195, 192, 193, 192, 189, 190
2010,14213010,213,CH4 ,10PPBC,12,22, 189, 189, 190, 190, 193, 190, 188, 189, 190, 192, 198,9999, 194, 201,9999, 189, 189, 191, 192, 200, 206, 208, 201, 201
2010,14213010,213,CH4 ,10PPBC,12,23, 204, 200, 201, 202, 199, 197, 195, 193, 192, 188, 188, 187, 186, 186, 186, 186, 188, 188, 191, 196, 197, 202, 202, 219
2010,14213010,213,CH4 ,10PPBC,12,24, 217, 203, 206, 208, 208, 207, 198, 201, 195, 192, 190, 190, 191, 189, 190, 188, 190, 192, 193, 193, 194, 194, 194, 194
2010,14213010,213,CH4 ,10PPBC,12,25, 197, 193, 193, 196, 197, 199, 189, 189, 188, 187, 188, 191, 187, 187, 187, 188, 187, 188, 188, 187, 188, 187, 188, 187
2010,14213010,213,CH4 ,10PPBC,12,26, 189, 188, 187, 188, 186, 187, 187, 187, 188, 187, 187, 187, 187, 186, 186, 186, 186, 187, 187, 187, 188, 187, 189, 192
2010,14213010,213,CH4 ,10PPBC,12,27, 194, 198, 198, 195, 191, 190, 193, 195, 198, 192, 189, 196, 196, 191, 194, 201, 196, 190, 193, 205, 208, 199, 198, 198
2010,14213010,213,CH4 ,10PPBC,12,28, 195, 193, 195, 201, 198, 203, 196, 209, 202, 196, 201, 208, 200,9999, 199, 197, 206, 198, 190, 189, 188, 190, 194, 199
2010,14213010,213,CH4 ,10PPBC,12,29, 203, 202, 203, 199, 199, 198, 201, 202, 203, 209, 199, 193, 191, 190, 191, 191, 191, 192, 191, 191, 191, 193, 194, 196
2010,14213010,213,CH4 ,10PPBC,12,30, 200, 202, 206, 203, 199, 198, 195, 197, 207, 199, 197, 197, 197, 192, 199, 197, 195, 194, 194, 193, 196, 195, 194, 195
2010,14213010,213,CH4 ,10PPBC,12,31, 196, 195, 195, 196, 198, 201, 200, 199, 199, 196, 195, 193, 189, 189, 191, 189, 190, 200, 203, 198, 205, 198, 199, 198
2010,14213010,213,CH4 ,10PPBC, 1, 1, 200, 200, 197, 204, 197, 202, 205, 197, 199, 197, 192, 190, 191, 190, 193, 194, 198, 199, 195, 194, 198, 197, 197, 197
2010,14213010,213,CH4 ,10PPBC, 1, 2, 197, 198, 198, 199, 200, 197, 197, 202, 211, 197, 193, 191, 190, 189, 189, 188, 188, 193, 191, 190, 191, 193, 192, 193
2010,14213010,213,CH4 ,10PPBC, 1, 3, 195, 196, 195, 195, 194, 195, 193, 193, 194, 193, 191, 190, 190, 190, 190, 191, 192, 197, 198, 199, 207, 201, 199, 194
2010,14213010,213,CH4 ,10PPBC, 1, 4, 193, 192, 190, 190, 190, 190, 191, 192, 194, 193, 193, 192, 190, 190, 189, 189, 189, 193, 192, 192, 194, 197, 200, 206
2010,14213010,213,CH4 ,10PPBC, 1, 5, 196, 195, 192, 191, 206, 192, 201, 193, 207, 196, 195, 197, 200, 200, 197, 197, 191, 189, 189, 189, 192, 189, 197, 191
2010,14213010,213,CH4 ,10PPBC, 1, 6, 189, 190, 189, 190, 189, 190, 190, 192, 194, 192,9999,9999,9999, 187, 187, 187, 187, 188, 189, 189, 190, 191, 189, 188
2010,14213010,213,CH4 ,10PPBC, 1, 7, 187, 188, 188, 188, 187, 187, 188, 191, 193, 190, 189, 188, 188, 188, 187, 186, 187, 188, 188, 189, 189, 188, 188, 188
2010,14213010,213,CH4 ,10PPBC, 1, 8, 188, 189, 189, 192, 190, 187, 188, 192, 205, 190, 192, 188, 189, 187, 187, 186, 186, 187, 188, 190, 210, 206, 194, 191
2010,14213010,213,CH4 ,10PPBC, 1, 9, 191, 192, 193, 196, 197, 194, 202, 209, 195, 189, 188, 185, 185, 185, 184, 186, 197, 196, 193, 189, 190, 189, 189, 189
2010,14213010,213,CH4 ,10PPBC, 1,10, 188, 189, 189, 188, 190, 189, 191, 190, 189, 189, 188, 189, 189, 189, 188, 189, 189, 189, 191, 191, 191, 192, 192, 190
2010,14213010,213,CH4 ,10PPBC, 1,11, 190, 189, 188, 189, 189, 189, 190, 191, 192, 194, 193, 191, 189, 189, 190, 189, 189, 192, 193, 194, 197, 203, 200, 208
2010,14213010,213,CH4 ,10PPBC, 1,12, 196, 199, 199, 198, 195, 194, 194, 195, 195, 193, 194, 196, 197, 192, 193, 190, 192, 199, 195, 187, 188, 188, 189, 188
2010,14213010,213,CH4 ,10PPBC, 1,13, 189, 189, 188, 188, 188, 188, 188, 189, 189, 189, 188, 188, 188,9999, 188, 188, 188, 190, 191, 189, 190, 190, 190, 190
2010,14213010,213,CH4 ,10PPBC, 1,14, 191, 191, 191, 191, 191, 192, 195, 199, 199, 203, 193, 192, 193, 194, 196, 195, 199, 191, 195, 205, 205, 203, 197, 198
2010,14213010,213,CH4 ,10PPBC, 1,15, 195, 193, 193, 194, 195, 198, 199, 202, 198, 197, 193, 193, 192, 192, 192, 193, 198, 206, 208, 205, 205, 201, 196, 193
2010,14213010,213,CH4 ,10PPBC, 1,16, 197, 194, 192, 192, 191, 190, 189, 189, 188, 189, 189, 189, 189, 187, 187, 188, 189, 189, 190, 189, 191, 197, 189, 188
2010,14213010,213,CH4 ,10PPBC, 1,17, 189, 191, 192, 191, 191, 199, 196, 201, 202, 194, 196,9999,9999, 187, 186, 186, 187, 188, 188, 191, 189, 189, 190, 190
2010,14213010,213,CH4 ,10PPBC, 1,18, 194, 197, 199, 197, 197, 197, 203, 202, 204, 193, 194, 198, 196, 197, 209, 199, 198, 193, 194, 197, 209, 202, 192, 194
2010,14213010,213,CH4 ,10PPBC, 1,19, 194, 194, 194, 193, 192, 194, 196, 201, 198, 192, 189, 189, 189, 189, 188, 192, 189, 190, 194, 196, 190, 191, 191, 192
2010,14213010,213,CH4 ,10PPBC, 1,20, 191, 192, 194, 194, 193, 191, 197, 199, 194, 193, 193, 189, 192, 197, 189, 189, 189, 189, 189, 189, 189, 189, 189, 190
2010,14213010,213,CH4 ,10PPBC, 1,21, 189, 187, 188, 187, 187, 187, 186, 188, 187, 187, 187, 187, 188, 188, 187, 188, 192, 193, 194, 196, 196, 189, 190, 189
2010,14213010,213,CH4 ,10PPBC, 1,22, 189, 189, 189, 191, 191, 192, 191, 194, 194, 191, 191, 188, 187, 186, 186, 185, 186, 186, 191, 195, 197, 190, 190, 191
2010,14213010,213,CH4 ,10PPBC, 1,23, 195, 193, 194, 194, 192, 195, 193, 195, 200, 196, 192, 193, 191, 189, 188, 189, 191, 194, 194, 192, 195, 194, 192, 191
2010,14213010,213,CH4 ,10PPBC, 1,24, 191, 190, 190, 189, 189, 191, 191, 192, 191, 192, 192, 191, 190, 190, 190, 190, 191, 191, 192, 193, 191, 191, 193, 192
2010,14213010,213,CH4 ,10PPBC, 1,25, 193, 194, 193, 194, 193, 202, 197, 199, 196, 193, 193, 191, 190, 191, 193, 194, 194, 191, 191, 190, 192, 191, 190, 190
2010,14213010,213,CH4 ,10PPBC, 1,26, 191, 193, 196, 195, 195, 197, 204, 197, 199, 193, 195, 200,9999, 197, 193, 199, 194, 191, 192, 191, 187, 189, 191, 191
2010,14213010,213,CH4 ,10PPBC, 1,27, 192, 192, 191, 194, 200, 199, 201, 202, 197, 192, 191, 189, 193, 192, 193, 190, 190, 189, 189, 190, 190, 189, 191, 192
2010,14213010,213,CH4 ,10PPBC, 1,28, 191, 192, 191, 193, 194, 194, 196, 199, 196, 194, 192, 189, 188, 189, 188, 189, 188, 188, 189, 189, 190, 189, 190, 190
2010,14213010,213,CH4 ,10PPBC, 1,29, 190, 190, 190, 189, 189, 188, 189, 189, 190, 189, 188, 190, 191, 190, 190, 189, 189, 191, 196, 201, 196, 197, 198, 196
2010,14213010,213,CH4 ,10PPBC, 1,30, 195, 194, 192, 193, 189, 188, 189, 189, 190, 189, 188, 189, 188, 187, 187, 187, 189, 190, 192, 189, 191, 191, 191, 192
2010,14213010,213,CH4 ,10PPBC, 1,31, 191, 192, 192, 192, 194, 195, 193, 196, 192, 191, 191, 189, 190, 196, 191, 196, 200, 188, 191, 193, 205, 200, 198, 203
2010,14213010,213,CH4 ,10PPBC, 2, 1, 202, 198, 196, 194, 193, 194, 204, 200, 198, 197, 194, 192, 197,9999,9999, 196, 191, 186, 192, 193, 190, 189, 190, 189
2010,14213010,213,CH4 ,10PPBC, 2, 2, 187, 189, 189, 190, 189, 190, 192, 191, 191, 191, 191, 191, 191, 195, 196, 189, 189, 191, 193, 193, 199, 203, 203, 199
2010,14213010,213,CH4 ,10PPBC, 2, 3, 195, 193, 191, 191, 193, 193, 200, 203, 199, 191, 191, 190, 189, 190, 195, 202, 197, 191, 189, 191, 194, 201, 195, 192
2010,14213010,213,CH4 ,10PPBC, 2, 4, 196, 195, 196, 191, 192, 191, 191, 197, 205, 191, 189, 192, 189, 187, 186, 185, 186, 187, 192, 202, 209, 207, 203, 199
2010,14213010,213,CH4 ,10PPBC, 2, 5, 200, 194, 192, 192, 191, 192, 192, 193, 194, 192, 190, 190, 189, 190, 189, 191, 193, 194, 197, 204, 208, 206, 197, 196
2010,14213010,213,CH4 ,10PPBC, 2, 6, 197, 197, 196, 198, 195, 194, 194, 194, 198, 195, 194, 197, 197, 197, 198, 195, 198, 201, 202, 198, 198, 197, 196, 194
2010,14213010,213,CH4 ,10PPBC, 2, 7, 196, 197, 197, 198, 200, 200, 203, 202, 192, 188, 188, 188, 192, 192, 205, 189, 188, 189, 188, 188, 189, 188, 189, 189
2010,14213010,213,CH4 ,10PPBC, 2, 8, 188, 188, 188, 188, 188, 187, 189, 190, 191, 190,9999, 188, 188, 191, 192, 195, 197, 197, 198, 198, 199, 192, 191, 188
2010,14213010,213,CH4 ,10PPBC, 2, 9, 187, 187, 188, 188, 188, 187, 188, 190, 194, 188, 188, 188, 188, 188, 187, 187, 193, 199, 193, 197, 200, 199, 196, 191
2010,14213010,213,CH4 ,10PPBC, 2,10, 189, 188, 188, 187, 187, 188, 188, 189, 190, 189, 189, 188, 189, 189, 188, 191, 192, 190, 194, 188, 188, 189, 188, 187
2010,14213010,213,CH4 ,10PPBC, 2,11, 189, 188, 188, 187, 187, 187, 187, 187, 188, 188, 189, 188, 188, 189, 187, 189, 190, 191, 190, 189, 188, 188, 187, 187
2010,14213010,213,CH4 ,10PPBC, 2,12, 186, 187, 187, 186, 186, 186, 187, 186, 187, 187, 187, 188, 186, 188, 186, 187, 187, 188, 189, 188, 189, 192, 192, 193
2010,14213010,213,CH4 ,10PPBC, 2,13, 194, 194, 192, 192, 188, 196, 190, 191, 190, 190, 189, 188, 187, 187, 187, 188, 188, 190, 191, 192, 191, 191, 192, 192
2010,14213010,213,CH4 ,10PPBC, 2,14, 191, 191, 192, 191, 190, 191, 191, 192, 191, 191, 190, 190, 192, 192, 193, 192, 190, 191, 193, 194, 193, 192, 190, 189
2010,14213010,213,CH4 ,10PPBC, 2,15, 189, 188, 188, 188, 188, 189, 190, 190, 191, 194, 192, 191, 190, 188, 187, 188, 188, 188, 189, 189, 189, 191, 191, 191
2010,14213010,213,CH4 ,10PPBC, 2,16, 193, 195, 195, 198, 199, 197, 197, 198,9999, 194, 192, 193, 194, 196, 204, 199, 199, 193, 189, 191, 192, 199, 197, 195
2010,14213010,213,CH4 ,10PPBC, 2,17, 194, 194, 195, 196, 195, 193, 194, 196, 198, 197,9999,9999, 211, 201, 192, 191, 190, 197, 183, 185, 187, 184, 183, 185
2010,14213010,213,CH4 ,10PPBC, 2,18, 243, 187, 191, 189, 184, 183, 180, 187, 186, 185, 184, 183, 184, 183, 183, 183, 183, 186, 186, 186, 187, 187, 186, 186
2010,14213010,213,CH4 ,10PPBC, 2,19, 187, 186, 187, 186, 187, 186, 187, 188, 187, 188, 187, 188, 188, 189, 190, 189, 189, 188, 188, 188, 190, 191, 195, 193
2010,14213010,213,CH4 ,10PPBC, 2,20, 192, 191, 193, 190, 189, 189, 188, 189, 190, 190, 191, 190, 190, 189, 187, 188, 190, 189, 191, 189, 187, 188, 187, 188
2010,14213010,213,CH4 ,10PPBC, 2,21, 188, 186, 186, 185, 187, 187, 187, 189, 188, 187, 188, 187, 186, 186, 186, 186, 186, 186, 186, 187, 189, 188, 190, 190
2010,14213010,213,CH4 ,10PPBC, 2,22, 190, 190, 190, 189, 188, 189, 191, 193, 192,9999, 188, 188, 187, 187, 186, 187, 185, 187, 192, 191, 192, 194, 193, 191
2010,14213010,213,CH4 ,10PPBC, 2,23, 193, 194, 191, 192, 190, 190, 193, 191, 189, 187, 187, 188, 189, 190, 191, 186, 190, 186, 186, 187, 198, 196, 195, 201
2010,14213010,213,CH4 ,10PPBC, 2,24, 196, 194, 191, 189, 188, 189, 190, 192, 194, 197, 197, 197, 196, 192, 193, 192, 194, 188, 186, 184, 185, 187, 186, 183
2010,14213010,213,CH4 ,10PPBC, 2,25, 182, 183, 182, 182, 182, 183, 185, 188, 183, 184, 184, 187, 189, 184, 181, 192, 193, 183, 182, 184, 186, 187, 186, 185
2010,14213010,213,CH4 ,10PPBC, 2,26, 186, 187, 186, 187, 186, 186, 187, 187, 188, 188, 188, 187, 190, 190, 190, 190, 188, 188, 189, 190, 191, 191, 193, 194
2010,14213010,213,CH4 ,10PPBC, 2,27, 195, 197, 195, 195, 193, 193, 197, 192, 192, 193, 191, 187, 185, 184, 184, 183, 183, 186, 185, 192, 193, 191, 190, 190
2010,14213010,213,CH4 ,10PPBC, 2,28, 190, 189, 188, 188, 189, 187, 188, 188, 190, 189, 188, 188, 187, 188, 188, 188, 187, 187, 187, 188, 188, 188, 188, 187
2010,14213010,213,CH4 ,10PPBC, 2,29,9998,9998,9998,9998,9998,9998,9998,9998,9998,9998,9998,9998,9998,9998,9998,9998,9998,9998,9998,9998,9998,9998,9998,9998
2010,14213010,213,CH4 ,10PPBC, 2,30,9998,9998,9998,9998,9998,9998,9998,9998,9998,9998,9998,9998,9998,9998,9998,9998,9998,9998,9998,9998,9998,9998,9998,9998
2010,14213010,213,CH4 ,10PPBC, 2,31,9998,9998,9998,9998,9998,9998,9998,9998,9998,9998,9998,9998,9998,9998,9998,9998,9998,9998,9998,9998,9998,9998,9998,9998
2010,14213010,213,CH4 ,10PPBC, 3, 1, 187, 187, 188, 187, 187, 187, 188, 192, 191, 191, 189,9999,9999, 191, 191, 194, 193, 191, 193, 190, 190, 191, 191, 192
2010,14213010,213,CH4 ,10PPBC, 3, 2, 192, 192, 193, 194, 193, 194, 194, 199, 196, 196, 193, 191, 193, 203, 194, 196, 186, 185, 187, 188, 189, 189, 189, 190
2010,14213010,213,CH4 ,10PPBC, 3, 3, 194, 189, 188, 187, 187, 188, 188, 190, 187, 187, 187, 187, 187, 186, 187, 186, 187, 187, 188, 187, 187, 189, 189, 188
2010,14213010,213,CH4 ,10PPBC, 3, 4, 196, 190, 190, 193, 191, 196, 192, 190, 189, 188, 188, 187, 186, 187, 188, 187, 188, 188, 188, 189, 190, 191, 191, 195
2010,14213010,213,CH4 ,10PPBC, 3, 5, 198, 202, 197, 197, 194, 192, 193, 193, 190, 189, 186, 187, 188, 187, 187, 187, 187, 187, 187, 188, 191, 190, 189, 188
2010,14213010,213,CH4 ,10PPBC, 3, 6, 193, 193, 192, 191, 192, 193, 204, 194, 191, 193, 191, 191, 190, 188, 189, 194, 199, 198, 199, 199, 211, 199, 194, 205
2010,14213010,213,CH4 ,10PPBC, 3, 7, 196, 191, 190, 189, 190, 187, 188, 188, 188, 189, 190, 190, 190, 189, 188, 188, 189, 190, 190, 191, 192, 192, 192, 192
2010,14213010,213,CH4 ,10PPBC, 3, 8, 192, 191, 193, 192, 192, 195, 194, 196, 194, 193,9999, 190, 195, 190, 190, 190, 197, 190, 191, 193, 199, 200, 194, 192
2010,14213010,213,CH4 ,10PPBC, 3, 9, 191, 191, 191, 191, 191, 192, 193, 191, 192, 191, 191, 198, 199, 201, 190, 186, 186, 187, 187, 187, 191, 196, 189, 187
2010,14213010,213,CH4 ,10PPBC, 3,10, 187, 188, 188, 188, 188, 189, 189, 190, 189, 189, 188, 189, 193, 196, 192, 188, 195, 189, 189, 192, 194, 191, 194, 202
2010,14213010,213,CH4 ,10PPBC, 3,11, 192, 191, 190, 188, 189, 188, 188, 191, 189, 194, 201, 195, 205, 194, 186, 189, 187, 186, 187, 188, 187, 188, 189, 189
2010,14213010,213,CH4 ,10PPBC, 3,12, 190, 190, 192, 194, 195, 196, 195, 193, 192, 189, 188, 189, 189, 189, 188, 189, 189, 191, 192, 193, 192, 189, 190, 191
2010,14213010,213,CH4 ,10PPBC, 3,13, 192, 189, 190, 191, 192, 193, 189, 189, 190, 189, 189, 189, 188, 188, 188, 187, 186, 186, 186, 186, 187, 188, 192, 197
2010,14213010,213,CH4 ,10PPBC, 3,14, 196, 192, 189, 191, 192, 195, 198, 197, 196, 190, 194, 189, 193, 190, 190, 190, 191, 183, 184, 184, 184, 184, 184, 185
2010,14213010,213,CH4 ,10PPBC, 3,15, 187, 188, 189, 188, 187, 188, 188, 189, 189, 188, 189, 189, 189, 188, 189, 193, 195, 189, 190, 193, 193, 194, 193, 193
2010,14213010,213,CH4 ,10PPBC, 3,16, 198, 189, 187, 187, 188, 189, 188, 190, 190, 191, 193, 190, 187, 186, 186, 187, 187, 187, 188, 188, 189, 189, 188, 189
2010,14213010,213,CH4 ,10PPBC, 3,17, 188, 189, 189, 190, 190, 190, 190, 190, 189, 189, 189, 188, 187, 187, 194, 188, 195, 187, 188, 189, 189, 189, 188, 189
2010,14213010,213,CH4 ,10PPBC, 3,18, 189, 189, 189, 188, 188, 188, 189, 189, 190, 188, 187, 190, 191, 192, 196, 194, 191, 191, 200, 197, 188, 187, 187, 187
2010,14213010,213,CH4 ,10PPBC, 3,19, 187, 187, 186, 186, 186, 187, 187, 191, 189, 187, 186, 185, 185, 184, 184, 184, 187, 185, 185, 187, 193, 189, 190, 190
2010,14213010,213,CH4 ,10PPBC, 3,20, 192, 188, 190, 188, 187, 188, 186, 188, 188, 187, 187, 186, 188, 189, 187, 185, 185, 183, 183, 183, 183, 183, 182, 182
2010,14213010,213,CH4 ,10PPBC, 3,21, 183, 182, 181, 182, 181, 184, 189, 189, 189, 189, 188, 188, 189, 189, 187, 186, 186, 187, 188, 191, 192, 189, 191, 189
2010,14213010,213,CH4 ,10PPBC, 3,22, 188, 188, 187, 187, 186, 187, 186, 186, 187, 188, 188, 188, 187, 188, 187, 188, 188, 189, 190, 189, 191, 191, 192, 193
2010,14213010,213,CH4 ,10PPBC, 3,23, 191, 189, 188, 188, 188, 188, 188, 190, 189, 189, 188,9999, 188, 188, 187, 188, 188, 190, 189, 189, 191, 187, 187, 188
2010,14213010,213,CH4 ,10PPBC, 3,24, 188, 190, 190, 190, 189, 189, 191, 191, 189, 189, 190, 191, 193, 200, 195, 189, 209, 194, 192, 188, 189, 191, 190, 189
2010,14213010,213,CH4 ,10PPBC, 3,25, 190, 188, 187, 187, 188, 188, 190, 190, 196, 199, 196, 203, 203, 193, 191, 190, 186, 186, 189, 187, 188, 187, 192, 191
2010,14213010,213,CH4 ,10PPBC, 3,26, 191, 195, 189, 189, 190, 190, 193, 191, 190, 193, 187, 186, 187, 187, 187, 186, 186, 186, 186, 187, 188, 188, 187, 188
2010,14213010,213,CH4 ,10PPBC, 3,27, 188, 187, 188, 187, 189, 189, 188, 189, 188, 188, 187, 187, 186, 192, 195, 191, 186, 188, 199, 189, 204, 199, 215, 233
2010,14213010,213,CH4 ,10PPBC, 3,28, 191, 188, 189, 188, 187, 188, 190, 190, 188, 187, 188, 189, 188, 189, 190, 189, 190, 196, 189, 191, 189, 189, 189, 188
2010,14213010,213,CH4 ,10PPBC, 3,29, 188, 190, 188, 190, 190, 191, 190, 191, 189, 197,9999, 192, 189, 193, 193, 192, 188, 203, 193, 191, 197, 196, 189, 191
2010,14213010,213,CH4 ,10PPBC, 3,30, 193, 189, 189, 193, 189, 189, 191, 190, 192, 188, 187, 190, 191, 191, 200, 198, 196, 193, 192, 188, 190, 191, 187, 187
2010,14213010,213,CH4 ,10PPBC, 3,31, 187, 188, 187, 187, 187, 188, 193, 190, 198, 198, 192, 192, 204, 198, 192, 187, 186, 186, 187, 191, 188, 188, 189, 188
2010,14214020,214,CH4 ,10PPBC, 4, 1, 198, 200, 212, 203, 202, 200, 196, 194, 188, 188,9999,9999, 188, 186, 185, 185, 188, 185, 185, 185, 185, 185, 185, 185
2010,14214020,214,CH4 ,10PPBC, 4, 2, 185, 185, 185, 185, 184, 184, 184, 184, 184, 184, 184, 185, 186, 188, 188, 189, 189, 190, 191, 191, 192, 193, 193, 193
2010,14214020,214,CH4 ,10PPBC, 4, 3, 193, 191, 189, 189, 190, 193, 192, 191, 190, 191, 191, 191, 190, 189, 188, 188, 188, 188, 191, 191, 191, 192, 191, 191
2010,14214020,214,CH4 ,10PPBC, 4, 4, 191, 190, 191, 191, 191, 191, 192, 192, 193, 193, 194, 192, 192, 193, 193, 193, 193, 193, 193, 192, 192, 192, 192, 192
2010,14214020,214,CH4 ,10PPBC, 4, 5, 192, 192, 192, 192, 191, 191, 191, 191, 193, 193, 193, 193, 194, 193, 194, 194, 194, 194, 194, 194, 196, 195, 193, 193
2010,14214020,214,CH4 ,10PPBC, 4, 6, 193, 197, 202, 193, 202, 206, 208, 194, 192, 190, 189, 188, 189, 190, 188, 188, 188, 188, 189, 189, 190, 194, 206, 202
2010,14214020,214,CH4 ,10PPBC, 4, 7, 202, 188, 187, 187, 188, 188, 190, 191, 193, 192, 191, 192, 193, 193, 190, 190, 194, 194, 194, 191, 192, 191, 191, 191
2010,14214020,214,CH4 ,10PPBC, 4, 8, 192, 192, 192, 192, 192, 191, 191, 192, 192,9999,9999,9999, 190, 190, 191, 190, 190, 191, 191, 191, 191, 190, 189, 191
2010,14214020,214,CH4 ,10PPBC, 4, 9, 191, 193, 191, 192, 191, 191, 190, 192, 192, 191, 190, 190, 188, 187, 187, 188, 187, 187, 186, 186, 186, 195, 200, 203
2010,14214020,214,CH4 ,10PPBC, 4,10, 189, 186, 186, 188, 186, 186, 185, 186, 187, 186, 186, 186, 186, 185, 186, 188, 187, 186, 186, 186, 187, 188, 188, 190
2010,14214020,214,CH4 ,10PPBC, 4,11, 189, 197, 203, 197, 198, 208, 204, 191, 186, 186, 186, 185, 185, 186, 186, 185, 184, 185, 187, 187, 186, 186, 187, 186
2010,14214020,214,CH4 ,10PPBC, 4,12, 186, 184, 185, 185, 185, 184, 185, 185, 186, 186, 187, 187, 187, 187, 187, 187, 187, 186, 186, 186, 186, 186, 184, 185
2010,14214020,214,CH4 ,10PPBC, 4,13, 185, 185, 184, 184, 185, 185, 186, 188, 185, 183, 184, 183, 183, 183, 183, 183, 184, 183, 183, 183, 183, 183, 184, 184
2010,14214020,214,CH4 ,10PPBC, 4,14, 191, 186, 186, 186, 187, 187, 187, 186, 187, 186, 186, 186, 186, 186, 187, 186, 186, 186, 186, 189, 189, 188, 187, 188
2010,14214020,214,CH4 ,10PPBC, 4,15, 188, 187, 187, 186, 186, 185, 186, 185, 187, 187, 187, 186, 187, 186, 188, 188, 190, 190, 192, 190, 191, 196, 192, 191
2010,14214020,214,CH4 ,10PPBC, 4,16, 190, 188, 188, 187, 185, 186, 186, 186, 188, 188, 187, 188, 189,9999,9999,9999, 190, 189, 188, 189, 189, 189, 188, 188
2010,14214020,214,CH4 ,10PPBC, 4,17, 188, 188, 188, 187, 188, 187, 188, 188, 189, 190, 189, 188, 188, 189, 189, 188, 189, 189, 189, 191, 196, 194, 199, 194
2010,14214020,214,CH4 ,10PPBC, 4,18, 195, 198, 199, 201, 200, 197, 196, 193, 193, 189, 189, 189, 190, 192, 190, 188, 188, 188, 188, 189, 192, 192, 193, 203
2010,14214020,214,CH4 ,10PPBC, 4,19, 199, 203, 194, 192, 191, 190, 190, 190, 190, 191, 191, 188, 189, 187, 189, 189, 188, 189, 190, 190, 189, 190, 190, 189
2010,14214020,214,CH4 ,10PPBC, 4,20, 190, 190, 189, 191, 189, 188, 186, 186, 187, 185, 186, 185, 185, 184, 185, 185, 185, 186, 190, 191, 192, 190, 191, 194
2010,14214020,214,CH4 ,10PPBC, 4,21, 192, 188, 189, 189, 188, 190, 189, 188, 188,9999,9999, 187, 184, 184, 184, 184, 184, 185, 185, 185, 185, 186, 188, 190
2010,14214020,214,CH4 ,10PPBC, 4,22, 189, 189, 190, 191, 192, 190, 190, 190, 190, 190, 190, 189, 189, 189, 189, 190, 190, 191, 190, 189, 189, 188, 189, 189
2010,14214020,214,CH4 ,10PPBC, 4,23, 190, 190, 190, 191, 191, 189, 189, 190, 192, 190, 189, 189, 189, 190, 190, 190, 189, 190, 191, 192, 193, 190, 189, 189
2010,14214020,214,CH4 ,10PPBC, 4,24, 194, 194, 193, 193, 192, 193, 192, 192, 192, 191, 190, 189, 188, 189, 189, 189, 188, 190, 190, 193, 193, 191, 191, 197
2010,14214020,214,CH4 ,10PPBC, 4,25, 192, 193, 198, 203, 209, 211, 206, 191, 189, 189, 190, 191, 191, 189, 189, 189, 188, 188, 188, 188, 189, 193, 199, 198
2010,14214020,214,CH4 ,10PPBC, 4,26, 204, 205, 208, 205, 204, 205, 202, 194, 194, 191, 189, 190, 192, 193, 191, 190, 189, 187, 187, 188, 190, 192, 194, 193
2010,14214020,214,CH4 ,10PPBC, 4,27, 196, 192, 191, 189, 190, 190, 190, 190, 190, 190, 190, 190, 192, 194, 191, 190, 191, 192, 193, 190, 190, 191, 192, 192
2010,14214020,214,CH4 ,10PPBC, 4,28, 191, 189, 188, 188, 187, 188, 188, 189, 190, 189,9999,9999, 188, 188, 187, 188, 188, 188, 189, 190, 194, 193, 192, 193
2010,14214020,214,CH4 ,10PPBC, 4,29, 193, 193, 193, 189, 188, 187, 187, 187, 186, 185, 185, 184, 185, 186, 186, 187, 188, 188, 188, 188, 188, 188, 189, 190
2010,14214020,214,CH4 ,10PPBC, 4,30, 193, 197, 197, 189, 189, 188, 188, 188, 188, 189, 189, 190, 189, 188, 188, 188, 188, 189, 189, 189, 190, 189, 189, 189
2010,14214020,214,CH4 ,10PPBC, 4,31,9998,9998,9998,9998,9998,9998,9998,9998,9998,9998,9998,9998,9998,9998,9998,9998,9998,9998,9998,9998,9998,9998,9998,9998
2010,14214020,214,CH4 ,10PPBC, 5, 1, 191, 200, 197, 202, 203, 202, 196, 191, 191, 190, 190, 189, 189, 189, 188, 188, 188, 188, 190, 190, 189, 189, 196, 204
2010,14214020,214,CH4 ,10PPBC, 5, 2, 202, 200, 199, 198, 196, 204, 202, 191, 190, 189, 190, 190, 189, 189, 189, 189, 188, 188, 189, 189, 190, 201, 215, 205
2010,14214020,214,CH4 ,10PPBC, 5, 3, 208, 212, 207, 205, 209, 205, 202, 195, 193, 190, 189, 188, 189, 187, 187, 188, 187, 187, 187, 187, 187, 187, 187, 187
2010,14214020,214,CH4 ,10PPBC, 5, 4, 188, 193, 204, 211, 203, 203, 205, 194, 190, 189, 187, 186, 186, 186, 186, 187, 188, 190, 189, 188, 192, 200, 202, 207
2010,14214020,214,CH4 ,10PPBC, 5, 5, 208, 206, 206, 216, 218, 208, 203, 190, 190, 189, 188, 188, 187, 186, 186, 186, 186, 187, 186, 186, 187, 188, 198, 204
2010,14214020,214,CH4 ,10PPBC, 5, 6, 211, 208, 203, 199, 197, 192, 185, 185, 184, 184, 183, 182, 182, 181, 181, 181, 180, 180, 180, 182, 181, 182, 182, 182
2010,14214020,214,CH4 ,10PPBC, 5, 7, 180, 181, 182, 182, 181, 181, 181, 180, 181, 181, 180, 180, 181, 180, 180, 180, 180, 178, 180, 180, 181, 184, 187, 189
2010,14214020,214,CH4 ,10PPBC, 5, 8, 185, 185, 186, 186, 184, 186, 186, 186, 184, 184, 185, 186, 187, 187, 186, 186, 186, 186, 186, 187, 186, 187, 188, 189
2010,14214020,214,CH4 ,10PPBC, 5, 9, 201, 197, 188, 189, 193, 195, 188, 187, 187, 187, 188, 188, 190, 190, 190, 191, 190, 190, 190, 191, 194, 197, 193, 191
2010,14214020,214,CH4 ,10PPBC, 5,10, 190, 189, 189, 189, 189, 189, 189, 189, 189, 188, 188, 188, 189, 188, 188, 188, 188, 188, 190, 189, 189, 192, 191, 197
2010,14214020,214,CH4 ,10PPBC, 5,11, 201, 196, 203, 209, 205, 202, 202, 191, 187, 187, 186, 186, 186, 187, 186, 187, 191, 190, 189, 189, 189, 188, 189, 190
2010,14214020,214,CH4 ,10PPBC, 5,12, 189, 188, 190, 190, 190, 190, 191, 190, 191, 188, 188, 188, 189, 187, 187, 187, 188, 188, 193, 193, 196, 198, 205, 207
2010,14214020,214,CH4 ,10PPBC, 5,13, 214, 206, 196, 198, 193, 191, 190, 188, 188, 187, 188, 187, 188, 188, 188, 189, 189, 189, 189, 189, 190, 188, 187, 187
2010,14214020,214,CH4 ,10PPBC, 5,14, 187, 188, 188, 188, 187, 188, 187, 188, 189, 187,9999,9999,9999, 189, 189, 189, 189, 189, 189, 190, 189, 192, 191, 192
2010,14214020,214,CH4 ,10PPBC, 5,15, 191, 192, 191, 188, 188, 190, 188, 187, 188, 187, 187, 186, 188, 189, 188, 188, 188, 188, 187, 187, 186, 188, 190, 191
2010,14214020,214,CH4 ,10PPBC, 5,16, 188, 190, 196, 203, 209, 206, 197, 191, 188, 187, 186, 185, 186, 185, 185, 185, 184, 184, 185, 186, 187, 193, 201, 201
2010,14214020,214,CH4 ,10PPBC, 5,17, 199, 214, 203, 202, 205, 200, 196, 189, 187, 187, 188, 188, 187, 186, 185, 185, 184, 184, 185, 187, 191, 193, 202, 202
2010,14214020,214,CH4 ,10PPBC, 5,18, 202, 207, 200, 201, 206, 209, 204, 189, 186, 186, 186, 185, 185, 185, 185, 185, 185, 184, 185, 184, 185, 186, 185, 186
2010,14214020,214,CH4 ,10PPBC, 5,19, 185, 185, 186, 186, 186, 185, 185, 184, 185, 184, 185, 184, 184, 184, 183, 184, 184, 184, 184, 185, 185, 184, 185, 185
2010,14214020,214,CH4 ,10PPBC, 5,20, 185, 184, 184, 186, 185, 184, 186, 185, 187,9999,9999,9999,9999, 187, 187, 188, 187, 187, 189, 187, 186, 186, 187, 191
2010,14214020,214,CH4 ,10PPBC, 5,21, 186, 188, 189, 189, 192, 192, 193, 189, 189, 189,9999,9999,9999, 187, 188, 188, 188, 188, 188, 188, 200, 199, 202, 202
2010,14214020,214,CH4 ,10PPBC, 5,22, 207, 202, 206, 198, 191, 190, 189, 190, 191, 191, 191, 191, 193, 193, 193, 190, 189, 188, 188, 188, 188, 189, 188, 187
2010,14214020,214,CH4 ,10PPBC, 5,23, 187, 189, 197, 196, 191, 195, 193, 192, 190, 189, 187, 188, 189, 189, 188, 191, 190, 188, 188, 187, 187, 187, 186, 186
2010,14214020,214,CH4 ,10PPBC, 5,24, 187, 187, 187, 186, 186, 188, 187, 186, 187, 185, 186, 186, 187, 187, 187, 187, 187, 191, 190, 190, 191, 191, 187, 186
2010,14214020,214,CH4 ,10PPBC, 5,25, 187, 188, 188, 186, 186, 188, 187, 187, 188, 186, 186, 187, 187, 187, 187, 187, 187, 189, 190, 191, 190, 188, 188, 188
2010,14214020,214,CH4 ,10PPBC, 5,26, 189, 189, 191, 191, 192, 190, 189, 189, 189, 189, 189, 188, 187, 187, 187, 186, 187, 187, 190, 194, 193, 190, 186, 186
2010,14214020,214,CH4 ,10PPBC, 5,27, 187, 187, 188, 192, 190, 190, 191, 189, 187, 187,9999,9999, 186, 188, 186, 186, 186, 187, 192, 193, 189, 188, 189, 190
2010,14214020,214,CH4 ,10PPBC, 5,28, 190, 188, 187, 188, 189, 196, 191, 189, 189, 187, 186, 186, 186, 186, 187, 187, 187, 187, 185, 184, 185, 185, 187, 187
2010,14214020,214,CH4 ,10PPBC, 5,29, 188, 189, 189, 188, 188, 190, 190, 188, 188, 189, 190, 189, 189, 190, 189, 191, 191, 190, 189, 190, 189, 189, 188, 188
2010,14214020,214,CH4 ,10PPBC, 5,30, 187, 187, 187, 187, 186, 185, 186, 186, 187, 186, 187, 186, 187, 187, 187, 188, 189, 188, 188, 192, 188, 190, 194, 194
2010,14214020,214,CH4 ,10PPBC, 5,31, 194, 193, 195, 197, 195, 191, 190, 189, 189, 189, 189, 191, 192, 191, 188, 187, 187, 186, 186, 187, 189, 189, 188, 189
2010,14214020,214,CH4 ,10PPBC, 6, 1, 201, 198, 192, 190, 193, 199, 190, 189, 189, 188, 188, 188, 188, 189, 190, 188, 188, 186, 185, 186, 186, 198, 194, 198
2010,14214020,214,CH4 ,10PPBC, 6, 2, 190, 192, 203, 201, 200, 204, 196, 196, 198, 198, 194, 188, 189, 190, 189, 188, 187, 187, 186, 185, 187, 190, 197, 201
2010,14214020,214,CH4 ,10PPBC, 6, 3, 195, 197, 197, 197, 202, 201, 196, 188, 188, 188, 188, 186, 185, 185, 185, 184, 184, 184, 183, 184, 185, 189, 190, 202
2010,14214020,214,CH4 ,10PPBC, 6, 4, 205, 207, 206, 204, 204, 202, 196, 188, 188,9999,9999, 185, 184, 184, 184, 184, 184, 183, 184, 185, 184, 186, 185, 185
2010,14214020,214,CH4 ,10PPBC, 6, 5, 186, 187, 190, 191, 192, 186, 185, 186, 186, 187, 188, 189, 187, 187, 188, 189, 188, 187, 189, 189, 187, 188, 188, 188
2010,14214020,214,CH4 ,10PPBC, 6, 6, 192, 192, 190, 193, 198, 198, 192, 188, 189, 188, 189, 189, 187, 187, 186, 185, 185, 185, 185, 185, 186, 185, 190, 191
2010,14214020,214,CH4 ,10PPBC, 6, 7, 199, 201, 202, 196, 191, 191, 193, 188, 189, 188, 188, 190, 186, 185, 184, 184, 184, 185, 184, 184, 185, 186, 185, 187
2010,14214020,214,CH4 ,10PPBC, 6, 8, 196, 198, 201, 198, 192, 188, 189, 187, 189, 187, 187, 191, 190, 189, 191, 192, 191, 188, 190, 190, 189, 188, 188, 188
2010,14214020,214,CH4 ,10PPBC, 6, 9, 187, 188, 186, 186, 186, 186, 187, 187, 188, 187,9999,9999,9999, 188, 190, 191, 193, 195, 195, 194, 194, 198, 191, 190
2010,14214020,214,CH4 ,10PPBC, 6,10, 188, 187, 185, 185, 188, 190, 188, 185, 187, 189, 189, 189, 188, 188, 189, 188, 187, 186, 184, 183, 183, 182, 184, 189
2010,14214020,214,CH4 ,10PPBC, 6,11, 196, 194, 194, 192, 190, 189, 189, 189, 189, 189, 189, 188, 187, 188, 185, 184, 185, 184, 183, 184, 186, 192, 198, 188
2010,14214020,214,CH4 ,10PPBC, 6,12, 186, 185, 186, 188, 195, 198, 187, 185, 186, 185, 184, 184, 183, 183, 183, 182, 182, 182, 182, 182, 183, 183, 183, 183
2010,14214020,214,CH4 ,10PPBC, 6,13, 183, 183, 185, 194, 200, 185, 183, 183, 183, 183, 182, 182, 183, 182, 182, 182, 182, 183, 182, 183, 184, 184, 184, 183
2010,14214020,214,CH4 ,10PPBC, 6,14, 183, 187, 188, 185, 184, 185, 183, 184, 185, 185, 185, 185, 185, 186, 186, 186, 186, 185, 186, 186, 186, 185, 186, 187
2010,14214020,214,CH4 ,10PPBC, 6,15, 190, 196, 202, 208, 215, 203, 199, 187, 185, 184, 184, 184, 185, 185, 185, 185, 187, 188, 189, 188, 188, 183, 184, 186
2010,14214020,214,CH4 ,10PPBC, 6,16, 188, 188, 189, 189, 189, 187, 188, 187, 182, 177, 178, 178, 178, 182, 183, 185, 186, 186, 186, 189, 191, 190, 199, 193
2010,14214020,214,CH4 ,10PPBC, 6,17, 199, 211, 194, 193, 187, 191, 189, 188, 188, 188, 187, 184, 189, 189, 190, 187, 187, 187, 185, 185, 184, 183, 195, 199
2010,14214020,214,CH4 ,10PPBC, 6,18, 200, 195, 203, 200, 205, 203, 201, 188, 188,9999,9999,9999, 188, 182, 176, 177, 182, 181, 182, 183, 184, 185, 186, 187
2010,14214020,214,CH4 ,10PPBC, 6,19, 187, 187, 188, 187, 185, 185, 187, 187, 189, 189, 190, 188, 185, 181, 183, 184, 184, 183, 183, 182, 183, 181, 178, 176
2010,14214020,214,CH4 ,10PPBC, 6,20, 176, 176, 177, 182, 189, 208, 195, 193, 193, 187, 178, 179, 179, 178, 179, 181, 179, 179, 180, 179, 178, 179, 178, 179
2010,14214020,214,CH4 ,10PPBC, 6,21, 179, 180, 178, 177, 178, 177, 178, 180, 181, 180, 180, 177, 175, 177, 176, 178, 178, 180, 179, 180, 183, 187, 188, 187
2010,14214020,214,CH4 ,10PPBC, 6,22, 193, 191, 181, 189, 195, 214, 198, 190, 186, 188, 178, 178, 179, 181, 179, 178, 177, 177, 178, 180, 181, 181, 187, 191
2010,14214020,214,CH4 ,10PPBC, 6,23, 202, 197, 195, 182, 184, 182, 181, 178, 176, 175, 175, 176, 176, 176, 179, 184, 181, 182, 181, 181, 191, 199, 199, 201
2010,14214020,214,CH4 ,10PPBC, 6,24, 200, 194, 197, 186, 190, 194, 190, 189, 192, 188, 188, 187, 187, 188, 189, 196, 198, 196, 198, 197, 193, 194, 210, 204
2010,14214020,214,CH4 ,10PPBC, 6,25, 204, 211, 216, 215, 211, 207, 200, 193, 194,9999,9999, 189, 190, 191, 191, 188, 185, 185, 188, 189, 193, 194, 203, 214
2010,14214020,214,CH4 ,10PPBC, 6,26, 200, 197, 207, 207, 205, 208, 205, 191, 183, 181, 180, 179, 177, 178, 178, 178, 178, 177, 179, 179, 180, 178, 179, 178
2010,14214020,214,CH4 ,10PPBC, 6,27, 179, 179, 177, 177, 177, 177, 177, 179, 181, 177, 176, 176, 176, 176, 176, 176, 176, 176, 176, 176, 176, 179, 181, 184
2010,14214020,214,CH4 ,10PPBC, 6,28, 184, 207, 200, 198, 198, 195, 192, 185, 187, 182, 183, 182, 184, 185, 184, 187, 187, 190, 190, 191, 194, 186, 186, 185
2010,14214020,214,CH4 ,10PPBC, 6,29, 186, 207, 205, 203, 205, 208, 214, 208, 199, 197, 194, 195, 195, 190, 187, 186, 185, 182, 184, 182, 180, 184, 186, 185
2010,14214020,214,CH4 ,10PPBC, 6,30, 185, 183, 181, 183, 182, 183, 182, 184, 184, 183, 183, 183, 182, 182, 182, 182, 183, 182, 183, 185, 183, 185, 185, 185
2010,14214020,214,CH4 ,10PPBC, 6,31,9998,9998,9998,9998,9998,9998,9998,9998,9998,9998,9998,9998,9998,9998,9998,9998,9998,9998,9998,9998,9998,9998,9998,9998
2010,14214020,214,CH4 ,10PPBC, 7, 1, 184, 187, 188, 197, 201, 201, 192, 189, 188, 185, 184, 182, 181, 178, 177, 176, 176, 176, 179, 180, 179, 182, 183, 186
2010,14214020,214,CH4 ,10PPBC, 7, 2, 191, 200, 195, 199, 199, 209, 204, 191, 188, 187,9999,9999, 180, 179, 178, 178, 178, 178, 179, 181, 181, 187, 189, 196
2010,14214020,214,CH4 ,10PPBC, 7, 3, 190, 191, 196, 191, 190, 192, 190, 189, 189, 188, 188, 187, 186, 182, 182, 182, 181, 181, 180, 180, 181, 185, 187, 187
2010,14214020,214,CH4 ,10PPBC, 7, 4, 196, 192, 186, 183, 189, 188, 186, 183, 186, 184, 185, 185, 184, 184, 185, 184, 186, 186, 186, 189, 195, 198, 192, 196
2010,14214020,214,CH4 ,10PPBC, 7, 5, 199, 202, 208, 198, 196, 197, 195, 198, 201, 199, 198, 194, 193, 190, 187, 187, 187, 186, 189, 189, 190, 191, 193, 193
2010,14214020,214,CH4 ,10PPBC, 7, 6, 191, 194, 194, 203, 193, 192, 192, 191, 192, 193, 191, 191, 190, 187, 186, 187, 187, 188, 189, 192, 194, 194, 195, 196
2010,14214020,214,CH4 ,10PPBC, 7, 7, 194, 196, 197, 196, 200, 200, 194, 192, 197, 192, 193, 194, 196, 195, 196, 196, 191, 188, 187, 188, 185, 185, 186, 190
2010,14214020,214,CH4 ,10PPBC, 7, 8, 190, 192, 198, 194, 195, 197, 192, 191, 190, 189, 184, 182, 184, 186, 188, 189, 189, 189, 187, 188, 190, 195, 191, 192
2010,14214020,214,CH4 ,10PPBC, 7, 9, 180, 185, 201, 197, 196, 193, 199, 193, 199, 193,9999,9999, 185, 182, 180, 180, 180, 180, 179, 179, 180, 179, 175, 178
2010,14214020,214,CH4 ,10PPBC, 7,10, 180, 183, 181, 180, 181, 184, 186, 184, 184, 181, 181, 181, 182, 182, 183, 184, 185, 186, 185, 187, 190, 190, 202, 201
2010,14214020,214,CH4 ,10PPBC, 7,11, 208, 204, 207, 210, 208, 209, 204, 197, 193, 190, 191, 187, 182, 182, 179, 180, 177, 177, 177, 175, 176, 178, 175, 174
2010,14214020,214,CH4 ,10PPBC, 7,12, 174, 174, 174, 174, 174, 174, 174, 174, 175, 175, 174, 174, 174, 174, 174, 174, 175, 175, 173, 174, 175, 175, 176, 178
2010,14214020,214,CH4 ,10PPBC, 7,13, 176, 176, 177, 189, 191, 186, 188, 192, 198, 197, 197, 191, 191, 191, 196, 193, 190, 189, 189, 190, 190, 191, 193, 193
2010,14214020,214,CH4 ,10PPBC, 7,14, 194, 193, 195, 195, 195, 196, 197, 193, 184, 176,9999,9999, 174, 175, 175, 175, 175, 176, 176, 175, 176, 177, 176, 176
2010,14214020,214,CH4 ,10PPBC, 7,15, 175, 177, 177, 176, 177, 178, 177, 177, 176, 175, 176, 175, 176, 176, 175, 175, 176, 175, 177, 178, 178, 178, 178, 178
2010,14214020,214,CH4 ,10PPBC, 7,16, 177, 182, 180, 180, 184, 195, 187, 179, 176, 176, 175, 175, 175, 175, 175, 175, 176, 175, 176, 177, 176, 178, 178, 178
2010,14214020,214,CH4 ,10PPBC, 7,17, 180, 194, 193, 186, 196, 195, 184, 185, 178, 176, 175, 176, 176, 176, 176, 176, 176, 176, 176, 178, 178, 179, 181, 180
2010,14214020,214,CH4 ,10PPBC, 7,18, 180, 181, 187, 195, 202, 203, 189, 179, 178, 177, 176, 175, 175, 175, 175, 175, 175, 176, 177, 178, 177, 178, 178, 178
2010,14214020,214,CH4 ,10PPBC, 7,19, 178, 190, 197, 200, 200, 195, 185, 178, 177, 177, 176, 176, 176, 177, 177, 177, 177, 177, 178, 179, 187, 193, 190, 196
2010,14214020,214,CH4 ,10PPBC, 7,20, 195, 198, 192, 201, 201, 201, 193, 183, 182, 180, 180, 177, 177, 177, 177, 177, 177, 177, 178, 182, 198, 192, 193, 204
2010,14214020,214,CH4 ,10PPBC, 7,21, 211, 205, 194, 195, 200, 201, 191, 186, 182, 182, 183, 179, 179, 183, 185, 185, 185, 181, 179, 179, 182, 201, 204, 207
2010,14214020,214,CH4 ,10PPBC, 7,22, 203, 211, 212, 210, 207, 202, 194, 188, 189, 189, 185, 181, 180, 179, 179, 178, 179, 178, 176, 175, 178, 181, 182, 185
2010,14214020,214,CH4 ,10PPBC, 7,23, 194, 182, 183, 184, 185, 190, 185, 184, 186, 184,9999,9999,9999, 186, 185, 183, 180, 177, 176, 177, 175, 176, 185, 186
2010,14214020,214,CH4 ,10PPBC, 7,24, 185, 187, 186, 187, 189, 194, 186, 184, 184, 182, 183, 183, 185, 185, 183, 181, 180, 177, 179, 183, 181, 183, 182, 181
2010,14214020,214,CH4 ,10PPBC, 7,25, 183, 189, 185, 183, 185, 185, 182, 181, 182, 180, 179, 178, 177, 176, 176, 176, 178, 179, 179, 179, 181, 179, 178, 181
2010,14214020,214,CH4 ,10PPBC, 7,26, 181, 182, 189, 188, 194, 190, 183, 185, 183, 180, 180, 178, 176, 176, 176, 176, 177, 178, 180, 178, 179, 184, 181, 183
2010,14214020,214,CH4 ,10PPBC, 7,27, 188, 188, 183, 189, 192, 193, 187, 186, 184, 176, 175, 175, 176, 176, 175, 176, 175, 175, 175, 175, 176, 176, 177, 176
2010,14214020,214,CH4 ,10PPBC, 7,28, 177, 176, 176, 181, 178, 183, 180, 176, 175, 175, 175, 176, 176, 176, 176, 176, 176, 177, 177, 178, 177, 179, 178, 179
2010,14214020,214,CH4 ,10PPBC, 7,29, 179, 178, 179, 179, 179, 178, 179, 178, 178, 178, 179, 176, 175, 175, 175, 175, 175, 175, 176, 176, 176, 174, 174, 174
2010,14214020,214,CH4 ,10PPBC, 7,30, 175, 174, 174, 174, 175, 175, 175, 175, 175, 175,9999,9999,9999,9999,9999, 174, 174, 174, 177, 179, 181, 183, 189, 192
2010,14214020,214,CH4 ,10PPBC, 7,31, 193, 187, 192, 191, 194, 194, 197, 182, 179, 179, 179, 180, 178, 177, 177, 178, 178, 178, 180, 186, 191, 190, 189, 195
2010,14214020,214,CH4 ,10PPBC, 8, 1, 198, 198, 200, 196, 200, 204, 204, 193, 186, 184, 182, 180, 178, 179, 180, 181, 179, 179, 178, 177, 177, 176, 177, 176
2010,14214020,214,CH4 ,10PPBC, 8, 2, 179, 184, 187, 189, 182, 176, 175, 175, 174, 174, 175, 174, 173, 173, 173, 173, 174, 174, 174, 174, 176, 176, 176, 177
2010,14214020,214,CH4 ,10PPBC, 8, 3, 175, 175, 176, 176, 177, 177, 177, 175, 175, 174, 174, 174, 174, 174, 175, 174, 174, 174, 174, 175, 175, 174, 175, 175
2010,14214020,214,CH4 ,10PPBC, 8, 4, 175, 177, 176, 177, 181, 183, 179, 176, 176, 174, 174, 174, 174, 174, 174, 174, 174, 174, 174, 175, 175, 176, 176, 176
2010,14214020,214,CH4 ,10PPBC, 8, 5, 177, 177, 177, 176, 177, 179, 177, 176, 175, 174, 174,9999,9999,9999, 173, 173, 173, 174, 174, 175, 175, 176, 176, 175
2010,14214020,214,CH4 ,10PPBC, 8, 6, 175, 175, 175, 174, 177, 180, 180, 177, 175, 174, 174, 174, 174, 174, 175, 174, 174, 175, 177, 177, 177, 177, 177, 178
2010,14214020,214,CH4 ,10PPBC, 8, 7, 178, 180, 179, 186, 194, 187, 187, 181, 180, 179, 179, 180, 180, 179, 179, 178, 178, 177, 177, 179, 180, 181, 182, 181
2010,14214020,214,CH4 ,10PPBC, 8, 8, 181, 182, 191, 193, 198, 195, 197, 191, 185, 187, 179, 177, 176, 176, 175, 176, 175, 175, 175, 176, 178, 177, 176, 176
2010,14214020,214,CH4 ,10PPBC, 8, 9, 177, 175, 175, 178, 179, 178, 179, 179, 177, 178, 177, 176, 176, 175, 175, 175, 175, 176, 174, 175, 175, 174, 176, 176
2010,14214020,214,CH4 ,10PPBC, 8,10, 176, 177, 179, 179, 185, 181, 185, 182, 180, 177, 174, 173, 173, 173, 173, 173, 173, 174, 174, 174, 175, 175, 175, 177
2010,14214020,214,CH4 ,10PPBC, 8,11, 176, 174, 174, 175, 179, 177, 178, 175, 175, 173, 173, 172, 171, 172, 172, 173, 172, 173, 173, 174, 174, 174, 174, 174
2010,14214020,214,CH4 ,10PPBC, 8,12, 173, 174, 174, 174, 174, 173, 173, 174, 173, 174, 174, 174, 176, 177, 177, 177, 177, 176, 175, 176, 177, 183, 186, 190
2010,14214020,214,CH4 ,10PPBC, 8,13, 191, 188, 189, 198, 199, 187, 192, 188, 186, 182, 182,9999,9999, 185, 183, 184, 186, 185, 185, 186, 188, 187, 188, 188
2010,14214020,214,CH4 ,10PPBC, 8,14, 192, 197, 196, 196, 201, 203, 194, 192, 190, 189, 188, 182, 179, 179, 178, 178, 178, 179, 179, 178, 177, 177, 178, 178
2010,14214020,214,CH4 ,10PPBC, 8,15, 179, 180, 179, 179, 180, 180, 180, 179, 180, 179, 179, 178, 177, 177, 178, 176, 175, 174, 175, 175, 178, 195, 194, 203
2010,14214020,214,CH4 ,10PPBC, 8,16, 201, 203, 198, 208, 202, 198, 195, 187, 184, 184, 183, 182, 179, 180, 179, 180, 179, 181, 182, 183, 183, 180, 189, 188
2010,14214020,214,CH4 ,10PPBC, 8,17, 190, 189, 195, 192, 191, 187, 185, 186, 188, 188, 186, 185, 185, 183, 184, 188, 188, 180, 176, 175, 175, 179, 183, 190
2010,14214020,214,CH4 ,10PPBC, 8,18, 190, 182, 182, 181, 180, 182, 182, 181, 183, 181, 183, 183, 181, 181, 184, 181, 180, 182, 182, 182, 181, 183, 186, 182
2010,14214020,214,CH4 ,10PPBC, 8,19, 184, 184, 186, 188, 185, 184, 183, 184, 186, 184,9999,9999, 183, 183, 184, 184, 185, 186, 184, 182, 185, 184, 183, 186
2010,14214020,214,CH4 ,10PPBC, 8,20, 188, 191, 192, 188, 189, 186, 191, 190, 191, 189, 188, 189, 187, 187, 188, 192, 191, 189, 185, 185, 184, 185, 185, 185
2010,14214020,214,CH4 ,10PPBC, 8,21, 187, 191, 193, 195, 194, 197, 195, 190, 189, 188, 188, 189, 189, 188, 186, 184, 183, 184, 184, 185, 184, 187, 191, 198
2010,14214020,214,CH4 ,10PPBC, 8,22, 193, 205, 206, 205, 203, 203, 201, 190, 186, 184, 183, 182, 181, 181, 181, 181, 180, 180, 181, 181, 181, 188, 197, 196
2010,14214020,214,CH4 ,10PPBC, 8,23, 196, 202, 200, 201, 205, 198, 196, 187, 184, 185, 184, 182, 180, 179, 179, 179, 179, 180, 180, 181, 181, 181, 182, 180
2010,14214020,214,CH4 ,10PPBC, 8,24, 180, 181, 181, 194, 197, 189, 190, 185, 180, 179, 179, 179, 179, 180, 180, 179, 180, 180, 179, 180, 179, 180, 181, 181
2010,14214020,214,CH4 ,10PPBC, 8,25, 188, 187, 194, 201, 200, 191, 193, 189, 183, 180, 179, 179, 179, 179, 179, 179, 179, 179, 179, 179, 179, 182, 189, 185
2010,14214020,214,CH4 ,10PPBC, 8,26, 187, 191, 193, 197, 203, 192, 190, 186, 184,9999,9999, 178, 178, 178, 178, 179, 179, 180, 180, 181, 181, 184, 194, 186
2010,14214020,214,CH4 ,10PPBC, 8,27, 188, 198, 196, 192, 197, 196, 189, 187, 186, 185, 185, 181, 180, 180, 178, 176, 174, 173, 174, 175, 178, 180, 194, 197
2010,14214020,214,CH4 ,10PPBC, 8,28, 185, 179, 193, 192, 191, 196, 195, 183, 183, 182, 178, 176, 174, 173, 174, 175, 175, 175, 176, 177, 177, 178, 188, 193
2010,14214020,214,CH4 ,10PPBC, 8,29, 189, 189, 188, 194, 196, 189, 192, 184, 182, 179, 178, 176, 176, 175, 174, 174, 174, 176, 175, 182, 185, 188, 191, 193
2010,14214020,214,CH4 ,10PPBC, 8,30, 190, 197, 198, 198, 202, 198, 197, 185, 182, 179, 180, 182, 182, 186, 185, 180, 176, 176, 176, 175, 183, 184, 192, 189
2010,14214020,214,CH4 ,10PPBC, 8,31, 189, 194, 197, 197, 193, 196, 188, 183, 185, 186, 185, 188, 184, 178, 175, 176, 177, 181, 179, 176, 174, 174, 185, 189
2010,14214020,214,CH4 ,10PPBC, 9, 1, 179, 185, 188, 189, 185, 188, 183, 179, 176, 176, 176, 175, 174, 174, 174, 174, 175, 175, 176, 178, 180, 180, 178, 178
2010,14214020,214,CH4 ,10PPBC, 9, 2, 183, 186, 179, 179, 185, 200, 197, 186, 181, 181, 180, 180, 181, 180, 180, 180, 180, 179, 180, 180, 181, 182, 182, 183
2010,14214020,214,CH4 ,10PPBC, 9, 3, 183, 183, 185, 196, 200, 190, 192, 185, 182, 181, 180, 180, 179, 179, 179, 179, 179, 180, 180, 179, 183, 189, 195, 190
2010,14214020,214,CH4 ,10PPBC, 9, 4, 192, 197, 196, 196, 203, 196, 193, 186, 183, 180, 181, 181, 183, 185, 181, 181, 181, 180, 181, 180, 179, 180, 182, 182
2010,14214020,214,CH4 ,10PPBC, 9, 5, 193, 192, 193, 190, 195, 197, 197, 186, 181, 181, 180, 178, 178, 178, 177, 177, 177, 177, 178, 179, 180, 182, 182, 181
2010,14214020,214,CH4 ,10PPBC, 9, 6, 179, 179, 180, 182, 186, 193, 183, 178, 177, 175, 175, 174, 173, 172, 173, 172, 173, 174, 174, 174, 175, 175, 175, 174
2010,14214020,214,CH4 ,10PPBC, 9, 7, 175, 174, 175, 174, 176, 175, 175, 175, 175, 174,9999,9999,9999,9999, 174, 174, 173, 173, 173, 173, 174, 174, 175, 174
2010,14214020,214,CH4 ,10PPBC, 9, 8, 173, 177, 183, 182, 181, 181, 182, 182, 187, 186, 185, 188, 189, 188, 187, 184, 183, 181, 181, 181, 180, 179, 179, 179
2010,14214020,214,CH4 ,10PPBC, 9, 9, 180, 181, 182, 183, 183, 184, 184, 184, 185, 184, 184, 185, 184, 184, 184, 184, 186, 186, 186, 192, 189, 189, 191, 193
2010,14214020,214,CH4 ,10PPBC, 9,10, 197, 195, 197, 203, 205, 204, 205, 201, 201, 197, 193, 188, 186, 186, 187, 187, 186, 185, 184, 185, 188, 198, 196, 199
2010,14214020,214,CH4 ,10PPBC, 9,11, 205, 205, 210, 202, 205, 204,9999,9999,9999,9999,9999,9999,9999,9999,9999,9999,9999,9999,9999,9999,9999,9999,9999,9999
2010,14214020,214,CH4 ,10PPBC, 9,12, 201, 204, 208, 206, 209, 206, 198, 189, 187, 190, 191, 191, 198, 206, 195, 190, 188, 188, 185, 183, 183, 182, 181, 181
2010,14214020,214,CH4 ,10PPBC, 9,13, 181, 186, 185, 186, 182, 184, 187, 188, 189, 188, 185, 185, 210, 183, 182, 181, 182, 183, 187, 188, 193, 192, 189, 190
2010,14214020,214,CH4 ,10PPBC, 9,14, 188, 186, 186, 185, 187, 186, 189, 192, 188, 185, 186, 186, 185, 184, 185, 184, 185, 184, 184, 185, 186, 188, 187, 188
2010,14214020,214,CH4 ,10PPBC, 9,15, 187, 187, 187, 188, 187, 186, 186, 186, 186, 186, 185, 185, 185, 186, 187, 187, 187, 187, 187, 187, 186, 186, 186, 185
2010,14214020,214,CH4 ,10PPBC, 9,16, 184, 184, 183, 183, 183, 184, 184, 183, 186,9999,9999, 184, 185, 185, 185, 186, 186, 185, 184, 187, 187, 188, 194, 194
2010,14214020,214,CH4 ,10PPBC, 9,17, 196, 194, 191, 189, 188, 190, 186, 186, 184, 184, 183, 184, 184, 186, 185, 184, 184, 185, 188, 192, 191, 198, 199, 188
2010,14214020,214,CH4 ,10PPBC, 9,18, 187, 187, 187, 189, 188, 185, 186, 185, 185, 185, 185, 185, 186, 187, 188, 186, 185, 186, 187, 191, 187, 190, 192, 194
2010,14214020,214,CH4 ,10PPBC, 9,19, 191, 192, 193, 188, 193, 191, 194, 190, 189, 187, 187, 185, 183, 182, 182, 182, 182, 183, 185, 191, 192, 194, 195, 195
2010,14214020,214,CH4 ,10PPBC, 9,20, 201, 199, 199, 190, 194, 195, 194, 193, 191, 189, 189, 191, 192, 191, 192, 192, 190, 186, 190, 202, 205, 202, 199, 207
2010,14214020,214,CH4 ,10PPBC, 9,21, 200, 205, 200, 210, 211, 209, 205, 194, 191, 190, 189, 189, 190, 190, 189, 188, 188, 189, 189, 193, 198, 210, 202, 209
2010,14214020,214,CH4 ,10PPBC, 9,22, 209, 202, 204, 203, 214, 207, 192, 191, 188, 187, 187, 184, 182, 182, 181, 183, 180, 179, 179, 179, 184, 190, 189, 189
2010,14214020,214,CH4 ,10PPBC, 9,23, 189, 191, 191, 188, 188, 188, 188, 188, 192, 189, 189, 188, 188, 187, 187, 187, 187, 187, 186, 186, 185, 185, 185, 185
2010,14214020,214,CH4 ,10PPBC, 9,24, 184, 186, 184, 185, 185, 186, 188, 188, 186, 187,9999,9999, 188, 188, 187, 189, 188, 187, 187, 188, 187, 187, 187, 187
2010,14214020,214,CH4 ,10PPBC, 9,25, 187, 186, 187, 187, 187, 187, 187, 187, 187, 186, 187, 187, 186, 186, 188, 187, 189, 192, 195, 195, 195, 195, 204, 198
2010,14214020,214,CH4 ,10PPBC, 9,26, 198, 201, 196, 215, 214, 207, 205, 191, 189, 188, 190, 190, 192, 195, 190, 191, 190, 191, 191, 192, 189, 189, 190, 189
2010,14214020,214,CH4 ,10PPBC, 9,27, 190, 190, 189, 189, 188, 188, 187, 187, 187, 187, 185, 184, 185, 185, 185, 185, 184, 185, 185, 185, 186, 186, 186, 186
2010,14214020,214,CH4 ,10PPBC, 9,28, 186, 186, 185, 185, 186, 187, 190, 194, 196, 191, 189, 188, 188, 189, 188, 190, 189, 191, 193, 200, 199, 198, 196, 207
2010,14214020,214,CH4 ,10PPBC, 9,29, 200, 209, 208, 201, 202, 191, 189, 188, 190, 189, 189, 188, 188, 188, 189, 189, 192, 192, 194, 193, 201, 201, 195, 195
2010,14214020,214,CH4 ,10PPBC, 9,30, 191, 190, 189, 189, 190, 189, 189, 189, 191, 189,9999,9999, 191, 192, 192, 190, 192, 191, 192, 193, 193, 193, 189, 191
2010,14214020,214,CH4 ,10PPBC, 9,31,9998,9998,9998,9998,9998,9998,9998,9998,9998,9998,9998,9998,9998,9998,9998,9998,9998,9998,9998,9998,9998,9998,9998,9998
2010,14214020,214,CH4 ,10PPBC,10, 1, 191, 191, 190, 190, 190, 190, 189, 190, 191, 190, 189, 189, 189, 189, 189, 189, 188, 189, 191, 200, 198, 198, 200, 192
2010,14214020,214,CH4 ,10PPBC,10, 2, 191, 193, 194, 192, 193, 189, 189, 188, 189, 188, 189, 187, 188, 186, 187, 189, 189, 188, 189, 188, 192, 193, 195, 194
2010,14214020,214,CH4 ,10PPBC,10, 3, 192, 190, 190, 189, 188, 188, 187, 186, 187, 186, 186, 187, 186, 186, 186, 187, 188, 192, 194, 195, 193, 191, 191, 195
2010,14214020,214,CH4 ,10PPBC,10, 4, 192, 203, 193, 191, 191, 192, 191, 192, 194, 192, 195, 197, 191, 192, 191, 194, 193, 193, 193, 191, 192, 192, 191, 192
2010,14214020,214,CH4 ,10PPBC,10, 5, 192, 188, 190, 189, 191, 193, 191, 190, 191, 188, 190, 190, 189, 188, 189, 189, 189, 190, 195, 197, 199, 197, 194, 193
2010,14214020,214,CH4 ,10PPBC,10, 6, 197, 191, 189, 189, 189, 188, 188, 188, 189, 188, 188, 188, 188, 188, 188, 188, 190, 189, 192, 192, 192, 191, 190, 189
2010,14214020,214,CH4 ,10PPBC,10, 7, 188, 188, 188, 187, 187, 188, 188, 188, 189, 188,9999,9999, 189, 189, 188, 189, 189, 189, 190, 190, 189, 189, 188, 188
2010,14214020,214,CH4 ,10PPBC,10, 8, 188, 187, 188, 188, 188, 188, 187, 188, 189, 188, 188, 189, 189, 189, 189, 189, 190, 192, 195, 196, 195, 195, 190, 190
2010,14214020,214,CH4 ,10PPBC,10, 9, 189, 188, 187, 186, 186, 186, 185, 185, 187, 186, 185, 186, 185, 185, 185, 185, 187, 187, 186, 187, 187, 187, 186, 186
2010,14214020,214,CH4 ,10PPBC,10,10, 187, 187, 188, 189, 186, 186, 187, 189, 190, 187, 185, 186, 186, 186, 187, 187, 187, 187, 199, 198, 199, 214, 208, 210
2010,14214020,214,CH4 ,10PPBC,10,11, 206, 203, 206, 209, 195, 194, 194, 194, 190, 186, 185, 184, 185, 186, 186, 187, 186, 186, 188, 190, 199, 196, 200, 199
2010,14214020,214,CH4 ,10PPBC,10,12, 201, 208, 204, 205, 200, 196, 192, 187, 190, 192, 194, 193, 192, 191, 191, 191, 187, 186, 187, 191, 200, 200, 198, 205
2010,14214020,214,CH4 ,10PPBC,10,13, 202, 199, 190, 187, 186, 186, 185, 188, 191, 191, 190, 189, 190, 189, 193, 192, 190, 191, 196, 198, 209, 200, 198, 196
2010,14214020,214,CH4 ,10PPBC,10,14, 198, 192, 193, 188, 188, 187, 185, 186, 187, 188, 189, 189, 188, 190, 189, 189, 190, 190, 190, 192, 194, 191, 190, 190
2010,14214020,214,CH4 ,10PPBC,10,15, 190, 189, 187, 187, 186, 188, 190, 194, 190,9999,9999,9999, 188, 189, 187, 186, 187, 187, 196, 201, 201, 195, 196, 198
2010,14214020,214,CH4 ,10PPBC,10,16, 198, 194, 195, 191, 187, 186, 187, 188, 189, 187, 188, 187, 187, 187, 188, 188, 187, 189, 196, 200, 195, 201, 194, 193
2010,14214020,214,CH4 ,10PPBC,10,17, 195, 193, 191, 187, 187, 186, 185, 185, 187, 186, 185, 186, 186, 186, 186, 186, 189, 194, 194, 190, 196, 191, 192, 194
2010,14214020,214,CH4 ,10PPBC,10,18, 200, 203, 203, 194, 222, 198, 189, 189, 186, 186, 186, 187, 188, 189, 189, 187, 187, 188, 191, 188, 190, 189, 188, 188
2010,14214020,214,CH4 ,10PPBC,10,19, 188, 186, 185, 185, 185, 184, 184, 185, 185, 185, 185, 185, 187, 187, 186, 186, 187, 185, 186, 186, 186, 186, 186, 185
2010,14214020,214,CH4 ,10PPBC,10,20, 185, 186, 186, 186, 186, 187, 188, 188, 187, 187,9999,9999, 186, 186, 186, 187, 187, 187, 187, 187, 187, 187, 186, 187
2010,14214020,214,CH4 ,10PPBC,10,21, 187, 188, 186, 186, 187, 188, 188, 186, 189, 186, 185, 185, 185, 185, 186, 185, 185, 185, 185, 185, 185, 186, 186, 185
2010,14214020,214,CH4 ,10PPBC,10,22, 186, 187, 188, 187, 187, 187, 187, 187, 188, 187, 187, 187, 187, 188, 188, 190, 188, 187, 188, 188, 188, 188, 188, 188
2010,14214020,214,CH4 ,10PPBC,10,23, 188, 187, 187, 187, 187, 187, 187, 187, 188, 187, 187, 188, 187, 187, 188, 188, 189, 189, 189, 191, 192, 192, 200, 198
2010,14214020,214,CH4 ,10PPBC,10,24, 201, 199, 199, 197, 194, 191, 190, 192, 189, 190, 191, 191, 191, 191, 190, 190, 191, 191, 192, 189, 190, 191, 190, 191
2010,14214020,214,CH4 ,10PPBC,10,25, 191, 192, 190, 190, 190, 191, 194, 190, 190, 188, 188, 188, 187, 187, 188, 190, 191, 191, 192, 195, 194, 194, 192, 188
2010,14214020,214,CH4 ,10PPBC,10,26, 186, 184, 184, 185, 188, 188, 187, 189, 194, 196, 197, 190, 190, 194, 190, 189, 189, 189, 189, 190, 190, 189, 189, 189
2010,14214020,214,CH4 ,10PPBC,10,27, 189, 189, 188, 189, 188, 188, 189, 189, 190, 190, 189, 188, 188, 188, 188, 188, 189, 189, 189, 197, 201, 192, 191, 190
2010,14214020,214,CH4 ,10PPBC,10,28, 191, 190, 189, 188, 188, 188, 188, 188, 188,9999,9999, 187, 187, 187, 188, 188, 187, 188, 187, 187, 187, 186, 186, 186
2010,14214020,214,CH4 ,10PPBC,10,29, 187, 187, 188, 190, 192, 191, 191, 190, 190, 189, 190, 189, 189, 189, 189, 192, 190, 190, 190, 189, 188, 188, 188, 188
2010,14214020,214,CH4 ,10PPBC,10,30, 187, 186, 187, 186, 186, 186, 186, 187, 187, 187, 187, 187, 187, 187, 187, 186, 186, 186, 185, 185, 185, 185, 185, 184
2010,14214020,214,CH4 ,10PPBC,10,31, 184, 184, 184, 183, 183, 183, 184, 184, 184, 184, 184, 184, 184, 185, 185, 185, 185, 185, 185, 186, 185, 186, 186, 186
2010,14214020,214,CH4 ,10PPBC,11, 1, 186, 186, 186, 186, 185, 185, 184, 185, 186, 185, 187, 185, 185, 185, 185, 185, 186, 186, 187, 188, 193, 195, 200, 196
2010,14214020,214,CH4 ,10PPBC,11, 2, 197, 197, 198, 197, 202, 196, 197, 196, 193, 191, 189, 187, 186, 186, 185, 186, 186, 188, 197, 203, 203, 198, 200, 199
2010,14214020,214,CH4 ,10PPBC,11, 3, 208, 211, 204, 208, 212, 222, 204, 202, 193, 189, 190, 190, 191, 190, 188, 191, 195, 195, 189, 188, 189, 189, 188, 188
2010,14214020,214,CH4 ,10PPBC,11, 4, 187, 189, 193, 197, 193, 196, 191, 192, 193, 189, 190, 189, 189, 191, 190, 190, 194, 195, 196, 200, 201, 199, 201, 200
2010,14214020,214,CH4 ,10PPBC,11, 5, 197, 203, 208, 209, 218, 222, 206, 200, 193, 191,9999,9999, 188, 187, 187, 188, 190, 194, 197, 193, 197, 209, 209, 198
2010,14214020,214,CH4 ,10PPBC,11, 6, 196, 193, 194, 202, 201, 211, 209, 206, 194, 191, 188, 188, 188, 188, 187, 191, 191, 195, 194, 198, 200, 200, 204, 206
2010,14214020,214,CH4 ,10PPBC,11, 7, 202, 196, 200, 203, 213, 202, 208, 208, 201, 195, 191, 189, 188, 188, 189, 188, 189, 199, 201, 196, 196, 200, 200, 202
2010,14214020,214,CH4 ,10PPBC,11, 8, 201, 204, 203, 195, 207, 212, 210, 213, 195, 192, 190, 193, 193, 192, 191, 189, 189, 197, 204, 203, 202, 205, 203, 204
2010,14214020,214,CH4 ,10PPBC,11, 9, 206, 207, 215, 212, 219, 207, 197, 187, 187, 187, 187, 187, 187, 187, 187, 188, 189, 193, 196, 191, 192, 192, 192, 196
2010,14214020,214,CH4 ,10PPBC,11,10, 199, 210, 206, 208, 206, 205, 203, 204, 203, 196, 192, 190, 189, 188, 188, 187, 188, 195, 191, 189, 192, 198, 202, 202
2010,14214020,214,CH4 ,10PPBC,11,11, 206, 204, 206, 201, 202, 206, 208, 202, 197, 193, 190, 187, 189, 188, 189, 190, 190, 192, 195, 197, 196, 196, 197, 200
2010,14214020,214,CH4 ,10PPBC,11,12, 199, 205, 208, 217, 224, 212, 200, 216, 205, 195,9999,9999, 189, 188, 188, 188, 188, 188, 189, 188, 189, 194, 192, 197
2010,14214020,214,CH4 ,10PPBC,11,13, 198, 206, 206, 203, 206, 209, 204, 204, 202, 196, 190, 191, 188, 189, 192, 192, 193, 198, 200, 201, 198, 193, 192, 193
2010,14214020,214,CH4 ,10PPBC,11,14, 193, 200, 198, 199, 205, 204, 196, 193, 199, 199, 199, 198, 192, 190, 191, 192, 194, 196, 196, 198, 201, 202, 210, 197
2010,14214020,214,CH4 ,10PPBC,11,15, 204, 208, 219, 217, 218, 223, 215, 199, 197, 188, 189, 190, 188, 190, 191, 191, 192, 189, 188, 189, 189, 189, 190, 191
2010,14214020,214,CH4 ,10PPBC,11,16, 191, 190, 190, 190, 190, 191, 192, 192, 192, 191, 191, 190, 189, 189, 190, 193, 195, 195, 196, 195, 200, 199, 196, 194
2010,14214020,214,CH4 ,10PPBC,11,17, 192, 192, 192, 191, 192, 191, 190, 189, 189, 188, 188, 189, 189, 189, 189, 189, 190, 188, 187, 187, 187, 187, 188, 189
2010,14214020,214,CH4 ,10PPBC,11,18, 189, 188, 188, 187, 187, 187, 187, 188, 188, 188,9999, 188, 188, 188, 188, 187, 188, 188, 188, 188, 190, 189, 188, 190
2010,14214020,214,CH4 ,10PPBC,11,19, 191, 187, 188, 187, 188, 187, 187, 188, 190, 188, 188, 188, 188, 188, 189, 189, 192, 198, 194, 196, 200, 194, 192, 194
2010,14214020,214,CH4 ,10PPBC,11,20, 190, 190, 191, 190, 190, 192, 193, 191, 190, 189, 189, 188, 189, 188, 188, 190, 191, 191, 194, 191, 189, 189, 189, 188
2010,14214020,214,CH4 ,10PPBC,11,21, 188, 188, 188, 188, 190, 189, 189, 188, 189, 187, 188, 187, 187, 187, 187, 187, 189, 193, 194, 196, 193, 191, 192, 192
2010,14214020,214,CH4 ,10PPBC,11,22, 193, 197, 197, 201, 202, 193, 193, 193, 193, 191, 188, 188, 188, 187, 187, 190, 192, 191, 192, 192, 190, 191, 190, 191
2010,14214020,214,CH4 ,10PPBC,11,23, 190, 188, 187, 186, 183, 183, 184, 184, 185, 184, 187, 187, 188, 189, 188, 189, 191, 190, 191, 191, 191, 191, 196, 199
2010,14214020,214,CH4 ,10PPBC,11,24, 197, 191, 190, 190, 190, 189, 189, 189, 193, 190, 189,9999,9999, 192, 189, 191, 195, 196, 198, 194, 197, 208, 208, 200
2010,14214020,214,CH4 ,10PPBC,11,25, 197, 200, 203, 202, 201, 204, 201, 195, 194, 192, 193, 194, 194, 194, 195, 194, 196, 196, 195, 194, 193, 193, 193, 192
2010,14214020,214,CH4 ,10PPBC,11,26, 193, 196, 192, 191, 190, 193, 195, 197, 212, 198, 190, 189, 188, 189, 190, 197, 193, 193, 194, 196, 194, 192, 191, 193
2010,14214020,214,CH4 ,10PPBC,11,27, 189, 188, 189, 188, 188, 188, 189, 188, 190, 189, 189, 189, 189, 191, 190, 203, 197, 191, 195, 194, 198, 195, 196, 196
2010,14214020,214,CH4 ,10PPBC,11,28, 202, 211, 215, 207, 208, 207, 211, 200, 202, 192, 192, 190, 189, 188, 188, 188, 188, 189, 196, 199, 210, 211, 211, 209
2010,14214020,214,CH4 ,10PPBC,11,29, 207, 205, 207, 205, 209, 213, 212, 210, 201, 190, 191, 188, 188, 189, 189, 189, 192, 191, 190, 192, 195, 198, 199, 204
2010,14214020,214,CH4 ,10PPBC,11,30, 204, 212, 218, 209, 215, 211, 216, 212, 204, 192, 192, 191, 192, 190, 191, 191, 192, 193, 200, 202, 200, 196, 195, 196
2010,14214020,214,CH4 ,10PPBC,11,31,9998,9998,9998,9998,9998,9998,9998,9998,9998,9998,9998,9998,9998,9998,9998,9998,9998,9998,9998,9998,9998,9998,9998,9998
2010,14214020,214,CH4 ,10PPBC,12, 1, 196, 205, 215, 208, 204, 199, 198, 200, 207, 196, 190, 189, 190, 191, 190, 190, 194, 195, 197, 200, 206, 203, 195, 194
2010,14214020,214,CH4 ,10PPBC,12, 2, 195, 191, 191, 196, 199, 192, 195, 198, 195,9999,9999,9999, 189, 190, 191, 190, 191, 193, 194, 194, 192, 192, 193, 192
2010,14214020,214,CH4 ,10PPBC,12, 3, 192, 192, 192, 192, 193, 195, 196, 191, 187, 184, 184, 185, 186, 187, 187, 187, 186, 186, 188, 189, 190, 190, 190, 190
2010,14214020,214,CH4 ,10PPBC,12, 4, 190, 189, 189, 190, 191, 193, 195, 198, 198, 194, 190, 189, 190, 190, 189, 189, 190, 193, 193, 197, 202, 204, 205, 210
2010,14214020,214,CH4 ,10PPBC,12, 5, 209, 214, 204, 208, 213, 213, 208, 215, 200, 191, 190, 190, 191, 191, 191, 190, 191, 198, 202, 196, 199, 203, 202, 193
2010,14214020,214,CH4 ,10PPBC,12, 6, 194, 198, 201, 198, 204, 210, 217, 217, 202, 197, 193, 193, 190, 190, 190, 190, 191, 199, 204, 202, 199, 202, 206, 207
2010,14214020,214,CH4 ,10PPBC,12, 7, 206, 209, 210, 207, 199, 195, 194, 194, 195, 193, 193, 192, 191, 190, 190, 190, 191, 191, 190, 190, 191, 190, 190, 191
2010,14214020,214,CH4 ,10PPBC,12, 8, 190, 190, 190, 190, 190, 190, 191, 191, 192, 190, 191, 190, 190, 189, 189, 190, 193, 192, 192, 191, 193, 193, 191, 190
2010,14214020,214,CH4 ,10PPBC,12, 9, 189, 190, 193, 193, 191, 191, 193, 193, 192, 190, 190, 190, 190, 190, 191, 191, 191, 191, 190, 190, 193, 198, 203, 212
2010,14214020,214,CH4 ,10PPBC,12,10, 204, 205, 205, 199, 202, 205, 206, 205, 197, 192,9999,9999, 190, 190, 191, 191, 191, 193, 192, 192, 204, 208, 204, 204
2010,14214020,214,CH4 ,10PPBC,12,11, 201, 205, 209, 210, 206, 210, 211, 207, 202, 189, 188, 187, 186, 186, 187, 187, 186, 186, 187, 187, 186, 186, 186, 189
2010,14214020,214,CH4 ,10PPBC,12,12, 194, 202, 201, 196, 189, 189, 190, 190, 190, 191, 191, 189, 189, 189, 189, 190, 190, 190, 190, 191, 193, 191, 191, 190
2010,14214020,214,CH4 ,10PPBC,12,13, 189, 189, 188, 188, 188, 188, 188, 188, 190, 188, 187, 187, 187, 187, 188, 189, 190, 189, 189, 189, 190, 191, 192, 192
2010,14214020,214,CH4 ,10PPBC,12,14, 193, 195, 193, 192, 190, 189, 189, 190, 193, 194, 195, 195, 196, 195, 192, 193, 196, 201, 198, 200, 203, 227, 198, 197
2010,14214020,214,CH4 ,10PPBC,12,15, 208, 210, 199, 204, 198, 195, 193, 193, 195, 193, 191, 190, 189, 189, 187, 189, 193, 193, 190, 189, 189, 190, 192, 192
2010,14214020,214,CH4 ,10PPBC,12,16, 192, 193, 192, 193, 192, 192, 191, 192, 194, 191,9999,9999, 194, 195, 197, 196, 196, 195, 195, 195, 196, 196, 198, 196
2010,14214020,214,CH4 ,10PPBC,12,17, 197, 207, 209, 208, 213, 209, 205, 207, 203, 195, 190, 190, 191, 192, 191, 192, 195, 198, 200, 197, 199, 196, 195, 201
2010,14214020,214,CH4 ,10PPBC,12,18, 208, 207, 208, 203, 208, 207, 206, 202, 199, 196, 193, 193, 194, 193, 193, 194, 196, 192, 191, 192, 194, 196, 195, 205
2010,14214020,214,CH4 ,10PPBC,12,19, 212, 208, 193, 193, 191, 191, 190, 189, 190, 191, 190, 191, 190, 191, 192, 192, 198, 206, 203, 204, 203, 200, 207, 203
2010,14214020,214,CH4 ,10PPBC,12,20, 201, 199, 201, 212, 213, 209, 209, 210, 209, 197, 190, 188, 187, 187, 188, 190, 190, 192, 197, 199, 192, 188, 194, 211
2010,14214020,214,CH4 ,10PPBC,12,21, 205, 204, 193, 190, 201, 203, 203, 198, 197, 192, 190, 192, 191, 190, 190, 190, 190, 190, 189, 189, 189, 189, 189, 189
2010,14214020,214,CH4 ,10PPBC,12,22, 189, 189, 189, 189, 189, 189, 192, 196, 203, 196, 192,9999,9999, 187, 187, 188, 191, 194, 196, 195, 196, 199, 200, 197
2010,14214020,214,CH4 ,10PPBC,12,23, 198, 199, 197, 200, 206, 206, 197, 197, 196, 193, 191, 190, 188, 188, 187, 188, 190, 199, 199, 197, 200, 197, 202, 203
2010,14214020,214,CH4 ,10PPBC,12,24, 207, 199, 201, 209, 200, 189, 189, 189, 190, 190, 190, 190, 190, 190, 190, 189, 188, 194, 194, 199, 204, 201, 196, 197
2010,14214020,214,CH4 ,10PPBC,12,25, 205, 208, 208, 206, 190, 188, 188, 188, 188, 189, 189, 189, 189, 188, 188, 188, 189, 188, 188, 188, 188, 188, 188, 188
2010,14214020,214,CH4 ,10PPBC,12,26, 188, 188, 189, 188, 188, 188, 188, 188, 188, 188, 188, 188, 188, 188, 188, 188, 188, 187, 188, 188, 188, 188, 188, 190
2010,14214020,214,CH4 ,10PPBC,12,27, 194, 196, 204, 203, 194, 191, 189, 189, 190, 189, 190, 190, 190, 189, 189, 190, 190, 194, 202, 206, 208, 205, 212, 204
2010,14214020,214,CH4 ,10PPBC,12,28, 206, 212, 211, 212, 211, 216, 206, 214, 207, 198,9999, 190, 189, 188, 188, 188, 188, 189, 190, 188, 188, 188, 193, 197
2010,14214020,214,CH4 ,10PPBC,12,29, 208, 200, 201, 199, 206, 204, 202, 202, 201, 198, 194, 191, 192, 191, 190, 191, 191, 199, 192, 192, 195, 198, 209, 205
2010,14214020,214,CH4 ,10PPBC,12,30, 203, 205, 205, 207, 204, 204, 205, 202,9999,9999,9999,9999,9999,9999,9999, 196, 197, 194, 192, 192, 193, 194, 196, 196
2010,14214020,214,CH4 ,10PPBC,12,31, 195, 195, 197, 196, 198, 205, 205, 205, 197, 195, 192, 190, 189, 189, 189, 189, 190, 198, 200, 201, 204, 208, 203, 199
2010,14214020,214,CH4 ,10PPBC, 1, 1, 208, 204, 202, 204, 210, 208, 208, 216, 213, 200, 199, 191, 191, 190, 191, 191, 197, 201, 201, 191, 193, 195, 191, 190
2010,14214020,214,CH4 ,10PPBC, 1, 2, 191, 197, 202, 192, 198, 201, 193, 196, 194, 191, 189, 189, 189, 188, 188, 187, 189, 197, 200, 200, 198, 199, 192, 193
2010,14214020,214,CH4 ,10PPBC, 1, 3, 199, 194, 200, 195, 196, 203, 192, 192, 191, 187, 187, 189, 188, 188, 188, 189, 191, 196, 197, 192, 191, 191, 193, 191
2010,14214020,214,CH4 ,10PPBC, 1, 4, 189, 189, 189, 188, 188, 188, 189, 189, 190, 191, 191, 190, 190, 190, 189, 189, 192, 195, 194, 206, 197, 200, 201, 204
2010,14214020,214,CH4 ,10PPBC, 1, 5, 204, 208, 209, 212, 214, 206, 206, 211, 206, 201,9999, 188, 187, 187, 187, 187, 187, 187, 187, 187, 187, 188, 187, 187
2010,14214020,214,CH4 ,10PPBC, 1, 6, 187, 188, 188, 187, 187, 187, 189, 191, 193, 191, 190, 189, 188, 187, 189, 189, 190, 189, 190, 191, 199, 204, 196, 197
2010,14214020,214,CH4 ,10PPBC, 1, 7, 204, 200, 194, 189, 190, 195, 189, 192, 194, 190, 188, 189, 189, 189, 189, 189, 190, 192, 202, 210, 201, 196, 192, 201
2010,14214020,214,CH4 ,10PPBC, 1, 8, 213, 207, 208, 203, 203, 204, 211, 206, 197, 192, 191, 193, 188, 188, 187, 188, 188, 190, 191, 197, 199, 204, 207, 212
2010,14214020,214,CH4 ,10PPBC, 1, 9, 208, 204, 205, 199, 196, 194, 195, 194, 194, 190, 187, 186, 186, 187, 188, 188, 190, 191, 191, 191, 189, 189, 189, 190
2010,14214020,214,CH4 ,10PPBC, 1,10, 189, 189, 190, 190, 191, 193, 197, 199, 195, 192, 191, 190, 190, 190, 190, 190, 190, 191, 203, 201, 200, 201, 193, 192
2010,14214020,214,CH4 ,10PPBC, 1,11, 191, 193, 196, 194, 201, 200, 206, 202, 204, 194, 192, 192, 192, 190, 190, 191, 190, 196, 198, 206, 196, 198, 201, 197
2010,14214020,214,CH4 ,10PPBC, 1,12, 194, 194, 195, 195, 195, 196, 196, 196, 195, 194,9999,9999, 193, 193, 190, 191, 192, 193, 192, 190, 190, 190, 191, 193
2010,14214020,214,CH4 ,10PPBC, 1,13, 202, 207, 207, 204, 204, 193, 191, 193, 197, 193, 190, 189, 190, 190, 190, 190, 190, 190, 190, 190, 191, 191, 191, 192
2010,14214020,214,CH4 ,10PPBC, 1,14, 193, 192, 192, 198, 207, 205, 208, 208, 198, 193, 191, 191, 192, 191, 192, 191, 190, 194, 199, 199, 201, 203, 196, 196
2010,14214020,214,CH4 ,10PPBC, 1,15, 195, 197, 203, 210, 203, 201, 203, 202, 200, 193, 190, 191, 191, 192, 190, 193, 194, 198, 197, 200, 210, 208, 211, 198
2010,14214020,214,CH4 ,10PPBC, 1,16, 201, 202, 202, 203, 203, 193, 191, 191, 193, 191, 190, 190, 190, 190, 190, 190, 190, 190, 193, 194, 195, 195, 190, 189
2010,14214020,214,CH4 ,10PPBC, 1,17, 190, 190, 196, 203, 199, 198, 200, 201, 197, 196, 194, 189, 188, 188, 188, 187, 187, 187, 187, 187, 189, 193, 200, 203
2010,14214020,214,CH4 ,10PPBC, 1,18, 203, 200, 207, 204, 208, 204, 200, 200, 201, 199, 192, 191, 189, 190, 188, 188, 189, 191, 193, 196, 198, 197, 191, 189
2010,14214020,214,CH4 ,10PPBC, 1,19, 191, 197, 204, 206, 202, 207, 215, 210, 202, 192, 189, 189, 189, 189, 190, 190, 191, 193, 196, 197, 190, 191, 191, 190
2010,14214020,214,CH4 ,10PPBC, 1,20, 189, 191, 201, 208, 209, 199, 204, 201, 200, 191, 191, 190, 189, 188, 187, 188, 189, 191, 190, 191, 192, 192, 192, 201
2010,14214020,214,CH4 ,10PPBC, 1,21, 203, 204, 197, 196, 197, 199, 191, 190, 190, 190,9999,9999,9999, 189, 188, 188, 189, 189, 195, 203, 200, 196, 198, 194
2010,14214020,214,CH4 ,10PPBC, 1,22, 193, 192, 191, 192, 190, 191, 190, 194, 198, 195, 193, 188, 188, 188, 187, 187, 188, 190, 198, 194, 190, 189, 188, 188
2010,14214020,214,CH4 ,10PPBC, 1,23, 190, 197, 195, 197, 203, 202, 202, 200, 200, 196, 193, 189, 191, 191, 190, 192, 196, 197, 200, 204, 193, 192, 191, 191
2010,14214020,214,CH4 ,10PPBC, 1,24, 192, 191, 191, 192, 192, 192, 192, 192, 192, 191, 191, 191, 192, 191, 192, 192, 192, 192, 192, 191, 191, 191, 189, 190
2010,14214020,214,CH4 ,10PPBC, 1,25, 189, 190, 192, 192, 192, 192, 193, 196, 196, 194, 192, 192, 191, 191, 191, 191, 191, 194, 200, 194, 191, 191, 193, 195
2010,14214020,214,CH4 ,10PPBC, 1,26, 196, 199, 204, 207, 207, 204, 204, 204, 203, 196,9999,9999,9999,9999,9999,9999,9999,9999,9999,9999,9999,9999,9999,9999
2010,14214020,214,CH4 ,10PPBC, 1,27,9999,9999,9999,9999,9999,9999,9999,9999,9999,9999,9999,9999,9999,9999,9999,9999,9999,9999,9999,9999,9999,9999,9999,9999
2010,14214020,214,CH4 ,10PPBC, 1,28,9999,9999,9999,9999,9999,9999,9999,9999,9999,9999,9999,9999,9999,9999,9999,9999,9999,9999,9999,9999,9999,9999,9999,9999
2010,14214020,214,CH4 ,10PPBC, 1,29,9999,9999,9999,9999,9999,9999,9999,9999,9999,9999,9999,9999,9999,9999,9999,9999,9999,9999,9999,9999,9999,9999,9999,9999
2010,14214020,214,CH4 ,10PPBC, 1,30,9999,9999,9999,9999,9999,9999,9999,9999,9999,9999,9999,9999,9999,9999,9999,9999,9999,9999,9999,9999,9999,9999,9999,9999
2010,14214020,214,CH4 ,10PPBC, 1,31,9999,9999,9999,9999,9999,9999,9999,9999,9999,9999,9999,9999, 189, 189, 189, 189, 189, 192, 196, 197, 199, 195, 203, 202
2010,14214020,214,CH4 ,10PPBC, 2, 1, 212, 212, 208, 210, 214, 212, 214, 214, 202, 202, 192, 190, 189, 189, 189, 188, 189, 192, 205, 199, 207, 209, 214, 207
2010,14214020,214,CH4 ,10PPBC, 2, 2, 207, 212, 212, 211, 201, 194, 191, 192, 194, 193, 192, 192, 192, 192, 194, 193, 191, 191, 196, 202, 195, 196, 196, 195
2010,14214020,214,CH4 ,10PPBC, 2, 3, 194, 194, 195, 195, 199, 196, 200, 207, 205, 194, 193, 192, 192, 191, 194, 197, 195, 195, 194, 195, 197, 194, 191, 194
2010,14214020,214,CH4 ,10PPBC, 2, 4, 202, 205, 215, 211, 207, 203, 202, 206, 198, 197,9999,9999,9999, 191, 191, 189, 189, 196, 196, 200, 201, 204, 208, 197
2010,14214020,214,CH4 ,10PPBC, 2, 5, 193, 191, 193, 195, 198, 194, 193, 194, 194, 192, 192, 193, 192, 191, 192, 194, 195, 198, 198, 203, 196, 192, 195, 195
2010,14214020,214,CH4 ,10PPBC, 2, 6, 194, 196, 198, 196, 196, 195, 195, 195, 196, 195, 195, 195, 195, 195, 197, 196, 194, 194, 207, 205, 200, 198, 197, 198
2010,14214020,214,CH4 ,10PPBC, 2, 7, 200, 210, 216, 212, 215, 212, 209, 213, 205, 192, 191, 190, 190, 190, 190, 190, 191, 191, 191, 191, 191, 193, 192, 193
2010,14214020,214,CH4 ,10PPBC, 2, 8, 194, 198, 193, 192, 191, 192, 192, 203, 196, 193, 193, 192, 190, 191, 194, 195, 196, 196, 197, 200, 199, 194, 192, 190
2010,14214020,214,CH4 ,10PPBC, 2, 9, 190, 190, 190, 189, 190, 190, 191, 189, 192,9999, 191, 191, 190, 190, 190, 189, 190, 190, 191, 200, 193, 197, 197, 200
2010,14214020,214,CH4 ,10PPBC, 2,10, 208, 201, 204, 196, 191, 190, 191, 191, 193, 193, 192, 190, 191, 190, 190, 190, 191, 191, 195, 193, 191, 191, 192, 191
2010,14214020,214,CH4 ,10PPBC, 2,11, 190, 191, 192, 191, 190, 188, 189, 189, 191, 190, 190, 188, 189, 190, 189, 190, 190, 190, 191, 190, 189, 189, 188, 188
2010,14214020,214,CH4 ,10PPBC, 2,12, 188, 188, 188, 187, 188, 188, 188, 188, 188, 188, 188, 188, 187, 187, 188, 189, 189, 188, 188, 189, 193, 194, 192, 193
2010,14214020,214,CH4 ,10PPBC, 2,13, 200, 200, 203, 193, 200, 200, 200, 203, 195, 197, 191, 190, 190, 190, 189, 189, 189, 193, 195, 191, 190, 190, 190, 192
2010,14214020,214,CH4 ,10PPBC, 2,14, 191, 190, 193, 191, 192, 192, 191, 193, 193, 192, 192, 191, 193, 193, 193, 194, 194, 193, 193, 192, 191, 191, 190, 190
2010,14214020,214,CH4 ,10PPBC, 2,15, 190, 190, 189, 189, 189, 189, 190, 191, 192, 191, 190, 191, 191, 190, 190, 192, 192, 191, 191, 191, 193, 193, 196, 205
2010,14214020,214,CH4 ,10PPBC, 2,16, 204, 203, 205, 206, 213, 207, 210, 208, 199, 195, 192, 193, 194, 193, 192, 192, 192, 192, 192, 193, 200, 203, 200, 200
2010,14214020,214,CH4 ,10PPBC, 2,17, 208, 212, 202, 204, 205, 207, 200, 196, 199, 195, 196, 200, 198, 193, 189, 187, 187, 188, 188, 188, 188, 189, 188, 188
2010,14214020,214,CH4 ,10PPBC, 2,18, 186, 187, 192, 193, 195, 186, 184, 187, 193, 190,9999,9999, 188, 188, 189, 189, 188, 188, 190, 190, 190, 190, 190, 190
2010,14214020,214,CH4 ,10PPBC, 2,19, 189, 189, 190, 190, 191, 192, 192, 192, 193, 192, 191, 192, 192, 191, 191, 191, 191, 191, 195, 193, 194, 194, 195, 196
2010,14214020,214,CH4 ,10PPBC, 2,20, 195, 195, 193, 193, 193, 193, 193, 193, 192, 192, 191, 192, 190, 190, 190, 190, 190, 192, 192, 191, 191, 191, 190, 190
2010,14214020,214,CH4 ,10PPBC, 2,21, 190, 190, 190, 190, 190, 190, 190, 190, 192, 192, 191, 191, 191, 190, 190, 190, 190, 190, 191, 191, 191, 192, 193, 191
2010,14214020,214,CH4 ,10PPBC, 2,22, 191, 191, 191, 190, 191, 190, 190, 191, 193, 194, 195, 193, 192, 191, 191, 191, 191, 191, 196, 195, 193, 195, 194, 193
2010,14214020,214,CH4 ,10PPBC, 2,23, 194, 194, 192, 191, 191, 191, 191, 191, 191, 190, 190, 190, 190, 191, 193, 192, 190, 191, 192, 196, 195, 208, 215, 203
2010,14214020,214,CH4 ,10PPBC, 2,24, 193, 193, 192, 192, 195, 196, 195, 202, 193, 193,9999,9999,9999, 188, 188, 188, 189, 188, 189, 188, 189, 190, 192, 191
2010,14214020,214,CH4 ,10PPBC, 2,25, 188, 188, 187, 186, 185, 186, 186, 187, 187, 184, 184, 184, 184, 184, 184, 184, 184, 184, 185, 186, 187, 190, 191, 190
2010,14214020,214,CH4 ,10PPBC, 2,26, 190, 190, 190, 190, 190, 190, 190, 190, 192, 191, 192, 191, 192, 192, 192, 192, 191, 192, 192, 192, 192, 192, 199, 197
2010,14214020,214,CH4 ,10PPBC, 2,27, 194, 201, 195, 194, 198, 199, 202, 199, 195, 194, 194, 188, 189, 188, 187, 187, 187, 186, 187, 189, 192, 191, 192, 194
2010,14214020,214,CH4 ,10PPBC, 2,28, 194, 194, 193, 192, 192, 191, 191, 191, 191, 191, 193, 190, 193, 190, 189, 189, 190, 189, 189, 189, 189, 189, 189, 189
2010,14214020,214,CH4 ,10PPBC, 2,29,9998,9998,9998,9998,9998,9998,9998,9998,9998,9998,9998,9998,9998,9998,9998,9998,9998,9998,9998,9998,9998,9998,9998,9998
2010,14214020,214,CH4 ,10PPBC, 2,30,9998,9998,9998,9998,9998,9998,9998,9998,9998,9998,9998,9998,9998,9998,9998,9998,9998,9998,9998,9998,9998,9998,9998,9998
2010,14214020,214,CH4 ,10PPBC, 2,31,9998,9998,9998,9998,9998,9998,9998,9998,9998,9998,9998,9998,9998,9998,9998,9998,9998,9998,9998,9998,9998,9998,9998,9998
2010,14214020,214,CH4 ,10PPBC, 3, 1, 189, 189, 189, 190, 190, 189, 189, 190, 191, 190, 192, 192, 191, 191, 191, 191, 191, 191, 191, 191, 191, 191, 192, 192
2010,14214020,214,CH4 ,10PPBC, 3, 2, 191, 190, 193, 193, 194, 196, 196, 192, 196, 194, 193, 192, 191, 191, 192, 192, 188, 187, 192, 194, 202, 204, 204, 205
2010,14214020,214,CH4 ,10PPBC, 3, 3, 201, 192, 194, 192, 194, 189, 189, 189, 190, 190, 189, 189, 188, 189, 189, 189, 189, 189, 189, 189, 189, 189, 192, 190
2010,14214020,214,CH4 ,10PPBC, 3, 4, 192, 192, 194, 197, 200, 199, 196, 195, 190, 189,9999,9999, 189, 189, 189, 190, 190, 190, 191, 193, 193, 200, 203, 206
2010,14214020,214,CH4 ,10PPBC, 3, 5, 205, 198, 204, 205, 209, 213, 204, 202, 194, 190, 191, 191, 190, 190, 190, 189, 189, 190, 191, 191, 193, 191, 192, 192
2010,14214020,214,CH4 ,10PPBC, 3, 6, 192, 196, 199, 200, 202, 201, 203, 204, 198, 192, 191, 190, 190, 190, 190, 191, 191, 192, 193, 203, 198, 204, 204, 200
2010,14214020,214,CH4 ,10PPBC, 3, 7, 199, 206, 193, 188, 188, 188, 187, 188, 189, 188, 188, 188, 188, 188, 189, 189, 190, 190, 189, 190, 191, 193, 194, 193
2010,14214020,214,CH4 ,10PPBC, 3, 8, 193, 191, 191, 194, 199, 200, 194, 193, 194, 192, 192, 191, 191, 191, 191, 192, 192, 191, 193, 195, 196, 197, 202, 209
2010,14214020,214,CH4 ,10PPBC, 3, 9, 198, 197, 195, 206, 204, 206, 212, 208, 195, 192, 192, 191, 189, 189, 189, 188, 188, 188, 188, 188, 188, 188, 190, 189
2010,14214020,214,CH4 ,10PPBC, 3,10, 189, 190, 190, 189, 190, 192, 191, 192, 192, 191,9999,9999, 190, 189, 190, 190, 190, 192, 192, 190, 191, 191, 194, 199
2010,14214020,214,CH4 ,10PPBC, 3,11, 203, 200, 196, 194, 196, 196, 197, 196, 195, 190, 189, 189, 188, 188,9999,9999,9999,9999,9999,9999,9999,9999, 188, 196
2010,14214020,214,CH4 ,10PPBC, 3,12, 198, 199, 206, 202, 204, 205, 206, 200, 197, 191, 190, 190, 190, 190, 191, 190, 191, 192, 193, 193, 192, 190, 195, 201
2010,14214020,214,CH4 ,10PPBC, 3,13, 198, 202, 212, 206, 211, 208, 212, 204, 197, 193, 191, 192, 191, 191, 190, 189, 189, 189, 188, 188, 203, 202, 206, 205
2010,14214020,214,CH4 ,10PPBC, 3,14, 207, 203, 206, 222, 207, 205, 210, 201, 192, 188, 187, 186, 186, 185, 185, 185, 185, 185, 185, 185, 185, 185, 186, 189
2010,14214020,214,CH4 ,10PPBC, 3,15, 196, 200, 202, 194, 188, 186, 187, 188, 190, 190, 190, 190, 191, 191, 191, 193, 195, 195, 192, 193, 193, 197, 193, 192
2010,14214020,214,CH4 ,10PPBC, 3,16, 196, 193, 190, 191, 191, 191, 191, 192, 191, 191, 190, 189, 189, 187, 188, 189, 189, 190, 189, 190, 190, 190, 192, 198
2010,14214020,214,CH4 ,10PPBC, 3,17, 199, 200, 199, 193, 200, 201, 202, 194, 192, 191, 189, 189, 190, 189,9999,9999,9999,9999, 189, 192, 193, 194, 194, 193
2010,14214020,214,CH4 ,10PPBC, 3,18, 193, 195, 197, 202, 199, 199, 198, 195, 193, 193, 192, 189, 189, 189,9999,9999, 188, 188, 190,9999,9999,9999, 188, 189
2010,14214020,214,CH4 ,10PPBC, 3,19, 189, 188, 192, 188, 188, 187, 187, 187, 187, 187, 187, 187, 187, 186, 186, 185, 185, 186, 186, 188, 193, 196, 200, 202
2010,14214020,214,CH4 ,10PPBC, 3,20, 199, 210, 204, 206, 214, 211, 214, 204, 194, 188, 187, 187, 188, 189, 188, 187, 186, 186, 185, 185, 185, 184, 184, 184
2010,14214020,214,CH4 ,10PPBC, 3,21, 184, 184, 184, 183, 184, 183, 187, 190, 191, 190, 192, 192, 192, 193, 190, 190, 188, 189, 189, 190, 191, 191, 191, 191
2010,14214020,214,CH4 ,10PPBC, 3,22, 189, 188, 189, 188, 191, 191, 191, 191, 190, 190, 190, 190, 190, 190, 189, 190, 189, 189, 192, 192, 194, 191, 190, 191
2010,14214020,214,CH4 ,10PPBC, 3,23, 190, 189, 189, 190, 190, 190, 189, 189, 191, 190, 189, 189, 189,9999, 190, 189, 191, 189, 193,9999,9999, 187, 188, 189
2010,14214020,214,CH4 ,10PPBC, 3,24, 188, 190, 191, 190, 190, 189, 189, 190, 191, 191, 191, 191, 191, 190, 191, 188, 188, 189, 188, 188, 187, 191, 192, 198
2010,14214020,214,CH4 ,10PPBC, 3,25, 203, 205, 203, 204, 203, 210, 206, 196, 193, 197, 195, 192, 190, 189, 188, 188, 188, 188, 189, 188, 192, 198,9999, 210
2010,14214020,214,CH4 ,10PPBC, 3,26, 197, 196, 190, 194, 203, 205, 202, 195, 193, 190, 190, 189, 189, 189, 189, 189, 189, 189, 189, 189, 189, 189, 190, 190
2010,14214020,214,CH4 ,10PPBC, 3,27, 190, 190, 197, 203, 199, 203, 201, 193, 191, 189, 189, 189, 188, 188, 188, 188, 188, 189, 193, 195, 194, 198, 189, 188
2010,14214020,214,CH4 ,10PPBC, 3,28, 189, 189, 189, 189, 190, 189, 190, 192, 189, 189, 190, 189, 189, 189, 190, 189, 188, 188, 189, 189, 189, 195, 193, 192
2010,14214020,214,CH4 ,10PPBC, 3,29, 190, 190, 191, 200, 193, 196, 200, 193, 192, 189, 188, 188, 188, 188, 188, 188, 188, 188, 189, 189, 191, 200, 197, 194
2010,14214020,214,CH4 ,10PPBC, 3,30, 203, 189, 189, 189, 189, 190, 190, 190, 190, 190,9999,9999, 190, 189, 188, 188, 188, 188, 189, 194, 191, 191, 189, 189
2010,14214020,214,CH4 ,10PPBC, 3,31, 189, 190, 190, 190, 190, 190, 191, 190, 190, 189, 189, 189, 189, 189, 189, 188, 188, 187, 189, 189, 192, 192, 190, 189
2010,14215010,215,CH4 ,10PPBC, 4, 1, 194, 194, 193, 190, 187, 186, 188, 184, 183, 182, 182, 182, 182, 181, 181, 181, 181, 181, 181, 181, 180, 181, 181, 180
2010,14215010,215,CH4 ,10PPBC, 4, 2, 180, 180, 179, 179, 178, 178, 178, 178, 179, 179, 178, 179,9999,9999,9999,9999,9999, 186, 186, 188, 188, 189, 186, 187
2010,14215010,215,CH4 ,10PPBC, 4, 3, 187, 184, 184, 183, 183, 184, 184, 185, 186, 186, 186, 186, 185, 184, 184, 184, 185, 185, 186, 188, 189, 189, 188, 189
2010,14215010,215,CH4 ,10PPBC, 4, 4, 189, 187, 187, 187, 187, 187, 189, 189, 189, 189, 189, 189, 189, 189, 189, 189, 189, 189, 189, 189, 189, 190, 189, 188
2010,14215010,215,CH4 ,10PPBC, 4, 5, 188, 187, 187, 187, 187, 187, 187, 187, 188, 189, 189, 189, 188, 187, 188, 191, 190, 188, 189, 188, 191, 190, 190, 189
2010,14215010,215,CH4 ,10PPBC, 4, 6, 187, 186, 188, 186, 188, 187, 188, 190, 187, 185, 184, 186, 185, 186, 183, 184, 185, 185, 185, 185, 185, 185, 187, 188
2010,14215010,215,CH4 ,10PPBC, 4, 7, 190, 183, 182, 181, 182, 185, 187, 188, 188, 188, 188, 189, 191, 192, 188, 193, 188, 191, 190, 188, 188, 187, 188, 188
2010,14215010,215,CH4 ,10PPBC, 4, 8, 187, 186, 186, 186, 186, 186, 186, 186, 186, 186, 186, 186, 186, 187, 188, 188, 187, 188, 188, 188, 188, 188, 189, 190
2010,14215010,215,CH4 ,10PPBC, 4, 9, 189, 188, 189, 189, 188, 188, 189, 190, 189, 189, 188, 191, 186,9999, 186, 186, 185, 185, 185, 186, 189, 192, 191, 189
2010,14215010,215,CH4 ,10PPBC, 4,10, 186, 185, 184, 184, 184, 185, 186, 186, 185, 185, 185, 185, 185, 186, 184, 185, 186, 184, 184, 185, 185, 184, 186, 186
2010,14215010,215,CH4 ,10PPBC, 4,11, 186, 187, 188, 186, 185, 185, 185, 184, 184, 184, 185, 186, 185, 185, 185, 185, 185, 186, 189, 186, 186, 187, 187, 186
2010,14215010,215,CH4 ,10PPBC, 4,12, 186, 185, 184, 185, 184, 184, 184, 185, 185, 186, 186, 187, 187, 186, 186, 186, 185, 185, 185, 184, 184, 183, 183, 182
2010,14215010,215,CH4 ,10PPBC, 4,13, 181, 181, 180, 180, 180, 180, 181, 181, 181,9999,9999,9999,9999, 181, 181, 182, 181, 182, 181, 181, 181, 181, 181, 184
2010,14215010,215,CH4 ,10PPBC, 4,14, 186, 184, 183, 183, 183, 183, 183, 184, 184, 184, 184, 185, 186, 186, 185, 185, 185, 185, 185, 186, 186, 187, 187, 186
2010,14215010,215,CH4 ,10PPBC, 4,15, 184, 185, 185, 184, 183, 183, 183, 183, 184, 184, 184, 184, 184, 186, 186, 187, 188, 190, 189, 188, 193, 193, 190, 190
2010,14215010,215,CH4 ,10PPBC, 4,16, 189, 189, 187, 185, 185, 184, 184, 185, 185, 185, 186, 185, 186, 186, 186, 185, 184, 184, 184, 184, 184, 184, 184, 183
2010,14215010,215,CH4 ,10PPBC, 4,17, 183, 183, 182, 181, 181, 181, 181, 181, 182, 184, 184, 182, 184, 184, 183, 183, 184, 185, 185, 185, 187, 188, 188, 190
2010,14215010,215,CH4 ,10PPBC, 4,18, 191, 194, 196, 195, 191, 194, 195, 190, 186,9999,9999,9999,9999,9999, 186, 185, 185, 186, 186, 187, 188, 189, 190, 188
2010,14215010,215,CH4 ,10PPBC, 4,19, 187, 188, 187, 188, 188, 187, 187, 187, 188, 189, 188, 187, 186,9999, 187, 186, 186, 187, 187, 187, 188, 187, 187, 187
2010,14215010,215,CH4 ,10PPBC, 4,20, 187, 186, 186, 186, 184, 184, 184, 183, 182, 182, 182, 181, 181, 181, 182, 182, 182, 182, 184, 184, 185, 184, 187, 188
2010,14215010,215,CH4 ,10PPBC, 4,21, 185, 184, 185, 185, 184, 185, 187, 185, 183, 184, 184, 183, 182, 181, 181, 182, 182, 183, 183, 183, 183, 183, 185, 186
2010,14215010,215,CH4 ,10PPBC, 4,22, 187, 186, 187, 190, 190, 187, 187, 187, 187, 187, 188, 186, 185, 185, 185, 185, 185, 185, 184, 184, 185, 184, 184, 184
2010,14215010,215,CH4 ,10PPBC, 4,23, 185, 183, 182, 183, 183, 184, 184, 184, 184, 184, 183, 183, 183, 184, 184, 183, 184, 185, 186, 188, 188, 186, 187, 188
2010,14215010,215,CH4 ,10PPBC, 4,24, 187, 186, 186, 185, 185, 185, 184, 185, 184, 184, 184, 183, 183, 184, 184, 185, 185, 185, 185, 185, 186, 186, 187, 186
2010,14215010,215,CH4 ,10PPBC, 4,25, 187, 187, 186, 184, 184, 183, 183, 184, 185, 185, 185, 186, 186, 185, 185, 185, 185, 185, 186, 185, 185, 187, 189, 188
2010,14215010,215,CH4 ,10PPBC, 4,26, 189, 191, 189, 189, 190, 188, 186, 185, 185, 185, 185, 186, 186, 187, 188, 187, 187, 186, 186, 186, 187, 191, 191, 190
2010,14215010,215,CH4 ,10PPBC, 4,27, 193, 189, 188, 187, 187, 187, 186, 187, 187, 187, 187, 187, 187, 187, 188, 187, 185, 185, 186, 188, 190, 190, 191, 191
2010,14215010,215,CH4 ,10PPBC, 4,28, 190, 186, 183, 183, 183, 183, 184, 187, 183, 182, 182, 183, 183,9999, 183, 183, 183, 183, 183, 184, 186, 186, 187, 191
2010,14215010,215,CH4 ,10PPBC, 4,29, 193, 186, 186, 186, 184, 181, 181, 181, 181, 180, 180, 180, 180, 181, 181, 181, 182, 183, 184, 184, 183, 183, 184, 184
2010,14215010,215,CH4 ,10PPBC, 4,30, 184, 184, 184, 184, 183, 183, 183, 183, 184, 184, 184, 184, 184, 183, 184, 184, 184, 184, 184, 185, 185, 185, 185, 185
2010,14215010,215,CH4 ,10PPBC, 4,31,9998,9998,9998,9998,9998,9998,9998,9998,9998,9998,9998,9998,9998,9998,9998,9998,9998,9998,9998,9998,9998,9998,9998,9998
2010,14215010,215,CH4 ,10PPBC, 5, 1, 185, 185, 186, 185, 186, 185, 187, 185, 186, 185, 185, 184, 184, 184, 184, 185, 185, 185, 186, 187, 186, 187, 187, 189
2010,14215010,215,CH4 ,10PPBC, 5, 2, 189, 188, 188, 185, 186, 186, 185, 184, 185, 186, 186, 186, 186, 186, 186, 186, 186, 186, 186, 187, 187, 188, 190, 191
2010,14215010,215,CH4 ,10PPBC, 5, 3, 191, 188, 192, 192, 191, 191, 187, 186, 185, 187, 187, 186, 186, 184, 184, 184, 184, 184, 184, 184, 184, 184, 184, 184
2010,14215010,215,CH4 ,10PPBC, 5, 4, 184, 185, 187, 187, 189, 187, 186, 186, 187, 185, 185, 184, 183, 183, 184, 185, 186, 185, 185, 185, 185, 185, 188, 190
2010,14215010,215,CH4 ,10PPBC, 5, 5, 194, 191, 195, 191, 191, 194, 185, 185, 187, 187, 187, 187, 186, 186, 184, 183, 184, 185, 185, 185, 185, 185, 184, 186
2010,14215010,215,CH4 ,10PPBC, 5, 6, 185, 188, 189, 189, 191, 190, 183, 185, 181, 180, 179, 179, 180, 179, 179, 179, 178, 178, 179, 179, 178, 178, 178, 178
2010,14215010,215,CH4 ,10PPBC, 5, 7, 178, 178, 178, 178, 178, 177, 176, 177, 178, 177,9999,9999,9999, 176, 175, 176, 176, 176, 176, 175, 175, 180, 181, 182
2010,14215010,215,CH4 ,10PPBC, 5, 8, 181, 179, 180, 180, 179, 179, 180, 179, 180, 181, 182, 183, 183, 182, 182, 182, 181, 181, 182, 182, 182, 182, 183, 184
2010,14215010,215,CH4 ,10PPBC, 5, 9, 183, 184, 184, 184, 183, 182, 181, 182, 183, 183, 183, 183, 186, 187, 187, 187, 186, 187, 187, 187, 187, 188, 191, 186
2010,14215010,215,CH4 ,10PPBC, 5,10, 187, 185, 185, 185, 185, 186, 186, 185, 185, 185, 185, 184, 185, 185, 185, 184, 184, 185, 186, 187, 185, 187, 186, 186
2010,14215010,215,CH4 ,10PPBC, 5,11, 188, 188, 186, 185, 185, 186, 185, 184, 182, 181, 181, 181, 181,9999, 182, 184, 184, 183, 183, 183, 183, 182, 182, 183
2010,14215010,215,CH4 ,10PPBC, 5,12, 182, 183, 182, 182, 181, 182, 182, 182, 182, 182, 184, 181, 181, 181, 181, 182, 184, 184, 184, 184, 184, 184, 185, 186
2010,14215010,215,CH4 ,10PPBC, 5,13, 186, 186, 186, 184, 182, 182, 182, 182, 182, 181, 181, 182, 182, 182, 183, 183, 183, 183, 183, 183, 183, 184, 184, 182
2010,14215010,215,CH4 ,10PPBC, 5,14, 182, 183, 182, 181, 181, 182, 182, 182, 182, 181, 180, 181, 181, 183, 184, 184, 185, 184, 184, 183, 183, 185, 185, 185
2010,14215010,215,CH4 ,10PPBC, 5,15, 184, 184, 183, 182, 182, 182, 182, 182, 182, 181, 181, 182, 184, 184, 184, 184, 183, 183, 182, 182, 184, 184, 186, 186
2010,14215010,215,CH4 ,10PPBC, 5,16, 186, 184, 185, 189, 188, 185, 186, 185, 182, 182, 181, 181, 181, 181, 181, 181, 181, 180, 181, 182, 182, 184, 184, 184
2010,14215010,215,CH4 ,10PPBC, 5,17, 184, 184, 184, 184, 185, 186, 184, 182, 182, 182, 183, 185, 184, 183, 182, 182, 182, 181, 182, 184, 184, 187, 187, 187
2010,14215010,215,CH4 ,10PPBC, 5,18, 187, 187, 188, 188, 186, 188, 189, 185, 182, 182, 182, 183, 182, 182, 181, 181, 181, 181, 181, 181, 181, 181, 180, 181
2010,14215010,215,CH4 ,10PPBC, 5,19, 181, 180, 180, 181, 181, 180, 180, 180, 179, 180,9999, 180, 180, 180, 180, 180, 180, 180, 180, 180, 180, 180, 179, 179
2010,14215010,215,CH4 ,10PPBC, 5,20, 179, 179, 180, 179, 178, 179, 179, 178, 178, 178, 179, 179, 179, 183, 183, 183, 183, 182, 183, 183, 184, 183, 182, 181
2010,14215010,215,CH4 ,10PPBC, 5,21, 182, 182, 182, 184, 184, 185, 184, 184, 184, 185, 184, 184, 183, 184, 184, 184, 184, 184, 185, 186, 187, 189, 189, 190
2010,14215010,215,CH4 ,10PPBC, 5,22, 192, 192, 192, 187, 187, 186, 185, 186, 188, 189, 188, 188, 189, 190, 190, 188, 185, 186, 186, 186, 185, 186, 186, 186
2010,14215010,215,CH4 ,10PPBC, 5,23, 186, 186, 188, 188, 187, 187, 187, 187, 186, 184, 183, 183, 183, 183, 185, 184, 183, 184, 184, 184, 185, 182, 181, 183
2010,14215010,215,CH4 ,10PPBC, 5,24, 182, 182, 182, 182, 183, 182, 181, 181, 181, 182, 181, 181, 180, 181, 181, 182, 182, 183, 183, 184, 185, 182, 180, 181
2010,14215010,215,CH4 ,10PPBC, 5,25, 180, 180, 180, 181, 183, 185, 186, 185, 182, 180, 180, 181, 181, 182, 182, 182, 183, 185, 186, 186, 186, 183, 183, 184
2010,14215010,215,CH4 ,10PPBC, 5,26, 184, 184, 184, 184, 185, 184, 184, 183, 184, 184, 184, 183, 182, 182, 182, 181, 182, 182, 189, 190, 188, 182, 182, 181
2010,14215010,215,CH4 ,10PPBC, 5,27, 181, 182, 183, 185, 186, 185, 183, 183, 184, 181,9999, 181, 181, 180, 181, 181, 181, 181, 181, 181, 182, 183, 182, 182
2010,14215010,215,CH4 ,10PPBC, 5,28, 181, 180, 180, 180, 180, 181, 180, 180, 180, 179, 180, 180, 181, 182, 183, 183, 183, 181, 180, 180, 181, 181, 182, 182
2010,14215010,215,CH4 ,10PPBC, 5,29, 182, 181, 183, 183, 184, 183, 182, 182, 185, 185, 183, 183, 183, 184, 185, 184, 185, 184, 185, 184, 184, 183, 182, 181
2010,14215010,215,CH4 ,10PPBC, 5,30, 181, 181, 181, 180, 180, 180, 180, 181, 181, 181, 181, 181, 181, 181, 182, 182, 183, 181, 182, 182, 182, 182, 182, 181
2010,14215010,215,CH4 ,10PPBC, 5,31, 180, 182, 182, 183, 185, 183, 182, 184, 184, 184, 185, 186, 186,9999, 183, 181, 181, 181, 181, 182, 183, 183, 184, 183
2010,14215010,215,CH4 ,10PPBC, 6, 1, 185, 185, 185, 186, 193, 187, 184, 184, 184, 183, 183, 183, 183, 185, 185, 184, 184, 183, 181, 181, 181, 183, 189, 189
2010,14215010,215,CH4 ,10PPBC, 6, 2, 188, 188, 189, 187, 187, 187, 187, 196, 195, 191, 190, 189, 187, 187, 186, 185, 184, 184, 183, 183, 184, 185, 186, 184
2010,14215010,215,CH4 ,10PPBC, 6, 3, 186, 188, 189, 188, 188, 188, 187, 185, 186, 186, 185, 184, 182, 181, 182, 182, 181, 181, 181, 181, 181, 180, 183, 186
2010,14215010,215,CH4 ,10PPBC, 6, 4, 185, 185, 185, 185, 187, 186, 184, 182, 183, 183, 180, 181, 181, 179, 181, 181, 181, 180, 181, 183, 183, 182, 182, 182
2010,14215010,215,CH4 ,10PPBC, 6, 5, 183, 183, 183, 183, 184, 184, 183, 183, 184, 184, 185, 185, 184, 184, 186, 187, 185, 187, 186, 184, 185, 184, 185, 188
2010,14215010,215,CH4 ,10PPBC, 6, 6, 189, 188, 186, 185, 185, 188, 187, 186, 186, 186, 186, 186, 185, 184, 183, 183, 182, 182, 183, 182, 183, 183, 183, 184
2010,14215010,215,CH4 ,10PPBC, 6, 7, 185, 186, 185, 185, 185, 185, 185, 186, 185, 186, 188, 188, 184, 183, 183, 182, 183, 183, 182, 182, 181, 182, 184, 183
2010,14215010,215,CH4 ,10PPBC, 6, 8, 184, 183, 183, 184, 188, 186, 185, 185, 185, 186, 189, 190, 188, 189, 190, 189, 187, 185, 186, 188, 188, 186, 186, 185
2010,14215010,215,CH4 ,10PPBC, 6, 9, 184, 184, 183, 182, 182, 182, 182, 182, 182, 182, 184, 187, 187, 187, 189, 190, 190, 194, 192, 191, 192, 196, 189, 186
2010,14215010,215,CH4 ,10PPBC, 6,10, 186, 185, 185, 184, 183, 183, 183, 182, 184, 186, 186, 185, 185, 185, 185, 185, 184, 184, 183, 182, 180, 184, 186, 187
2010,14215010,215,CH4 ,10PPBC, 6,11, 188, 188, 186, 187, 185, 184, 184, 186, 186, 186,9999,9999,9999, 184, 183, 182, 183, 181, 180, 180, 180, 180, 182, 185
2010,14215010,215,CH4 ,10PPBC, 6,12, 182, 182, 185, 184, 184, 183, 183, 183, 182, 181, 181, 180, 180, 180, 180, 179, 180, 180, 180, 180, 182, 181, 181, 181
2010,14215010,215,CH4 ,10PPBC, 6,13, 180, 180, 181, 183, 181, 181, 179, 182, 179, 179, 179, 179, 179, 179, 179, 179, 179, 180, 179, 179, 180, 180, 180, 180
2010,14215010,215,CH4 ,10PPBC, 6,14, 179, 179, 180, 180, 180, 180, 179, 179, 180, 181, 181, 182, 182, 183, 182, 180, 181, 182, 182, 181, 180, 180, 180, 181
2010,14215010,215,CH4 ,10PPBC, 6,15, 182, 184, 188, 190, 191, 193, 188, 186, 180, 180, 180, 180, 180, 181, 181, 182, 184, 184, 185, 183, 180, 179, 181, 181
2010,14215010,215,CH4 ,10PPBC, 6,16, 183, 182, 183, 178, 180, 179, 169, 168, 168, 171, 173, 172, 174, 175, 178, 181, 183, 183, 185, 185, 184, 184, 186, 186
2010,14215010,215,CH4 ,10PPBC, 6,17, 191, 193, 191, 183, 183, 183, 185, 185, 184, 183,9999, 181, 181, 185, 186, 183, 183, 182, 181, 180, 180, 180, 182, 181
2010,14215010,215,CH4 ,10PPBC, 6,18, 182, 183, 188, 196, 192, 188, 188, 188, 187, 184, 185, 186, 184, 178, 171, 172, 175, 177, 177, 179, 179, 180, 182, 182
2010,14215010,215,CH4 ,10PPBC, 6,19, 182, 183, 182, 179, 180, 182, 181, 181, 182, 183, 184, 182, 177, 175, 177, 179, 179, 178, 178, 178, 178, 175, 174, 172
2010,14215010,215,CH4 ,10PPBC, 6,20, 171, 171, 171, 174, 188, 190, 188, 187, 185, 176, 173, 173, 172, 172, 174, 175, 174, 174, 173, 173, 173, 173, 172, 172
2010,14215010,215,CH4 ,10PPBC, 6,21, 173, 173, 172, 171, 171, 172, 173, 174, 173, 172, 173, 173, 171, 171, 171, 173, 173, 174, 175, 177, 178, 181, 184, 186
2010,14215010,215,CH4 ,10PPBC, 6,22, 189, 186, 180, 183, 185, 185, 189, 184, 180, 178, 175, 174, 174, 176, 176, 175, 176, 175, 175, 175, 177, 178, 181, 179
2010,14215010,215,CH4 ,10PPBC, 6,23, 180, 180, 181, 179, 178, 177, 175, 174, 171, 170, 170, 170, 170, 170, 172, 180, 179, 180, 180, 179, 176, 175, 179, 185
2010,14215010,215,CH4 ,10PPBC, 6,24, 191, 195, 186, 186, 182, 183, 183, 183, 183, 183, 183, 183, 182, 183, 188, 194, 193, 194, 194, 191, 190, 191, 191, 199
2010,14215010,215,CH4 ,10PPBC, 6,25, 200, 205, 214, 210, 207, 220, 190, 194, 189, 186,9999, 187, 186, 187, 188, 186, 181, 181, 184, 186, 187, 189, 197, 198
2010,14215010,215,CH4 ,10PPBC, 6,26, 196, 204, 191, 202, 205, 202, 206, 190, 180, 176, 175, 175, 176, 176, 176, 175, 175, 175, 176, 178, 176, 176, 177, 176
2010,14215010,215,CH4 ,10PPBC, 6,27, 176, 175, 175, 174, 175, 175, 174, 174, 173, 173, 174, 173, 173, 173, 173, 173, 171, 173, 174, 175, 175, 177, 180, 185
2010,14215010,215,CH4 ,10PPBC, 6,28, 187, 185, 184, 192, 189, 184, 186, 194, 187, 182, 179, 181, 185, 183, 184, 185, 189, 186, 181, 187, 190, 193, 187, 190
2010,14215010,215,CH4 ,10PPBC, 6,29, 186, 190, 201, 201, 199, 221, 195, 193, 192, 192, 191, 191, 190, 192, 185, 185, 184, 184, 182, 178, 177, 179, 181, 182
2010,14215010,215,CH4 ,10PPBC, 6,30, 182, 182, 179, 179, 179, 178, 177, 177, 177, 177, 177, 178, 179, 179, 180, 180, 179, 180, 179, 182, 182, 181, 183, 182
2010,14215010,215,CH4 ,10PPBC, 6,31,9998,9998,9998,9998,9998,9998,9998,9998,9998,9998,9998,9998,9998,9998,9998,9998,9998,9998,9998,9998,9998,9998,9998,9998
2010,14215010,215,CH4 ,10PPBC, 7, 1, 182, 185, 184, 194, 183, 183, 183, 181, 181, 178, 179, 176, 176,9999, 173, 171, 173, 172, 172, 175, 175, 174, 176, 179
2010,14215010,215,CH4 ,10PPBC, 7, 2, 182, 180, 181, 183, 191, 189, 186, 183, 181, 181, 180, 177, 176, 174, 174, 175, 173, 174, 173, 177, 176, 177, 184, 184
2010,14215010,215,CH4 ,10PPBC, 7, 3, 185, 186, 187, 191, 188, 191, 188, 185, 184, 185, 185, 181, 180, 178, 177, 177, 176, 178, 177, 177, 177, 180, 183, 181
2010,14215010,215,CH4 ,10PPBC, 7, 4, 179, 178, 177, 183, 184, 186, 182, 179, 179, 178, 180, 180, 178, 179, 179, 180, 182, 181, 181, 180, 183, 189, 192, 190
2010,14215010,215,CH4 ,10PPBC, 7, 5, 191, 195, 195, 196, 192, 197, 197, 192, 194, 194, 193, 186, 182, 183, 183, 183, 182, 182, 184, 182, 186, 182, 184, 184
2010,14215010,215,CH4 ,10PPBC, 7, 6, 186, 189, 188, 190, 184, 185, 186, 186, 186, 188, 187, 187, 184, 182, 181, 182, 183, 185, 187, 191, 193, 194, 195, 193
2010,14215010,215,CH4 ,10PPBC, 7, 7, 191, 190, 193, 196, 193, 201, 190, 189, 188, 188, 189, 190, 192, 190, 191, 189, 185, 184, 184, 186, 182, 182, 183, 185
2010,14215010,215,CH4 ,10PPBC, 7, 8, 191, 197, 208, 201, 210, 212, 205, 191, 189, 189, 180, 178, 181, 181, 184, 186, 185, 185, 181, 182, 184, 180, 185, 183
2010,14215010,215,CH4 ,10PPBC, 7, 9, 176, 177, 176, 183, 195, 200, 193, 187, 187, 190, 191, 187,9999, 179, 178, 177, 178, 177, 175, 176, 176, 172, 170, 174
2010,14215010,215,CH4 ,10PPBC, 7,10, 175, 176, 176, 178, 181, 183, 186, 183, 181, 179, 178, 177, 177, 178, 179, 179, 181, 183, 183, 186, 185, 193, 195, 196
2010,14215010,215,CH4 ,10PPBC, 7,11, 189, 190, 195, 196, 221, 216, 197, 189, 187, 186, 189, 186, 182, 178, 176, 176, 174, 172, 172, 171, 172, 173, 171, 170
2010,14215010,215,CH4 ,10PPBC, 7,12, 171, 170, 170, 170, 170, 170, 170, 170, 170, 171, 171, 170, 170, 171, 170, 170, 172, 171, 171, 171, 173, 175, 173, 175
2010,14215010,215,CH4 ,10PPBC, 7,13, 176, 175, 176, 208, 212, 194, 192, 192, 191, 193, 188,9999,9999, 186, 187, 187, 186, 186, 187, 188, 189, 189, 189, 191
2010,14215010,215,CH4 ,10PPBC, 7,14, 190, 192, 191, 192, 191, 196, 193, 187, 176, 172, 173, 172, 172, 172, 173, 172, 173, 174, 175, 176, 176, 176, 177, 175
2010,14215010,215,CH4 ,10PPBC, 7,15, 176, 175, 176, 179, 177, 173, 173, 173, 172, 173, 173, 172, 173, 172, 172, 172, 173, 174, 173, 176, 176, 175, 173, 174
2010,14215010,215,CH4 ,10PPBC, 7,16, 177, 176, 176, 177, 184, 195, 192, 179, 177, 174, 173, 174, 175, 176, 175, 176, 176, 176, 176, 178, 178, 179, 179, 182
2010,14215010,215,CH4 ,10PPBC, 7,17, 179, 182, 178, 183, 199, 207, 189, 182, 175, 174, 174, 174, 176, 175, 175, 174, 175, 175, 174, 177, 177, 177, 181, 177
2010,14215010,215,CH4 ,10PPBC, 7,18, 178, 177, 180, 188, 197, 194, 194, 181, 175, 174, 173, 172, 172, 172, 172, 172, 172, 173, 174, 175, 175, 175, 176, 177
2010,14215010,215,CH4 ,10PPBC, 7,19, 177, 178, 189, 190, 189, 204, 185, 178, 174, 174, 174, 172, 173, 173, 174, 174, 174, 174, 174, 176, 177, 182, 189, 194
2010,14215010,215,CH4 ,10PPBC, 7,20, 184, 195, 193, 190, 204, 199, 183, 180, 179, 179, 177, 176, 175, 174, 174, 175, 175, 174, 176, 177, 178, 182, 181, 178
2010,14215010,215,CH4 ,10PPBC, 7,21, 179, 183, 179, 181, 195, 192, 197, 178, 182, 181, 181, 177, 180, 181, 183, 184, 181, 177, 177, 179, 177, 176, 177, 178
2010,14215010,215,CH4 ,10PPBC, 7,22, 179, 184, 191, 197, 200, 189, 186, 185, 183, 184, 183, 179,9999, 176, 176, 176, 175, 174, 174, 173, 174, 174, 175, 177
2010,14215010,215,CH4 ,10PPBC, 7,23, 180, 176, 180, 179, 180, 180, 184, 180, 181, 180, 181, 179, 183, 183, 182, 182, 178, 176, 174, 174, 174, 173, 173, 174
2010,14215010,215,CH4 ,10PPBC, 7,24, 174, 176, 184, 186, 184, 184, 183, 184, 181, 181, 179, 181, 182, 182, 181, 179, 177, 175, 179, 180, 178, 183, 179, 179
2010,14215010,215,CH4 ,10PPBC, 7,25, 179, 176, 183, 182, 183, 183, 180, 179, 180, 184, 181, 177, 176, 177, 175, 176, 177, 178, 182, 181, 181, 175, 180, 181
2010,14215010,215,CH4 ,10PPBC, 7,26, 178, 177, 176, 177, 176, 176, 176, 177, 178, 178, 177, 176, 173, 172, 174, 173, 174, 176, 179, 176, 176, 177, 177, 181
2010,14215010,215,CH4 ,10PPBC, 7,27, 181, 177, 181, 180, 187, 182, 179, 179, 179, 174, 172, 171, 172, 173, 172, 171, 173, 172, 172, 172, 173, 174, 174, 177
2010,14215010,215,CH4 ,10PPBC, 7,28, 178, 177, 178, 198, 191, 187, 180, 173, 172, 172, 172, 172, 172, 173, 173, 174, 174, 173, 175, 174, 174, 175, 175, 175
2010,14215010,215,CH4 ,10PPBC, 7,29, 175, 177, 175, 176, 175, 175, 176, 174, 174, 174,9999, 171, 171, 172, 171, 171, 172, 172, 171, 172, 170, 171, 171, 170
2010,14215010,215,CH4 ,10PPBC, 7,30, 170, 170, 170, 170, 171, 171, 170, 169, 169, 169, 169, 169, 169, 170, 169, 170, 170, 170, 171, 171, 176, 178, 186, 192
2010,14215010,215,CH4 ,10PPBC, 7,31, 184, 184, 188, 187, 187, 196, 188, 182, 179, 177, 175, 174, 173, 173, 173, 174, 175, 176, 175, 177, 179, 180, 187, 182
2010,14215010,215,CH4 ,10PPBC, 8, 1, 193, 190, 185, 187, 184, 193, 187, 187, 183, 182, 179, 175, 174, 175, 175, 177, 175, 175, 174, 174, 173, 173, 171, 171
2010,14215010,215,CH4 ,10PPBC, 8, 2, 173, 178, 176, 174, 172, 170, 172, 172, 170, 170, 170, 170, 170, 169, 169, 169, 169, 169, 170, 171, 172, 173, 172, 171
2010,14215010,215,CH4 ,10PPBC, 8, 3, 171, 170, 170, 170, 170, 172, 171, 171, 170, 170, 170, 170, 170, 170, 170, 170, 170, 170, 170, 171, 170, 171, 171, 172
2010,14215010,215,CH4 ,10PPBC, 8, 4, 172, 172, 173, 173, 173, 174, 173, 172, 171, 171, 170, 171, 170, 170, 171, 171, 171, 171, 171, 172, 171, 172, 172, 172
2010,14215010,215,CH4 ,10PPBC, 8, 5, 172, 172, 172, 172, 173, 173, 174, 171, 171, 171, 171, 171, 170, 170, 170, 171, 171, 172, 173, 175, 174, 175, 174, 175
2010,14215010,215,CH4 ,10PPBC, 8, 6, 176, 175, 175, 174, 176, 176, 175, 173, 171, 171,9999,9999,9999, 170, 170, 170, 171, 172, 173, 173, 173, 174, 174, 173
2010,14215010,215,CH4 ,10PPBC, 8, 7, 173, 176, 175, 177, 179, 177, 179, 175, 175, 174, 175, 175, 175, 174, 174, 174, 173, 172, 172, 172, 173, 176, 178, 179
2010,14215010,215,CH4 ,10PPBC, 8, 8, 179, 179, 178, 182, 189, 183, 181, 179, 178, 177, 173, 172, 171, 171, 170, 170, 170, 170, 170, 171, 172, 171, 170, 170
2010,14215010,215,CH4 ,10PPBC, 8, 9, 173, 172, 175, 173, 178, 173, 176, 176, 172, 172, 174, 172, 170, 170, 169, 169, 169, 169, 169, 169, 170, 171, 171, 171
2010,14215010,215,CH4 ,10PPBC, 8,10, 172, 173, 172, 171, 173, 181, 174, 173, 173, 172, 169, 168, 168, 168, 168, 168, 169, 169, 169, 169, 170, 171, 170, 171
2010,14215010,215,CH4 ,10PPBC, 8,11, 169, 169, 170, 169, 170, 170, 170, 169, 169, 168, 167, 167, 167, 167, 167, 167, 167, 167, 167, 168, 169, 168, 168, 167
2010,14215010,215,CH4 ,10PPBC, 8,12, 167, 168, 168, 167, 167, 167, 167, 167, 166, 166, 167, 167, 168, 170, 170, 170, 171, 170, 170, 171, 171, 178, 183, 182
2010,14215010,215,CH4 ,10PPBC, 8,13, 179, 193, 198, 198, 186, 187, 187, 182, 178, 177,9999, 179, 179, 184, 181, 181, 182, 182, 179, 180, 180, 181, 182, 181
2010,14215010,215,CH4 ,10PPBC, 8,14, 182, 189, 190, 198, 189, 191, 188, 186, 185, 184, 180, 172, 171, 171, 172, 171, 171, 171, 173, 173, 172, 172, 173, 173
2010,14215010,215,CH4 ,10PPBC, 8,15, 177, 174, 174, 174, 175, 174, 180, 180, 174, 173, 170, 169, 171, 172, 173, 172, 172, 171, 171, 173, 174, 174, 178, 187
2010,14215010,215,CH4 ,10PPBC, 8,16, 184, 191, 190, 181, 180, 187, 181, 181, 178, 177, 178, 178, 175, 175, 175, 177, 177, 177, 177, 180, 176, 173, 176, 178
2010,14215010,215,CH4 ,10PPBC, 8,17, 180, 181, 181, 178, 179, 181, 183, 183, 184, 184, 183, 184, 178, 179, 178, 181, 182, 176, 172, 173, 175, 174, 174, 176
2010,14215010,215,CH4 ,10PPBC, 8,18, 181, 179, 178, 177, 180, 179, 182, 179, 177, 180, 180, 180, 180, 179, 180, 176, 175, 177, 176, 179, 178, 179, 180, 182
2010,14215010,215,CH4 ,10PPBC, 8,19, 181, 183, 183, 182, 181, 180, 181, 181, 180, 181,9999, 181, 182, 182, 180, 182, 180, 180, 180, 179, 181, 179, 183, 187
2010,14215010,215,CH4 ,10PPBC, 8,20, 189, 190, 186, 185, 186, 186, 187, 187, 187, 187, 186, 184, 183, 184, 187, 187, 187, 185, 181, 182, 180, 181, 181, 182
2010,14215010,215,CH4 ,10PPBC, 8,21, 184, 184, 186, 187, 189, 193, 187, 188, 184, 184, 184, 185, 185, 183, 181, 180, 179, 179, 180, 179, 179, 180, 180, 182
2010,14215010,215,CH4 ,10PPBC, 8,22, 185, 184, 183, 186, 193, 194, 186, 184, 179, 178, 177, 177, 177, 176, 176, 176, 176, 177, 176, 177, 178, 179, 180, 181
2010,14215010,215,CH4 ,10PPBC, 8,23, 182, 185, 184, 194, 191, 189, 190, 181, 180, 180, 178, 177, 175, 175, 175, 176, 176, 177, 177, 177, 176, 177, 177, 177
2010,14215010,215,CH4 ,10PPBC, 8,24, 177, 176, 178, 180, 181, 187, 185, 177, 176, 176,9999, 176, 177, 177, 177, 177, 177, 177, 178, 177, 180, 178, 178, 179
2010,14215010,215,CH4 ,10PPBC, 8,25, 183, 183, 184, 185, 187, 201, 198, 183, 179, 176, 175, 175, 175, 175, 175, 175, 176, 175, 177, 177, 178, 180, 180, 184
2010,14215010,215,CH4 ,10PPBC, 8,26, 182, 181, 180, 190, 196, 182, 179, 179, 178, 178, 175, 175, 175, 175, 176, 176, 176, 178, 178, 179, 180, 179, 179, 182
2010,14215010,215,CH4 ,10PPBC, 8,27, 188, 186, 186, 186, 185, 186, 184, 185, 186, 183, 181, 180, 177, 176, 175, 172, 171, 171, 172, 172, 172, 176, 180, 176
2010,14215010,215,CH4 ,10PPBC, 8,28, 176, 175, 176, 183, 184, 189, 180, 179, 180, 177, 175, 172, 172, 171, 171, 172, 172, 172, 172, 174, 175, 176, 177, 180
2010,14215010,215,CH4 ,10PPBC, 8,29, 183, 181, 183, 181, 178, 179, 180, 176, 177, 175, 173, 172, 171, 171, 171, 171, 171, 172, 173, 175, 192, 181, 182, 180
2010,14215010,215,CH4 ,10PPBC, 8,30, 181, 182, 186, 182, 183, 182, 185, 181, 179, 178, 179, 179, 184, 186, 183, 176, 173, 173, 171, 172, 173, 174, 176, 181
2010,14215010,215,CH4 ,10PPBC, 8,31, 182, 186, 180, 181, 181, 179, 181, 182, 183, 183, 183, 183, 179, 175, 172, 172, 172, 176, 180, 175, 172, 171, 172, 171
2010,14215010,215,CH4 ,10PPBC, 9, 1, 172, 175, 179, 178, 179, 179, 177, 176, 172, 172, 173, 174, 170, 171, 171, 172, 173, 174, 175, 176, 178, 178, 178, 177
2010,14215010,215,CH4 ,10PPBC, 9, 2, 178, 178, 177, 178, 182, 187, 180, 181, 178, 178, 177, 177, 177, 177, 176, 177, 177, 177, 177, 178, 178, 178, 178, 179
2010,14215010,215,CH4 ,10PPBC, 9, 3, 182, 183, 183, 182, 186, 186, 186, 181, 180, 178, 177, 175,9999, 175, 175, 176, 175, 176, 177, 176, 178, 180, 185, 190
2010,14215010,215,CH4 ,10PPBC, 9, 4, 190, 188, 188, 191, 191, 185, 186, 182, 178, 178, 177, 178, 179, 180, 178, 178, 176, 176, 176, 177, 176, 177, 179, 184
2010,14215010,215,CH4 ,10PPBC, 9, 5, 184, 186, 183, 183, 182, 183, 185, 184, 179, 178, 176, 174, 174, 174, 175, 174, 175, 174, 174, 175, 176, 178, 178, 175
2010,14215010,215,CH4 ,10PPBC, 9, 6, 178, 180, 174, 176, 178, 181, 184, 172, 172, 171, 172, 171, 170, 169, 169, 169, 170, 171, 171, 171, 171, 171, 170, 170
2010,14215010,215,CH4 ,10PPBC, 9, 7, 170, 170, 169, 169, 170, 170, 170, 170, 169, 169, 169, 169, 168, 168, 168, 168, 168, 168, 168, 169, 169, 171, 176, 170
2010,14215010,215,CH4 ,10PPBC, 9, 8, 173, 177, 180, 178, 176, 177, 177, 181, 182, 182, 182, 182, 182, 181, 177, 178, 177, 176, 176, 175, 174, 174, 174, 174
2010,14215010,215,CH4 ,10PPBC, 9, 9, 174, 175, 177, 177, 179, 179, 179, 179, 179, 180,9999,9999,9999, 181, 180, 181, 182, 182, 186, 185, 185, 187, 187, 191
2010,14215010,215,CH4 ,10PPBC, 9,10, 197, 195, 206, 201, 201, 199, 199, 199, 194, 191, 188, 186, 184, 183, 184, 184, 182, 181, 182, 181, 181, 184, 191, 192
2010,14215010,215,CH4 ,10PPBC, 9,11, 190, 202, 203, 196, 200, 194, 188, 185, 185, 185, 184, 180, 179, 179, 179, 179, 178, 180, 181, 182, 182, 183, 185, 192
2010,14215010,215,CH4 ,10PPBC, 9,12, 213, 204, 201, 217, 205, 193, 195, 185, 187, 188, 188, 193, 203, 199, 189, 185, 185, 184, 182, 181, 180, 179, 177, 177
2010,14215010,215,CH4 ,10PPBC, 9,13, 175, 173, 190, 178, 180, 183, 183, 182, 182, 183, 181, 178, 177, 177, 179, 177, 177, 178, 183, 190, 189, 185, 185, 184
2010,14215010,215,CH4 ,10PPBC, 9,14, 183, 181, 180, 180, 180, 182, 187, 186, 182, 181, 182, 181, 181, 180, 181, 180, 181, 181, 182, 180, 184, 183, 184, 184
2010,14215010,215,CH4 ,10PPBC, 9,15, 183, 184, 184, 184, 183, 182, 182, 182, 182, 181, 182, 183, 184, 183, 183, 184, 184, 184, 183, 183, 183, 184, 183, 182
2010,14215010,215,CH4 ,10PPBC, 9,16, 182, 181, 180, 180, 179, 180, 180, 181, 181, 179, 180, 181, 180, 182, 181, 180, 182, 182, 181, 181, 182, 187, 188, 190
2010,14215010,215,CH4 ,10PPBC, 9,17, 191, 188, 186, 187, 183, 183, 180, 179, 178, 178, 178,9999,9999, 180, 180, 184, 185, 193, 187, 197, 189, 187, 185, 186
2010,14215010,215,CH4 ,10PPBC, 9,18, 185, 185, 185, 185, 186, 184, 186, 186, 184, 186, 185, 186, 185, 195, 188, 184, 188, 186, 189, 191, 189, 186, 215, 200
2010,14215010,215,CH4 ,10PPBC, 9,19, 192, 205, 208, 191, 191, 198, 191, 188, 185, 184, 185, 182, 181, 180, 180, 179, 180, 179, 180, 189, 194, 190, 188, 192
2010,14215010,215,CH4 ,10PPBC, 9,20, 193, 190, 188, 186, 193, 189, 188, 188, 188, 190, 187, 188, 190, 192, 189, 189, 184, 184, 185, 188, 190, 198, 196, 194
2010,14215010,215,CH4 ,10PPBC, 9,21, 199, 201, 191, 196, 197, 193, 192, 188, 186, 186, 185, 184, 185, 184, 184, 183, 183, 184, 188, 187, 189, 192, 199, 211
2010,14215010,215,CH4 ,10PPBC, 9,22, 218, 204, 192, 191, 208, 195, 189, 185, 184, 184, 183,9999, 176, 176, 177, 177, 175, 174, 175, 175, 180, 186, 184, 183
2010,14215010,215,CH4 ,10PPBC, 9,23, 182, 183, 183, 182, 182, 182, 182, 182, 182, 182, 182, 183, 182, 182, 182, 182, 182, 182, 182, 182, 182, 181, 181, 180
2010,14215010,215,CH4 ,10PPBC, 9,24, 180, 179, 180, 180, 181, 183, 183, 183, 183, 182, 183, 184, 183, 183, 183, 182, 185, 186, 182, 183, 182, 182, 182, 181
2010,14215010,215,CH4 ,10PPBC, 9,25, 180, 180, 179, 179, 179, 179, 179, 179, 179, 179, 179, 180, 180, 181, 181, 182, 182, 182, 185, 187, 191, 187, 186, 186
2010,14215010,215,CH4 ,10PPBC, 9,26, 186, 184, 182, 185, 187, 188, 186, 184, 183, 186, 185, 183, 182, 185, 184, 184, 185, 184, 185, 184, 184, 184, 184, 184
2010,14215010,215,CH4 ,10PPBC, 9,27, 184, 184, 184, 183, 183, 182, 183, 182, 182, 182, 180, 180, 179, 179, 179, 179, 180, 180, 181, 182, 182, 182, 182, 180
2010,14215010,215,CH4 ,10PPBC, 9,28, 179, 179, 179, 179, 179, 179, 179, 180, 182, 184, 183, 184, 182, 182, 182, 183, 183, 184, 188, 191, 193, 194, 196, 195
2010,14215010,215,CH4 ,10PPBC, 9,29, 194, 193, 189, 190, 190, 181, 182, 182, 183, 183, 184, 185, 183, 184, 186, 187, 187, 186, 188, 192, 187, 188, 188, 188
2010,14215010,215,CH4 ,10PPBC, 9,30, 186, 184, 184, 184, 185, 186, 186, 185, 186, 186, 186, 188, 187, 187, 187, 187, 187, 186, 186, 187, 188, 187, 185, 186
2010,14215010,215,CH4 ,10PPBC, 9,31,9998,9998,9998,9998,9998,9998,9998,9998,9998,9998,9998,9998,9998,9998,9998,9998,9998,9998,9998,9998,9998,9998,9998,9998
2010,14215010,215,CH4 ,10PPBC,10, 1, 186, 185, 184, 183, 185, 185, 183, 184, 185, 185,9999,9999, 185, 185, 184, 184, 184, 184, 186, 186, 187, 187, 186, 186
2010,14215010,215,CH4 ,10PPBC,10, 2, 185, 184, 184, 185, 185, 185, 186, 186, 184, 186, 185, 184, 184, 183, 184, 186, 185, 184, 185, 185, 187, 189, 193, 189
2010,14215010,215,CH4 ,10PPBC,10, 3, 187, 186, 186, 184, 185, 184, 184, 183, 181, 181, 181, 182, 182, 182, 182, 183, 186, 188, 187, 186, 184, 184, 184, 185
2010,14215010,215,CH4 ,10PPBC,10, 4, 185, 185, 186, 186, 186, 186, 186, 185, 185, 187, 191, 191, 190, 186, 189, 187, 186, 185, 186, 187, 185, 185, 186, 186
2010,14215010,215,CH4 ,10PPBC,10, 5, 187, 184, 184, 185, 186, 183, 183, 182, 182, 184, 187, 185, 183, 183, 183, 184, 184, 184, 186, 187, 187, 188, 186, 185
2010,14215010,215,CH4 ,10PPBC,10, 6, 184, 185, 184, 184, 185, 184, 183, 183, 184, 183,9999,9999, 184, 184, 184, 184, 185, 186, 185, 188, 188, 189, 187, 186
2010,14215010,215,CH4 ,10PPBC,10, 7, 185, 184, 184, 183, 183, 183, 183, 183, 184, 184, 184, 186, 188, 185, 186, 185, 186, 186, 186, 186, 186, 186, 186, 185
2010,14215010,215,CH4 ,10PPBC,10, 8, 183, 184, 184, 184, 185, 185, 185, 185, 184, 185, 187, 186, 186, 185, 185, 186, 188, 189, 195, 194, 196, 189, 186, 185
2010,14215010,215,CH4 ,10PPBC,10, 9, 185, 184, 183, 182, 182, 181, 181, 182, 182, 182, 181, 181, 181, 181, 181, 181, 180, 181, 182, 181, 181, 181, 180, 180
2010,14215010,215,CH4 ,10PPBC,10,10, 180, 181, 181, 180, 180, 180, 181, 180, 182, 181, 180, 180, 179, 179, 181, 181, 181, 181, 182, 184, 187, 189, 194, 200
2010,14215010,215,CH4 ,10PPBC,10,11, 203, 187, 187, 191, 188, 184, 185, 180, 180, 178, 179, 179, 179, 181, 182, 183, 182, 182, 185, 184, 186, 189, 191, 191
2010,14215010,215,CH4 ,10PPBC,10,12, 189, 187, 185, 184, 181, 180, 182, 182, 183, 188, 190, 191,9999,9999, 183, 185, 183, 181, 183, 184, 185, 187, 187, 188
2010,14215010,215,CH4 ,10PPBC,10,13, 190, 190, 189, 189, 185, 185, 185, 185, 186, 187, 187, 186, 185, 184, 188, 188, 188, 186, 189, 193, 196, 192, 190, 188
2010,14215010,215,CH4 ,10PPBC,10,14, 185, 184, 184, 183, 182, 182, 182, 182, 183, 184, 184, 184, 184, 184, 183, 184, 185, 194, 188, 188, 192, 187, 187, 187
2010,14215010,215,CH4 ,10PPBC,10,15, 186, 185, 184, 183, 183, 183, 183, 185, 186, 183, 182, 182, 183, 183, 184, 182, 183, 184, 184, 186, 187, 188, 188, 185
2010,14215010,215,CH4 ,10PPBC,10,16, 184, 184, 184, 183, 184, 184, 185, 186, 185, 185, 184, 183, 183, 184, 186, 186, 185, 186, 188, 189, 191, 190, 191, 188
2010,14215010,215,CH4 ,10PPBC,10,17, 186, 184, 183, 183, 183, 183, 183, 182, 183, 183, 183, 183, 183, 183, 183, 184, 184, 185, 186, 186, 186, 185, 186, 184
2010,14215010,215,CH4 ,10PPBC,10,18, 184, 183, 182, 182, 182, 185, 188, 189, 188, 187, 184, 186, 187, 186, 188, 187, 184, 185, 186, 187, 187, 187, 188, 187
2010,14215010,215,CH4 ,10PPBC,10,19, 186, 185, 184, 183, 182, 182, 182, 183, 184, 184, 183, 183, 184, 184, 185, 185, 185, 185, 184, 184, 183, 183, 182, 182
2010,14215010,215,CH4 ,10PPBC,10,20, 182, 181, 181, 181, 182, 185, 188, 188, 183, 183,9999, 186, 184, 183, 186, 185, 185, 185, 186, 186, 185, 185, 184, 184
2010,14215010,215,CH4 ,10PPBC,10,21, 184, 182, 182, 181, 180, 181, 180, 182, 182, 183, 183, 183, 182, 181, 182, 182, 181, 182, 182, 181, 181, 181, 182, 181
2010,14215010,215,CH4 ,10PPBC,10,22, 182, 182, 184, 183, 183, 183, 184, 183, 183, 183, 183, 183, 183, 183, 183, 183, 183, 185, 184, 185, 185, 185, 185, 183
2010,14215010,215,CH4 ,10PPBC,10,23, 184, 183, 183, 184, 183, 184, 184, 183, 183, 182, 183, 182, 183, 183, 184, 185, 184, 185, 186, 186, 187, 186, 185, 186
2010,14215010,215,CH4 ,10PPBC,10,24, 186, 185, 184, 183, 181, 183, 185, 186, 186, 186, 186, 185, 185, 185, 185, 185, 185, 186, 188, 188, 188, 187, 185, 185
2010,14215010,215,CH4 ,10PPBC,10,25, 185, 184, 184, 183, 182, 182, 182, 184, 184, 184, 182, 181, 183, 182, 182, 183, 184, 185, 195, 207, 212, 198, 191, 186
2010,14215010,215,CH4 ,10PPBC,10,26, 183, 180, 180, 180, 181, 180, 181, 183, 195, 204,9999,9999,9999,9999, 184, 188, 185, 185, 185, 185, 186, 185, 185, 185
2010,14215010,215,CH4 ,10PPBC,10,27, 183, 184, 184, 184, 184, 184, 184, 184, 184, 185, 185, 184, 184, 184, 185, 184, 185, 188, 189, 188, 189, 188, 189, 187
2010,14215010,215,CH4 ,10PPBC,10,28, 187, 187, 186, 186, 185, 185, 184, 184, 183, 183, 183, 182, 182, 183, 182, 182, 182, 182, 182, 183, 183, 182, 182, 184
2010,14215010,215,CH4 ,10PPBC,10,29, 183, 183, 185, 185, 185, 186, 187, 187, 187, 186, 185, 185, 184, 184, 186, 188, 185, 186, 185, 185, 185, 186, 185, 184
2010,14215010,215,CH4 ,10PPBC,10,30, 183, 184, 184, 183, 182, 182, 182, 182, 183, 182, 182, 182, 182, 182, 182, 181, 181, 181, 181, 181, 180, 180, 180, 180
2010,14215010,215,CH4 ,10PPBC,10,31, 180, 181, 180, 180, 180, 180, 181, 181, 180, 180, 180, 181, 181, 181, 181, 181, 182, 182, 181, 181, 182, 182, 182, 182
2010,14215010,215,CH4 ,10PPBC,11, 1, 181, 181, 180, 179, 179, 178, 179, 179, 180, 179, 179, 179, 180, 179, 179, 179, 179, 179, 179, 182, 184, 183, 183, 183
2010,14215010,215,CH4 ,10PPBC,11, 2, 185, 184, 184, 183, 182, 183, 190, 192, 187, 186, 185, 182, 181, 180, 180, 181, 181, 183, 183, 185, 183, 184, 184, 183
2010,14215010,215,CH4 ,10PPBC,11, 3, 184, 183, 183, 184, 184, 186, 186, 186, 186, 186, 184, 184, 184, 185, 185, 187, 189, 187, 185, 185, 184, 184, 185, 186
2010,14215010,215,CH4 ,10PPBC,11, 4, 185, 185, 184, 183, 183, 185, 186, 188, 188, 186,9999,9999,9999, 186, 186, 188, 191, 204, 198, 189, 190, 188, 188, 185
2010,14215010,215,CH4 ,10PPBC,11, 5, 183, 183, 183, 183, 184, 186, 187, 186, 185, 183, 182, 181, 182, 182, 184, 184, 184, 186, 185, 186, 185, 186, 185, 183
2010,14215010,215,CH4 ,10PPBC,11, 6, 183, 182, 182, 182, 182, 182, 182, 182, 183, 182, 183, 183, 183, 184, 189, 189, 186, 190, 191, 192, 190, 186, 185, 184
2010,14215010,215,CH4 ,10PPBC,11, 7, 182, 181, 181, 181, 181, 181, 182, 182, 182, 182, 182, 182, 183, 182, 183, 183, 184, 185, 186, 187, 186, 183, 183, 182
2010,14215010,215,CH4 ,10PPBC,11, 8, 182, 181, 181, 180, 180, 180, 181, 181, 181, 181, 184, 188, 187, 186, 185, 184, 186, 187, 186, 188, 189, 188, 187, 186
2010,14215010,215,CH4 ,10PPBC,11, 9, 185, 184, 184, 185, 185, 188, 185, 186, 182, 179, 180, 179, 179, 179, 180, 181, 183, 183, 185, 186, 185, 186, 187, 189
2010,14215010,215,CH4 ,10PPBC,11,10, 187, 188, 190, 191, 192, 191, 193, 191, 187, 187,9999, 185, 182, 181, 183, 182, 184, 184, 184, 185, 185, 185, 186, 186
2010,14215010,215,CH4 ,10PPBC,11,11, 187, 188, 186, 186, 188, 187, 185, 185, 184, 183, 183, 183, 184, 183, 184, 185, 186, 188, 191, 189, 191, 191, 189, 187
2010,14215010,215,CH4 ,10PPBC,11,12, 187, 185, 184, 183, 185, 185, 185, 186, 186, 190, 192, 186, 183, 183, 183, 183, 183, 183, 184, 186, 189, 192, 192, 187
2010,14215010,215,CH4 ,10PPBC,11,13, 187, 185, 183, 183, 183, 183, 183, 183, 184, 186, 185, 184, 185, 186, 188, 189, 190, 192, 193, 195, 194, 191, 188, 187
2010,14215010,215,CH4 ,10PPBC,11,14, 187, 186, 186, 186, 186, 186, 186, 187, 186, 188, 189, 187, 186, 188, 188, 188, 188, 189, 191, 190, 190, 186, 183, 182
2010,14215010,215,CH4 ,10PPBC,11,15, 182, 184, 183, 184, 186, 184, 183, 182, 183, 185, 184, 183, 184, 186, 185, 186, 186, 184, 184, 184, 185, 185, 186, 186
2010,14215010,215,CH4 ,10PPBC,11,16, 185, 184, 185, 184, 185, 185, 184, 185, 186, 186, 187, 184, 183, 183, 184, 185, 189, 190, 187, 187, 187, 188, 188, 186
2010,14215010,215,CH4 ,10PPBC,11,17, 186, 185, 185, 186, 186, 185, 184, 184, 184, 184, 185, 183, 182, 182, 182, 183, 182, 183, 182, 183, 182, 182, 182, 183
2010,14215010,215,CH4 ,10PPBC,11,18, 183, 183, 182, 181, 181, 181, 181, 181, 182, 181, 182, 182, 182, 182, 181, 181, 181, 182, 182, 182, 182, 181, 182, 182
2010,14215010,215,CH4 ,10PPBC,11,19, 181, 181, 181, 181, 180, 180, 180, 181, 181, 181,9999, 187, 181, 182, 184, 183, 186, 193, 186, 188, 186, 185, 184, 183
2010,14215010,215,CH4 ,10PPBC,11,20, 182, 182, 183, 182, 182, 182, 181, 182, 182, 182, 183, 182, 182, 182, 183, 184, 185, 185, 186, 188, 186, 184, 184, 183
2010,14215010,215,CH4 ,10PPBC,11,21, 182, 182, 181, 181, 180, 181, 181, 181, 181, 181, 181, 182, 181, 181, 182, 181, 182, 184, 185, 185, 184, 183, 182, 181
2010,14215010,215,CH4 ,10PPBC,11,22, 181, 181, 180, 180, 180, 179, 180, 180, 181, 181, 182, 181, 181, 184, 183, 184, 184, 185, 186, 187, 186, 187, 185, 183
2010,14215010,215,CH4 ,10PPBC,11,23, 184, 180, 179, 179, 179, 178, 177, 175, 176, 178, 180, 181, 181, 182, 184, 184, 184, 185, 185, 185, 184, 185, 185, 186
2010,14215010,215,CH4 ,10PPBC,11,24, 185, 184, 183, 183, 182, 182, 183, 184, 185, 184, 183, 183, 183, 183, 184, 187, 187, 188, 189, 189, 191, 196, 193, 191
2010,14215010,215,CH4 ,10PPBC,11,25, 191, 189, 189, 188, 189, 189, 190, 189, 188, 187, 187, 187, 188, 188, 188, 189, 191, 191, 190, 190, 188, 187, 188, 187
2010,14215010,215,CH4 ,10PPBC,11,26, 187, 185, 187, 185, 185, 187, 186, 187, 187, 187, 184, 182,9999, 182, 183, 185, 186, 202, 202, 194, 189, 188, 189, 185
2010,14215010,215,CH4 ,10PPBC,11,27, 184, 183, 182, 182, 182, 182, 182, 183, 183, 182, 182, 183, 182, 182, 184, 184, 183, 183, 184, 186, 187, 189, 187, 186
2010,14215010,215,CH4 ,10PPBC,11,28, 187, 188, 187, 189, 188, 187, 187, 185, 184, 183, 181, 182, 181, 181, 181, 181, 182, 184, 186, 188, 189, 186, 188, 190
2010,14215010,215,CH4 ,10PPBC,11,29, 190, 192, 191, 190, 192, 190, 189, 190, 187, 186, 185, 182, 181, 179, 181, 183, 184, 185, 186, 186, 189, 189, 189, 192
2010,14215010,215,CH4 ,10PPBC,11,30, 196, 191, 185, 185, 186, 185, 187, 188, 188, 186, 185, 185, 184, 186, 186, 184, 184, 187, 189, 188, 187, 187, 187, 187
2010,14215010,215,CH4 ,10PPBC,11,31,9998,9998,9998,9998,9998,9998,9998,9998,9998,9998,9998,9998,9998,9998,9998,9998,9998,9998,9998,9998,9998,9998,9998,9998
2010,14215010,215,CH4 ,10PPBC,12, 1, 190, 191, 191, 190, 189, 185, 184, 184, 185,9999,9999,9999, 187, 186, 186, 189, 194, 194, 191, 192, 191, 189, 188, 187
2010,14215010,215,CH4 ,10PPBC,12, 2, 186, 185, 184, 185, 185, 185, 184, 184, 184, 184, 185, 185, 186, 186, 187, 188, 188, 189, 188, 188, 186, 186, 186, 186
2010,14215010,215,CH4 ,10PPBC,12, 3, 187, 186, 187, 187, 188, 189, 191, 185, 183, 178, 177, 178, 179, 180, 180, 180, 179, 178, 180, 182, 182, 183, 183, 183
2010,14215010,215,CH4 ,10PPBC,12, 4, 182, 182, 182, 182, 183, 183, 184, 186, 187, 185, 183, 183, 183, 183, 184, 184, 184, 186, 187, 186, 187, 188, 189, 187
2010,14215010,215,CH4 ,10PPBC,12, 5, 186, 187, 186, 186, 185, 183, 184, 184, 183, 182, 183, 185, 186, 186, 186, 186, 186, 187, 189, 189, 188, 187, 185, 185
2010,14215010,215,CH4 ,10PPBC,12, 6, 184, 184, 183, 183, 182, 182, 182, 183, 183, 184,9999, 185, 185, 185, 184, 184, 184, 185, 186, 187, 189, 191, 189, 189
2010,14215010,215,CH4 ,10PPBC,12, 7, 188, 187, 186, 185, 184, 185, 186, 185, 187, 185, 185, 185, 184, 182, 182, 183, 184, 183, 183, 184, 184, 183, 183, 182
2010,14215010,215,CH4 ,10PPBC,12, 8, 182, 182, 182, 182, 181, 181, 181, 182, 183, 183, 181, 181, 182, 182, 182, 182, 183, 183, 184, 183, 184, 185, 183, 183
2010,14215010,215,CH4 ,10PPBC,12, 9, 183, 183, 181, 182, 183, 182, 183, 183, 183, 182, 182, 182, 181, 181, 182, 182, 183, 185, 184, 186, 185, 186, 188, 192
2010,14215010,215,CH4 ,10PPBC,12,10, 191, 188, 185, 193, 197, 193, 184, 183, 183, 183, 185, 183, 183, 184, 185, 185, 186, 186, 190, 191, 191, 193, 192, 189
2010,14215010,215,CH4 ,10PPBC,12,11, 188, 188, 186, 186, 185, 185, 184, 185, 186, 182, 181, 180, 180, 179, 180, 180, 180, 181, 182, 181, 181, 183, 182, 184
2010,14215010,215,CH4 ,10PPBC,12,12, 186, 186, 188, 186, 184, 183, 184, 184, 184, 184, 184, 184, 183, 183, 184, 185, 185, 186, 187, 189, 188, 188, 187, 186
2010,14215010,215,CH4 ,10PPBC,12,13, 186, 185, 184, 184, 183, 184, 184, 184, 184, 184, 184, 184, 184, 184, 184, 184, 184, 183, 184, 185, 186, 185, 185, 185
2010,14215010,215,CH4 ,10PPBC,12,14, 185, 187, 185, 183, 181, 181, 181, 181, 183, 184, 185, 184, 184, 184, 184, 184, 185, 188, 189, 192, 196, 194, 199, 189
2010,14215010,215,CH4 ,10PPBC,12,15, 182, 185, 184, 183, 183, 185, 189, 190, 187, 183, 183, 183, 182, 181, 184, 185, 190, 183, 183, 183, 184, 185, 186, 185
2010,14215010,215,CH4 ,10PPBC,12,16, 185, 185, 185, 184, 184, 185, 185, 184, 185,9999, 186, 187, 188, 189, 188, 187, 187, 188, 187, 188, 188, 190, 190, 189
2010,14215010,215,CH4 ,10PPBC,12,17, 188, 189, 188, 188, 187, 187, 187, 192, 187, 185, 184, 184, 182, 182, 182, 184, 187, 189, 188, 188, 189, 190, 187, 186
2010,14215010,215,CH4 ,10PPBC,12,18, 186, 184, 184, 184, 185, 186, 185, 187, 187, 185, 185, 186, 185, 184, 186, 186, 187, 185, 186, 185, 186, 186, 187, 189
2010,14215010,215,CH4 ,10PPBC,12,19, 189, 189, 189, 188, 186, 186, 185, 185, 185, 185, 185, 184, 184, 185, 186, 189, 194, 196, 195, 193, 191, 189, 187, 186
2010,14215010,215,CH4 ,10PPBC,12,20, 185, 186, 186, 186, 185, 186, 186, 189, 192, 193, 186, 181, 180, 180, 184, 186, 185, 185, 186, 186, 185, 184, 183, 182
2010,14215010,215,CH4 ,10PPBC,12,21, 182, 182, 182, 181, 180, 180, 180, 181, 181, 181, 183, 182, 183, 184, 184, 185, 186, 185, 183, 183, 183, 183, 183, 183
2010,14215010,215,CH4 ,10PPBC,12,22, 183, 182, 182, 181, 180, 180, 180, 182, 182, 183,9999,9999, 182, 182, 182, 184, 187, 186, 187, 187, 188, 189, 188, 191
2010,14215010,215,CH4 ,10PPBC,12,23, 191, 190, 188, 188, 188, 189, 188, 188, 187, 186, 187, 183, 183, 183, 184, 184, 186, 186, 189, 189, 191, 194, 195, 192
2010,14215010,215,CH4 ,10PPBC,12,24, 192, 192, 192, 195, 197, 194, 185, 185, 190, 186, 185, 185, 185, 185, 185, 184, 184, 187, 189, 189, 191, 190, 191, 189
2010,14215010,215,CH4 ,10PPBC,12,25, 189, 191, 190, 194, 193, 187, 181, 181, 182, 182, 182, 182, 181, 182, 182, 182, 182, 182, 182, 182, 182, 181, 181, 181
2010,14215010,215,CH4 ,10PPBC,12,26, 181, 185, 183, 181, 182, 181, 185, 186, 187, 183, 181, 181, 181, 181, 181, 181, 181, 181, 182, 182, 182, 183, 184, 188
2010,14215010,215,CH4 ,10PPBC,12,27, 192, 186, 187, 188, 189, 185, 186, 190, 191, 183, 183, 183, 183, 183, 184, 184, 184, 187, 190, 189, 189, 188, 187, 186
2010,14215010,215,CH4 ,10PPBC,12,28, 187, 187, 188, 188, 188, 189, 189, 189, 187, 186, 188, 185, 183,9999, 183, 183, 183, 183, 183, 183, 182, 182, 188, 191
2010,14215010,215,CH4 ,10PPBC,12,29, 190, 192, 195, 193, 192, 194, 193, 194, 192, 192, 189, 186, 186, 184, 184, 185, 186, 188, 188, 187, 187, 187, 189, 189
2010,14215010,215,CH4 ,10PPBC,12,30, 189, 190, 189, 189, 190, 191, 188, 187, 189, 189, 189, 190, 189, 187, 188, 192, 188, 188, 186, 187, 187, 188, 188, 186
2010,14215010,215,CH4 ,10PPBC,12,31, 188, 190, 191, 190, 189, 190, 190, 192, 188, 185, 182, 182, 182, 182, 182, 183, 184, 183, 185, 190, 191, 190, 190, 190
2010,14215010,215,CH4 ,10PPBC, 1, 1, 189, 188, 191, 192, 189, 190, 191, 192, 190, 188, 185, 185, 185, 184, 184, 184, 185, 187, 188, 187, 187, 187, 187, 185
2010,14215010,215,CH4 ,10PPBC, 1, 2, 186, 185, 185, 185, 185, 185, 185, 186, 186, 186, 186, 185, 184, 184, 184, 184, 187, 190, 190, 186, 186, 187, 189, 189
2010,14215010,215,CH4 ,10PPBC, 1, 3, 188, 185, 184, 184, 184, 184, 183, 184, 183, 183, 183, 184, 184, 184, 185, 186, 187, 190, 189, 189, 188, 187, 186, 185
2010,14215010,215,CH4 ,10PPBC, 1, 4, 184, 184, 183, 183, 183, 183, 182, 183, 185, 186, 186, 185, 184, 183, 184, 184, 184, 187, 187, 189, 189, 187, 188, 186
2010,14215010,215,CH4 ,10PPBC, 1, 5, 184, 184, 183, 183, 182, 183, 184, 184, 184, 184, 185, 183, 183, 183, 183, 182, 183, 183, 183, 183, 183, 182, 183, 183
2010,14215010,215,CH4 ,10PPBC, 1, 6, 182, 182, 182, 182, 182, 183, 183, 184, 187, 184, 185,9999,9999,9999, 182, 183, 183, 183, 183, 184, 185, 185, 183, 183
2010,14215010,215,CH4 ,10PPBC, 1, 7, 182, 182, 182, 181, 181, 181, 181, 182, 182, 181, 182, 182, 182, 182, 182, 183, 183, 184, 183, 184, 185, 185, 185, 184
2010,14215010,215,CH4 ,10PPBC, 1, 8, 184, 182, 181, 180, 180, 181, 181, 182, 182, 183, 183, 183, 182, 182, 182, 182, 183, 183, 183, 186, 186, 186, 186, 188
2010,14215010,215,CH4 ,10PPBC, 1, 9, 187, 187, 186, 185, 186, 187, 186, 186, 186, 185, 181, 179, 180, 180, 179, 180, 190, 195, 186, 185, 184, 184, 183, 183
2010,14215010,215,CH4 ,10PPBC, 1,10, 182, 182, 183, 183, 183, 183, 184, 184, 184, 183, 183, 183, 182, 183, 184, 184, 184, 184, 185, 185, 186, 187, 186, 185
2010,14215010,215,CH4 ,10PPBC, 1,11, 185, 185, 184, 184, 183, 182, 182, 184, 183, 185, 186, 186, 184, 183, 183, 184, 184, 187, 188, 188, 187, 189, 188, 187
2010,14215010,215,CH4 ,10PPBC, 1,12, 187, 187, 187, 188, 188, 188, 187, 188, 188, 187, 186, 184, 184, 184, 183, 183, 183, 191, 188, 183, 183, 184, 184, 185
2010,14215010,215,CH4 ,10PPBC, 1,13, 184, 184, 184, 183, 182, 182, 183, 183, 184, 183, 183, 183, 183, 183, 184, 184, 184, 184, 184, 184, 185, 185, 185, 185
2010,14215010,215,CH4 ,10PPBC, 1,14, 185, 185, 186, 187, 188, 188, 189, 188, 189, 188, 187, 186, 186, 185,9999, 187, 186, 187, 189, 189, 190, 188, 188, 187
2010,14215010,215,CH4 ,10PPBC, 1,15, 186, 185, 187, 188, 187, 187, 188, 188, 188, 184, 183, 185, 184, 184, 185, 186, 188, 188, 188, 188, 188, 186, 186, 186
2010,14215010,215,CH4 ,10PPBC, 1,16, 186, 186, 187, 187, 186, 182, 181, 181, 181, 181, 181, 181, 181, 180, 181, 181, 181, 182, 182, 182, 181, 181, 181, 181
2010,14215010,215,CH4 ,10PPBC, 1,17, 181, 183, 184, 184, 184, 185, 186, 187, 188, 186, 183, 181, 181, 181, 181, 181, 182, 182, 184, 184, 185, 185, 186, 188
2010,14215010,215,CH4 ,10PPBC, 1,18, 192, 192, 190, 189, 189, 188, 185, 186, 185, 183, 182, 185,9999,9999,9999,9999, 184, 184, 186, 188, 188, 184, 183, 183
2010,14215010,215,CH4 ,10PPBC, 1,19, 182, 182, 182, 182, 183, 184, 185, 186, 184, 183, 182, 181, 181, 181, 181, 183, 185, 185, 187, 187, 184, 183, 184, 184
2010,14215010,215,CH4 ,10PPBC, 1,20, 184, 184, 185, 184, 184, 184, 183, 183, 184, 184, 181, 181, 181, 180, 180, 180, 182, 183, 182, 183, 183, 183, 183, 184
2010,14215010,215,CH4 ,10PPBC, 1,21, 185, 184, 183, 183, 184, 182, 182, 182, 183, 183, 181, 180, 180, 181, 181, 182, 182, 182, 184, 186, 186, 186, 184, 184
2010,14215010,215,CH4 ,10PPBC, 1,22, 184, 184, 185, 184, 184, 183, 183, 184, 183, 183, 182, 181, 180, 180, 179, 180, 180, 181, 183, 184, 184, 183, 182, 182
2010,14215010,215,CH4 ,10PPBC, 1,23, 183, 184, 184, 183, 183, 183, 183, 182, 182, 182, 183, 184, 186, 183, 183, 186, 187, 188, 189, 187, 186, 185, 184, 184
2010,14215010,215,CH4 ,10PPBC, 1,24, 183, 183, 182, 182, 182, 182, 182, 184, 185, 184, 184, 184, 184, 183, 183, 184, 185, 185, 186, 185, 184, 183, 183, 183
2010,14215010,215,CH4 ,10PPBC, 1,25, 183, 185, 185, 185, 184, 184, 184, 184, 183, 184, 184, 183, 183, 184, 184, 185, 185, 187, 188, 185, 185, 185, 185, 184
2010,14215010,215,CH4 ,10PPBC, 1,26, 185, 185, 184, 184, 184, 186, 188, 187, 188, 186,9999, 184, 185, 184, 183, 183, 183, 185, 187, 185, 182, 183, 184, 185
2010,14215010,215,CH4 ,10PPBC, 1,27, 185, 185, 188, 190, 187, 187, 189, 189, 186, 186, 184, 184, 183, 183, 183, 183, 183, 183, 184, 183, 184, 185, 185, 185
2010,14215010,215,CH4 ,10PPBC, 1,28, 185, 185, 186, 185, 186, 185, 185, 186, 188, 185, 184, 183, 182, 182, 183, 183, 183, 184, 184, 183, 184, 184, 185, 184
2010,14215010,215,CH4 ,10PPBC, 1,29, 184, 185, 186, 185, 185,9999,9999,9999,9999,9999,9999,9999,9999,9999,9999,9999,9999,9999,9999,9999,9999,9999,9999,9999
2010,14215010,215,CH4 ,10PPBC, 1,30,9999,9999,9999,9999,9999,9999,9999,9999,9999,9999,9999,9999,9999,9999,9999,9999,9999,9999,9999,9999,9999,9999,9999,9999
2010,14215010,215,CH4 ,10PPBC, 1,31,9999,9999,9999,9999,9999,9999,9999,9999,9999,9999,9999,9999,9999,9999,9999, 185, 185, 185, 185, 186, 187, 187, 187, 187
2010,14215010,215,CH4 ,10PPBC, 2, 1, 187, 186, 187, 185, 186, 186, 188, 189, 188, 186, 185, 185, 183, 183, 183, 183, 183, 185, 188, 189, 189, 189, 189, 188
2010,14215010,215,CH4 ,10PPBC, 2, 2, 186, 185, 185, 185, 186, 186, 184, 185,9999,9999,9999,9999,9999,9999,9999,9999,9999,9999,9999,9999,9999,9999,9999,9999
2010,14215010,215,CH4 ,10PPBC, 2, 3,9999,9999,9999,9999,9999,9999,9999,9999,9999,9999,9999,9999,9999,9999,9999, 190, 188, 188, 189, 189, 189, 192, 194, 194
2010,14215010,215,CH4 ,10PPBC, 2, 4, 193, 192, 188, 186, 185,9999,9999,9999,9999,9999,9999,9999,9999,9999,9999,9999,9999,9999,9999,9999,9999,9999,9999,9999
2010,14215010,215,CH4 ,10PPBC, 2, 5,9999,9999,9999,9999,9999,9999,9999,9999,9999,9999,9999,9999,9999,9999,9999,9999,9999,9999,9999,9999,9999,9999,9999,9999
2010,14215010,215,CH4 ,10PPBC, 2, 6,9999,9999,9999,9999,9999,9999,9999,9999,9999,9999,9999,9999,9999,9999,9999,9999,9999,9999,9999,9999,9999,9999,9999,9999
2010,14215010,215,CH4 ,10PPBC, 2, 7,9999,9999,9999,9999,9999,9999,9999,9999,9999,9999,9999,9999,9999,9999,9999,9999,9999,9999,9999,9999,9999,9999,9999,9999
2010,14215010,215,CH4 ,10PPBC, 2, 8,9999,9999,9999,9999,9999,9999,9999,9999,9999,9999,9999,9999,9999,9999,9999,9999,9999,9999,9999,9999,9999,9999,9999,9999
2010,14215010,215,CH4 ,10PPBC, 2, 9,9999,9999,9999,9999,9999,9999,9999,9999,9999,9999,9999,9999,9999,9999,9999,9999,9999,9999,9999,9999,9999,9999,9999,9999
2010,14215010,215,CH4 ,10PPBC, 2,10,9999,9999,9999,9999,9999,9999,9999,9999,9999,9999,9999,9999,9999,9999,9999,9999,9999,9999,9999,9999,9999,9999,9999,9999
2010,14215010,215,CH4 ,10PPBC, 2,11,9999,9999,9999,9999,9999,9999,9999,9999,9999,9999,9999,9999,9999,9999,9999,9999,9999,9999,9999,9999,9999,9999,9999,9999
2010,14215010,215,CH4 ,10PPBC, 2,12,9999,9999,9999,9999,9999,9999,9999,9999,9999,9999,9999,9999,9999,9999,9999,9999,9999,9999,9999,9999,9999,9999,9999,9999
2010,14215010,215,CH4 ,10PPBC, 2,13,9999,9999,9999,9999,9999,9999,9999,9999,9999,9999,9999,9999,9999,9999,9999,9999,9999,9999,9999,9999,9999,9999,9999,9999
2010,14215010,215,CH4 ,10PPBC, 2,14,9999,9999,9999,9999,9999,9999,9999,9999,9999,9999,9999,9999,9999,9999,9999,9999,9999,9999,9999,9999,9999,9999,9999,9999
2010,14215010,215,CH4 ,10PPBC, 2,15,9999,9999,9999,9999,9999,9999,9999,9999,9999,9999,9999,9999,9999,9999,9999,9999,9999,9999,9999,9999,9999,9999,9999,9999
2010,14215010,215,CH4 ,10PPBC, 2,16,9999,9999,9999,9999,9999,9999,9999,9999,9999,9999,9999,9999,9999,9999,9999,9999,9999,9999,9999,9999,9999,9999,9999,9999
2010,14215010,215,CH4 ,10PPBC, 2,17,9999,9999,9999,9999,9999,9999,9999,9999,9999,9999,9999,9999,9999,9999,9999,9999,9999,9999,9999,9999,9999,9999,9999,9999
2010,14215010,215,CH4 ,10PPBC, 2,18,9999,9999,9999,9999,9999,9999,9999,9999,9999,9999,9999,9999,9999,9999,9999,9999,9999,9999,9999,9999,9999,9999,9999,9999
2010,14215010,215,CH4 ,10PPBC, 2,19,9999,9999,9999,9999,9999,9999,9999,9999,9999,9999,9999,9999,9999,9999,9999,9999,9999,9999,9999,9999,9999,9999,9999,9999
2010,14215010,215,CH4 ,10PPBC, 2,20,9999,9999,9999,9999,9999,9999,9999,9999,9999,9999,9999,9999,9999,9999,9999,9999,9999,9999,9999,9999,9999,9999,9999,9999
2010,14215010,215,CH4 ,10PPBC, 2,21,9999,9999,9999,9999,9999,9999,9999,9999,9999,9999,9999,9999,9999,9999,9999,9999,9999,9999,9999,9999,9999,9999,9999,9999
2010,14215010,215,CH4 ,10PPBC, 2,22,9999,9999,9999,9999,9999,9999,9999,9999,9999,9999,9999,9999,9999,9999,9999,9999,9999,9999,9999,9999,9999,9999,9999,9999
2010,14215010,215,CH4 ,10PPBC, 2,23,9999,9999,9999,9999,9999,9999,9999,9999,9999,9999,9999,9999,9999,9999,9999,9999,9999,9999,9999,9999,9999,9999,9999,9999
2010,14215010,215,CH4 ,10PPBC, 2,24,9999,9999,9999,9999,9999,9999,9999,9999,9999,9999,9999,9999,9999,9999,9999,9999,9999,9999,9999,9999,9999,9999,9999,9999
2010,14215010,215,CH4 ,10PPBC, 2,25,9999,9999,9999,9999,9999,9999,9999,9999,9999,9999,9999,9999,9999,9999,9999,9999,9999,9999,9999,9999,9999,9999,9999,9999
2010,14215010,215,CH4 ,10PPBC, 2,26,9999,9999,9999,9999,9999,9999,9999,9999,9999,9999,9999,9999,9999,9999,9999,9999,9999,9999,9999,9999,9999,9999,9999,9999
2010,14215010,215,CH4 ,10PPBC, 2,27,9999,9999,9999,9999,9999,9999,9999,9999,9999,9999,9999,9999,9999,9999,9999,9999,9999,9999,9999,9999,9999,9999,9999,9999
2010,14215010,215,CH4 ,10PPBC, 2,28,9999,9999,9999,9999,9999,9999,9999,9999,9999,9999,9999,9999,9999,9999,9999,9999,9999,9999,9999,9999,9999,9999,9999,9999
2010,14215010,215,CH4 ,10PPBC, 2,29,9998,9998,9998,9998,9998,9998,9998,9998,9998,9998,9998,9998,9998,9998,9998,9998,9998,9998,9998,9998,9998,9998,9998,9998
2010,14215010,215,CH4 ,10PPBC, 2,30,9998,9998,9998,9998,9998,9998,9998,9998,9998,9998,9998,9998,9998,9998,9998,9998,9998,9998,9998,9998,9998,9998,9998,9998
2010,14215010,215,CH4 ,10PPBC, 2,31,9998,9998,9998,9998,9998,9998,9998,9998,9998,9998,9998,9998,9998,9998,9998,9998,9998,9998,9998,9998,9998,9998,9998,9998
2010,14215010,215,CH4 ,10PPBC, 3, 1,9999,9999,9999,9999,9999,9999,9999,9999,9999,9999,9999,9999,9999,9999,9999,9999,9999,9999,9999,9999,9999,9999,9999,9999
2010,14215010,215,CH4 ,10PPBC, 3, 2,9999,9999,9999,9999,9999,9999,9999,9999,9999,9999,9999,9999,9999,9999,9999,9999,9999,9999,9999,9999,9999,9999,9999,9999
2010,14215010,215,CH4 ,10PPBC, 3, 3,9999,9999,9999,9999,9999,9999,9999,9999,9999,9999,9999,9999,9999,9999,9999,9999,9999,9999,9999,9999,9999,9999,9999,9999
2010,14215010,215,CH4 ,10PPBC, 3, 4,9999,9999,9999,9999,9999,9999,9999,9999,9999,9999,9999,9999,9999,9999,9999,9999,9999,9999,9999,9999,9999,9999,9999,9999
2010,14215010,215,CH4 ,10PPBC, 3, 5,9999,9999,9999,9999,9999,9999,9999,9999,9999,9999,9999,9999,9999,9999,9999,9999,9999,9999,9999,9999,9999,9999,9999,9999
2010,14215010,215,CH4 ,10PPBC, 3, 6,9999,9999,9999,9999,9999,9999,9999,9999,9999,9999,9999,9999,9999,9999,9999,9999,9999,9999,9999,9999,9999,9999,9999,9999
2010,14215010,215,CH4 ,10PPBC, 3, 7,9999,9999,9999,9999,9999,9999,9999,9999,9999,9999,9999,9999,9999,9999,9999,9999,9999,9999,9999,9999,9999,9999,9999,9999
2010,14215010,215,CH4 ,10PPBC, 3, 8,9999,9999,9999,9999,9999,9999,9999,9999,9999,9999,9999,9999,9999,9999,9999,9999,9999,9999,9999,9999,9999,9999,9999,9999
2010,14215010,215,CH4 ,10PPBC, 3, 9,9999,9999,9999,9999,9999,9999,9999,9999,9999,9999,9999,9999,9999,9999,9999,9999,9999,9999,9999,9999,9999,9999,9999,9999
2010,14215010,215,CH4 ,10PPBC, 3,10,9999,9999,9999,9999,9999,9999,9999,9999,9999,9999,9999,9999,9999,9999,9999,9999,9999,9999,9999,9999,9999,9999,9999,9999
2010,14215010,215,CH4 ,10PPBC, 3,11,9999,9999,9999,9999,9999,9999,9999,9999,9999,9999,9999,9999,9999,9999,9999,9999,9999,9999,9999,9999,9999,9999,9999,9999
2010,14215010,215,CH4 ,10PPBC, 3,12,9999,9999,9999,9999,9999,9999,9999,9999,9999,9999,9999,9999,9999,9999,9999,9999,9999,9999,9999,9999,9999,9999,9999,9999
2010,14215010,215,CH4 ,10PPBC, 3,13,9999,9999,9999,9999,9999,9999,9999,9999,9999,9999,9999,9999,9999,9999,9999,9999,9999,9999,9999,9999,9999,9999,9999,9999
2010,14215010,215,CH4 ,10PPBC, 3,14,9999,9999,9999,9999,9999,9999,9999,9999,9999,9999,9999,9999,9999,9999,9999,9999,9999,9999,9999,9999,9999,9999,9999,9999
2010,14215010,215,CH4 ,10PPBC, 3,15,9999,9999,9999,9999,9999,9999,9999,9999,9999,9999,9999,9999,9999,9999,9999,9999,9999,9999,9999,9999,9999,9999,9999,9999
2010,14215010,215,CH4 ,10PPBC, 3,16,9999,9999,9999,9999,9999,9999,9999,9999,9999,9999,9999,9999,9999,9999,9999,9999,9999,9999,9999,9999,9999,9999,9999,9999
2010,14215010,215,CH4 ,10PPBC, 3,17,9999,9999,9999,9999,9999,9999,9999,9999,9999,9999,9999,9999,9999,9999,9999,9999,9999,9999,9999,9999,9999,9999,9999,9999
2010,14215010,215,CH4 ,10PPBC, 3,18,9999,9999,9999,9999,9999,9999,9999,9999,9999,9999,9999,9999,9999,9999,9999,9999,9999,9999,9999,9999,9999,9999,9999,9999
2010,14215010,215,CH4 ,10PPBC, 3,19,9999,9999,9999,9999,9999,9999,9999,9999,9999,9999,9999,9999,9999,9999,9999,9999,9999,9999,9999,9999,9999,9999,9999,9999
2010,14215010,215,CH4 ,10PPBC, 3,20,9999,9999,9999,9999,9999,9999,9999,9999,9999,9999,9999,9999,9999,9999,9999,9999,9999,9999,9999,9999,9999,9999,9999,9999
2010,14215010,215,CH4 ,10PPBC, 3,21,9999,9999,9999,9999,9999,9999,9999,9999,9999,9999,9999,9999,9999,9999,9999,9999,9999,9999,9999,9999,9999,9999,9999,9999
2010,14215010,215,CH4 ,10PPBC, 3,22,9999,9999,9999,9999,9999,9999,9999,9999,9999,9999,9999,9999,9999,9999,9999,9999,9999,9999,9999,9999,9999,9999,9999,9999
2010,14215010,215,CH4 ,10PPBC, 3,23,9999,9999,9999,9999,9999,9999,9999,9999,9999,9999,9999,9999,9999,9999,9999,9999,9999,9999,9999,9999,9999,9999,9999,9999
2010,14215010,215,CH4 ,10PPBC, 3,24,9999,9999,9999,9999,9999,9999,9999,9999,9999,9999,9999,9999,9999,9999,9999,9999,9999,9999,9999,9999,9999,9999,9999,9999
2010,14215010,215,CH4 ,10PPBC, 3,25,9999,9999,9999,9999,9999,9999,9999,9999,9999,9999,9999,9999,9999,9999,9999,9999,9999,9999,9999,9999,9999,9999,9999,9999
2010,14215010,215,CH4 ,10PPBC, 3,26,9999,9999,9999,9999,9999,9999,9999,9999,9999,9999,9999,9999,9999,9999,9999,9999,9999,9999,9999,9999,9999,9999,9999,9999
2010,14215010,215,CH4 ,10PPBC, 3,27,9999,9999,9999,9999,9999,9999,9999,9999,9999,9999,9999,9999,9999,9999,9999,9999,9999,9999,9999,9999,9999,9999,9999,9999
2010,14215010,215,CH4 ,10PPBC, 3,28,9999,9999,9999,9999,9999,9999,9999,9999,9999,9999,9999,9999,9999,9999,9999,9999,9999,9999,9999,9999,9999,9999,9999,9999
2010,14215010,215,CH4 ,10PPBC, 3,29,9999,9999,9999,9999,9999,9999,9999,9999,9999,9999,9999,9999,9999,9999,9999,9999,9999,9999,9999,9999,9999,9999,9999,9999
2010,14215010,215,CH4 ,10PPBC, 3,30,9999,9999,9999,9999,9999,9999,9999,9999,9999,9999,9999,9999,9999,9999,9999,9999,9999,9999,9999,9999,9999,9999,9999,9999
2010,14215010,215,CH4 ,10PPBC, 3,31,9999,9999,9999,9999,9999,9999,9999,9999,9999,9999,9999,9999,9999,9999,9999,9999,9999,9999,9999,9999,9999,9999,9999,9999
2010,14216020,216,CH4 ,10PPBC, 4, 1, 203, 202, 199, 196, 199, 198, 199, 194, 193, 190, 189, 188, 188, 187, 187, 187, 187, 187, 186, 187, 186, 186, 187, 186
2010,14216020,216,CH4 ,10PPBC, 4, 2, 186, 186, 185, 185, 185, 185, 184, 184, 184, 184,9999,9999, 181, 189, 190, 191, 192, 193, 192, 194, 196, 197, 195, 195
2010,14216020,216,CH4 ,10PPBC, 4, 3, 195, 192, 192, 192, 192, 193, 193, 194, 194, 194, 195, 195, 193, 193, 192, 192, 192, 192, 193, 194, 196, 197, 196, 198
2010,14216020,216,CH4 ,10PPBC, 4, 4, 198, 196, 195, 196, 197, 197, 199, 198, 198, 198, 198, 198, 198, 198, 198, 198, 198, 198, 198, 199, 200, 199, 198, 197
2010,14216020,216,CH4 ,10PPBC, 4, 5, 197, 196, 196, 196, 197, 197, 197, 197, 197, 198, 197, 197, 196, 196, 196, 196, 196, 196, 197, 197, 198, 198, 197, 197
2010,14216020,216,CH4 ,10PPBC, 4, 6, 195, 196, 195, 195, 199, 196, 197, 196, 196, 195, 193, 192, 190, 192, 190, 190, 191, 190, 191, 192, 192, 192, 193, 193
2010,14216020,216,CH4 ,10PPBC, 4, 7, 194, 193, 190, 189, 192, 195, 197, 198, 195, 195, 194, 196, 196, 197, 193, 200, 197, 197, 195, 195, 195, 195, 195, 196
2010,14216020,216,CH4 ,10PPBC, 4, 8, 196, 195, 195, 195, 195, 195, 196, 196, 196, 196, 195, 195, 195, 195, 195, 195, 195, 195, 195, 195, 195, 197, 197, 200
2010,14216020,216,CH4 ,10PPBC, 4, 9, 196, 197, 197, 198, 197, 198, 198, 198, 198, 198,9999,9999,9999, 193, 193, 193, 193, 192, 193, 194, 194, 197, 202, 201
2010,14216020,216,CH4 ,10PPBC, 4,10, 195, 193, 193, 194, 194, 196, 194, 194, 193, 194, 194, 193, 193, 195, 191, 192, 191, 191, 189, 190, 190, 191, 191, 192
2010,14216020,216,CH4 ,10PPBC, 4,11, 192, 193, 193, 192, 191, 191, 190, 191, 192, 193, 193, 192, 192, 192, 192, 192, 192,9999,9999, 192, 192, 193, 193, 193
2010,14216020,216,CH4 ,10PPBC, 4,12, 193, 193, 192, 192, 192, 192, 192, 193, 192, 194, 194, 193, 194, 194, 193, 193, 193, 192, 194, 194, 193, 192, 192, 191
2010,14216020,216,CH4 ,10PPBC, 4,13, 191, 190, 190, 190, 190, 191, 190, 190, 190, 190, 189, 189, 188, 187,9999, 187, 187, 187, 187, 186, 187, 186, 187, 189
2010,14216020,216,CH4 ,10PPBC, 4,14, 193, 190, 190, 190, 190, 191, 191, 192, 192, 192, 192, 192, 192, 193, 193, 192, 193, 192, 192, 193, 193, 193, 193, 192
2010,14216020,216,CH4 ,10PPBC, 4,15, 193, 192, 192, 192, 191, 191, 192, 192, 192, 193, 193, 192, 192, 194, 194, 195, 196, 199, 199, 198, 206, 197, 197, 198
2010,14216020,216,CH4 ,10PPBC, 4,16, 198, 198, 196, 194, 193, 193, 194, 195, 195, 195, 195, 194, 195, 195, 194, 194, 194, 194, 194, 194, 194, 194, 194, 193
2010,14216020,216,CH4 ,10PPBC, 4,17, 194, 193, 193, 192, 191, 192, 191, 192, 193, 195, 193, 193, 192, 191, 192, 192, 195, 194, 195, 195, 195, 195, 197, 200
2010,14216020,216,CH4 ,10PPBC, 4,18, 203, 207, 207, 204, 202, 205, 204, 199, 196, 194, 195, 194, 194, 197, 196, 193, 192, 193, 193, 192, 195, 195, 196, 196
2010,14216020,216,CH4 ,10PPBC, 4,19, 196, 197, 196, 197, 198, 197, 196, 197, 197, 198, 196, 195, 193, 193, 193, 194, 192, 192, 193, 194, 194, 194, 193, 194
2010,14216020,216,CH4 ,10PPBC, 4,20, 194, 192, 193, 193, 192, 195, 192, 190, 190, 189, 189, 188, 188, 188, 189, 189, 189, 189, 192, 192, 191, 193, 193, 191
2010,14216020,216,CH4 ,10PPBC, 4,21, 191, 191, 192, 192, 193, 194, 196, 195, 194, 192, 190, 189, 189, 187, 187, 187, 187, 188, 189, 189, 189, 189, 191, 194
2010,14216020,216,CH4 ,10PPBC, 4,22, 193, 193, 194, 197, 196, 194, 195, 195, 195, 196, 195, 195, 194, 194, 194, 193, 193, 193, 193, 193, 193, 193, 193, 193
2010,14216020,216,CH4 ,10PPBC, 4,23, 193, 191, 192, 192, 192, 193, 193, 193, 193, 192, 192, 192,9999, 192, 191, 191, 192, 193, 194, 196, 195, 194, 196, 198
2010,14216020,216,CH4 ,10PPBC, 4,24, 196, 196, 195, 195, 195, 195, 195, 195, 194, 193, 192, 192, 192, 192, 193, 193, 193, 193, 193, 193, 194, 194, 195, 196
2010,14216020,216,CH4 ,10PPBC, 4,25, 196, 195, 194, 194, 195, 193, 194, 194, 195, 195, 194, 195, 195, 194, 193, 193, 193, 192, 193, 191, 193, 194, 194, 196
2010,14216020,216,CH4 ,10PPBC, 4,26, 196, 195, 194, 194, 194, 194, 194, 194, 194, 194, 194, 195, 194, 193, 196, 193, 193, 192, 193, 193, 195, 199, 197, 200
2010,14216020,216,CH4 ,10PPBC, 4,27, 199, 196, 195, 195, 195, 195, 195, 195, 195, 195, 196, 195, 195, 195, 195, 197, 195, 194, 196, 197, 199, 200, 200, 199
2010,14216020,216,CH4 ,10PPBC, 4,28, 195, 192, 191, 192, 192, 192, 195, 196, 192, 191, 191, 191, 191, 190, 190, 190, 191, 190, 191, 192, 193, 194, 193, 195
2010,14216020,216,CH4 ,10PPBC, 4,29, 197, 196, 194, 194, 192, 189, 189, 189, 189, 188, 187, 187, 187, 188, 188, 188, 188, 189, 190, 190, 191, 191, 192, 193
2010,14216020,216,CH4 ,10PPBC, 4,30, 193, 193, 193, 193, 193, 193, 193, 193, 193, 192,9999, 192, 191, 190, 190, 190, 190, 190, 191, 191, 192, 192, 192, 192
2010,14216020,216,CH4 ,10PPBC, 4,31,9998,9998,9998,9998,9998,9998,9998,9998,9998,9998,9998,9998,9998,9998,9998,9998,9998,9998,9998,9998,9998,9998,9998,9998
2010,14216020,216,CH4 ,10PPBC, 5, 1, 192, 192, 193, 193, 192, 192, 193, 194, 194, 194, 193, 192, 192, 192, 192, 191, 191, 191, 191, 193, 194, 195, 198, 201
2010,14216020,216,CH4 ,10PPBC, 5, 2, 194, 194, 192, 193, 192, 192, 192, 193, 194, 194, 194, 194, 193, 192, 192, 192, 192, 192, 192, 194, 194, 194, 195, 195
2010,14216020,216,CH4 ,10PPBC, 5, 3, 196, 200, 200, 194, 193, 194, 194, 194, 195, 195, 195, 193, 193, 191, 191, 191, 190, 190, 190, 190, 191, 191, 191, 191
2010,14216020,216,CH4 ,10PPBC, 5, 4, 191, 191, 193, 193, 194, 197, 198, 195, 193, 193, 192, 191, 190, 189, 190, 190, 192, 191, 192, 192, 191, 192, 192, 195
2010,14216020,216,CH4 ,10PPBC, 5, 5, 196, 197, 196, 196, 194, 192, 193, 193, 194, 194, 194, 193, 192, 192, 192, 189, 188, 188, 190, 190, 190, 190, 190, 190
2010,14216020,216,CH4 ,10PPBC, 5, 6, 190, 191, 194, 193, 194, 193, 191, 191, 189, 187, 185, 185, 184, 184, 184, 183, 183, 182, 183, 183, 183, 183, 183, 183
2010,14216020,216,CH4 ,10PPBC, 5, 7, 183, 183, 184, 184, 183, 183, 183, 183, 183, 182, 183, 182, 182,9999,9999, 181, 182, 182, 182, 182, 183, 189, 190, 189
2010,14216020,216,CH4 ,10PPBC, 5, 8, 187, 187, 187, 187, 187, 187, 187, 188, 189, 190, 192, 191, 191, 190, 188, 189, 188, 188, 189, 189, 189, 190, 190, 191
2010,14216020,216,CH4 ,10PPBC, 5, 9, 191, 192, 194, 194, 192, 192, 192, 191, 190, 191, 191, 190, 193, 194, 194, 194, 193, 194, 193, 194, 194, 196, 199, 197
2010,14216020,216,CH4 ,10PPBC, 5,10, 193, 193, 193, 194, 195, 194, 194, 194, 193, 193, 192, 192, 192, 191, 192, 191, 191, 191, 191, 194, 193, 194, 194, 194
2010,14216020,216,CH4 ,10PPBC, 5,11, 195, 196, 196, 194, 192, 191, 191, 192, 190, 188, 188, 189, 188, 190, 190, 192, 191, 192, 192, 194, 192, 190, 191, 191
2010,14216020,216,CH4 ,10PPBC, 5,12, 191, 190, 191, 190, 190, 191, 190, 190, 190, 190, 190, 189, 189, 189, 188, 189, 189, 189, 190, 190, 191, 192, 194, 194
2010,14216020,216,CH4 ,10PPBC, 5,13, 198, 196, 196, 194, 195, 193, 191, 191,9999, 191, 190, 190, 191, 191, 191, 191, 191, 191, 190, 190, 191, 190, 192, 191
2010,14216020,216,CH4 ,10PPBC, 5,14, 191, 192, 192, 191, 191, 191, 191, 191, 191, 190,9999,9999, 189, 189, 192, 193, 193, 193, 193, 192, 192, 194, 193, 193
2010,14216020,216,CH4 ,10PPBC, 5,15, 193, 194, 193, 193, 193, 193, 192, 192, 191, 190, 191, 191, 193, 193, 192, 192, 192, 191, 191, 190, 192, 194, 195, 194
2010,14216020,216,CH4 ,10PPBC, 5,16, 195, 194, 194, 194, 198, 196, 197, 196, 192, 191, 190, 190, 189, 189, 188, 188, 188, 188, 188, 189, 191, 192, 194, 193
2010,14216020,216,CH4 ,10PPBC, 5,17, 193, 191, 190, 192, 191, 190, 190, 191, 191, 191, 192, 192, 191, 191, 190, 189, 188, 188, 189, 191, 191, 192, 193, 196
2010,14216020,216,CH4 ,10PPBC, 5,18, 197, 195, 193, 193, 191, 191, 192, 192, 191, 190, 189, 188, 188, 188, 188, 188, 187, 187, 187, 188, 188, 188, 188, 187
2010,14216020,216,CH4 ,10PPBC, 5,19, 188, 188, 187, 188, 188, 187, 187, 187, 187, 187, 187, 188, 187, 187, 187, 187, 187, 187, 187, 187, 187, 187, 187, 187
2010,14216020,216,CH4 ,10PPBC, 5,20, 187, 186, 187, 186, 186, 186, 186, 186, 186, 186, 186, 185, 186, 190, 190, 190, 189, 189, 190, 191, 192, 192, 191, 190
2010,14216020,216,CH4 ,10PPBC, 5,21, 189, 190, 190, 191, 194, 192, 193, 192, 192, 192, 191, 191, 191,9999, 190, 190, 190, 190, 191, 192, 193, 197, 195, 198
2010,14216020,216,CH4 ,10PPBC, 5,22, 199, 196, 191, 194, 197, 194, 192, 194, 195, 195, 194, 194, 197, 196, 196, 195, 192, 191, 192, 192, 192, 192, 192, 192
2010,14216020,216,CH4 ,10PPBC, 5,23, 192, 192, 194, 194, 196, 194, 195, 194, 193, 192, 190, 190, 189, 190, 193, 191, 191, 191, 192, 193, 192, 190, 190, 190
2010,14216020,216,CH4 ,10PPBC, 5,24, 191, 190, 190, 189, 193, 190, 190, 190, 189, 189, 189, 189, 189, 188, 188, 189, 188, 189, 191, 190, 190, 191, 190, 187
2010,14216020,216,CH4 ,10PPBC, 5,25, 187, 187, 187, 190, 193, 195, 195, 192, 190, 188, 188, 188, 188, 189, 189, 188, 189, 191, 192, 193, 192, 190, 190, 190
2010,14216020,216,CH4 ,10PPBC, 5,26, 190, 190, 190, 191, 192, 192, 191, 191, 191, 191, 191, 190, 189, 188, 186, 188, 189, 189, 195, 196, 193, 190, 189, 189
2010,14216020,216,CH4 ,10PPBC, 5,27, 189, 190, 190, 192, 194, 193, 192, 192, 192, 190, 189, 189, 188, 188, 188, 188, 188, 188, 188, 188, 191, 190, 190, 188
2010,14216020,216,CH4 ,10PPBC, 5,28, 188, 188, 188, 188, 188, 189, 188, 188, 188, 187, 188,9999, 188, 188, 190, 189, 190, 189, 188, 188, 189, 189, 189, 190
2010,14216020,216,CH4 ,10PPBC, 5,29, 190, 190, 190, 190, 191, 191, 191, 190, 194, 191, 190, 191, 191, 192, 192, 192, 193, 192, 191, 191, 191, 191, 191, 191
2010,14216020,216,CH4 ,10PPBC, 5,30, 190, 190, 189, 188, 188, 189, 189, 189, 190, 190, 189, 189, 190, 190, 190, 189, 190, 191, 190, 191, 191, 191, 190, 191
2010,14216020,216,CH4 ,10PPBC, 5,31, 190, 192, 193, 195, 196, 194, 193, 193, 193, 192, 193, 194, 196,9999, 191, 189, 188, 189, 189, 189, 189, 189, 189, 191
2010,14216020,216,CH4 ,10PPBC, 6, 1, 193, 193, 196, 196, 204, 192, 193, 193, 193, 192, 192, 191, 191, 192, 193, 190, 191, 190, 188, 189, 189, 191, 194, 196
2010,14216020,216,CH4 ,10PPBC, 6, 2, 197, 197, 198, 199, 196, 194, 201, 213, 204, 201, 199, 196, 196, 196, 194, 192, 191, 191, 190, 189, 190, 190, 190, 191
2010,14216020,216,CH4 ,10PPBC, 6, 3, 191, 193, 194, 194, 194, 194, 194, 194, 194, 193, 193, 192, 191, 189, 188, 188, 188, 187, 187, 188, 188, 188, 189, 191
2010,14216020,216,CH4 ,10PPBC, 6, 4, 191, 191, 191, 190, 192, 191, 190, 190, 189, 190, 189, 188, 187, 187, 188, 187, 187, 186, 187, 189, 189, 190, 189, 190
2010,14216020,216,CH4 ,10PPBC, 6, 5, 190, 191, 192, 191, 190, 191, 191, 190, 191, 191, 192, 191, 190, 190, 192, 193, 192, 192, 192, 191, 191, 192, 191, 195
2010,14216020,216,CH4 ,10PPBC, 6, 6, 197, 193, 192, 192, 192, 192, 193, 193, 193, 193, 194, 194, 193, 191, 190, 189, 188, 188, 188, 188, 189, 188, 189, 190
2010,14216020,216,CH4 ,10PPBC, 6, 7, 191, 191, 192, 192, 193, 193, 194, 193, 193, 194, 194, 194, 192, 189, 189, 188, 188, 189, 188, 189, 189, 189, 190, 189
2010,14216020,216,CH4 ,10PPBC, 6, 8, 189, 189, 190, 190, 192, 194, 194, 192, 193, 195, 197, 195, 193, 194, 196, 194, 192, 191, 192, 194, 194, 192, 192, 193
2010,14216020,216,CH4 ,10PPBC, 6, 9, 191, 190, 190, 190, 191, 190, 191, 191, 191, 190, 192, 194, 194, 194, 195, 195, 196, 201, 198, 201, 200, 202, 193, 192
2010,14216020,216,CH4 ,10PPBC, 6,10, 192, 193, 192, 191, 191, 192, 191, 190, 192, 194, 193, 192, 191, 191, 190, 190, 190, 190, 189, 189, 188, 190, 191, 194
2010,14216020,216,CH4 ,10PPBC, 6,11, 196, 196, 196, 197, 196, 192, 192, 191, 191, 193, 193,9999,9999, 188, 189, 187, 187, 186, 185, 185, 185, 185, 186, 188
2010,14216020,216,CH4 ,10PPBC, 6,12, 189, 188, 187, 188, 189, 191, 190, 189, 188, 187, 186, 184, 185, 185, 185, 184, 184, 184, 184, 185, 185, 185, 185, 183
2010,14216020,216,CH4 ,10PPBC, 6,13, 185, 185, 186, 187, 187, 186, 186, 186, 185, 185, 184, 184, 184, 184, 184, 184, 184, 184, 185, 184, 185, 185, 185, 185
2010,14216020,216,CH4 ,10PPBC, 6,14, 185, 185, 185, 186, 185, 185, 185, 185, 187, 187, 188, 188, 188, 189, 186, 186, 185, 186, 186, 186, 186, 186, 186, 187
2010,14216020,216,CH4 ,10PPBC, 6,15, 189, 190, 189, 191, 191, 190, 190, 189, 189, 186, 185, 185, 185, 186, 186, 186, 188, 189, 189, 188, 185, 183, 185, 186
2010,14216020,216,CH4 ,10PPBC, 6,16, 187, 187, 188, 185, 183, 183, 174, 173, 173, 176, 177, 176, 177, 179, 181, 184, 186, 186, 187, 188, 187, 190, 190, 189
2010,14216020,216,CH4 ,10PPBC, 6,17, 185, 186, 183, 185, 189, 187, 189, 189, 189, 191, 188, 188, 186, 189, 189, 188, 186, 187, 185, 186, 185, 185, 185, 187
2010,14216020,216,CH4 ,10PPBC, 6,18, 185, 187, 186, 188, 191, 196, 195, 195, 193, 191,9999, 190, 189, 184, 175, 177, 180, 181, 182, 183, 184, 186, 187, 188
2010,14216020,216,CH4 ,10PPBC, 6,19, 186, 187, 187, 187, 187, 187, 186, 186, 187, 188, 189, 187, 183, 179, 181, 183, 182, 183, 183, 183, 183, 181, 183, 183
2010,14216020,216,CH4 ,10PPBC, 6,20, 175, 175, 175, 183, 186, 190, 191, 191, 189, 185, 177, 177, 178, 177, 178, 180, 179, 178, 178, 178, 178, 178, 177, 177
2010,14216020,216,CH4 ,10PPBC, 6,21, 178, 178, 177, 176, 176, 176, 177, 179, 178, 178, 176, 177, 175, 176, 175, 176, 177, 178, 178, 181, 183, 185, 184, 183
2010,14216020,216,CH4 ,10PPBC, 6,22, 184, 187, 185, 186, 186, 185, 185, 187, 185, 189, 185, 180, 182, 182, 182, 180, 178, 177, 178, 180, 181, 181, 183, 183
2010,14216020,216,CH4 ,10PPBC, 6,23, 185, 184, 182, 183, 184, 180, 180, 178, 175, 175, 174, 174, 174, 174, 180, 184, 184, 184, 186, 184, 182, 181, 182, 185
2010,14216020,216,CH4 ,10PPBC, 6,24, 186, 185, 186, 190, 187, 187, 188, 188, 188, 187, 188, 188, 188, 188, 188, 198, 196, 197, 198, 196, 194, 194, 195, 196
2010,14216020,216,CH4 ,10PPBC, 6,25, 197, 198, 195, 189, 193, 198, 194, 193, 192, 190,9999, 191, 191, 190, 192, 191, 185, 187, 188, 190, 189, 193, 194, 201
2010,14216020,216,CH4 ,10PPBC, 6,26, 199, 198, 193, 190, 198, 197, 197, 195, 188, 181, 180, 179, 179, 180, 179, 179, 179, 179, 179, 180, 180, 180, 180, 179
2010,14216020,216,CH4 ,10PPBC, 6,27, 179, 178, 177, 178, 178, 178, 178, 177, 177, 177, 177, 177, 176, 176, 176, 177, 176, 176, 177, 179, 179, 179, 180, 182
2010,14216020,216,CH4 ,10PPBC, 6,28, 182, 185, 186, 195, 189, 188, 187, 183, 183, 184, 184, 187, 189, 187, 187, 189, 191, 187, 181, 185, 189, 189, 189, 188
2010,14216020,216,CH4 ,10PPBC, 6,29, 186, 187, 189, 189, 196, 194, 191, 192, 193, 194, 192, 204, 211, 207, 196, 188, 188, 186, 187, 187, 181, 181, 182, 185
2010,14216020,216,CH4 ,10PPBC, 6,30, 185, 184, 181, 183, 183, 181, 182, 182, 182, 181, 181, 182, 182, 181, 182, 183, 183, 183, 183, 183, 184, 184, 184, 185
2010,14216020,216,CH4 ,10PPBC, 6,31,9998,9998,9998,9998,9998,9998,9998,9998,9998,9998,9998,9998,9998,9998,9998,9998,9998,9998,9998,9998,9998,9998,9998,9998
2010,14216020,216,CH4 ,10PPBC, 7, 1, 185, 185, 183, 184, 184, 184, 190, 187, 187, 187,9999, 183, 180, 179, 178, 177, 176, 176, 176, 179, 180, 179, 180, 184
2010,14216020,216,CH4 ,10PPBC, 7, 2, 186, 184, 185, 186, 185, 187, 187, 186, 186, 187, 186, 185, 180, 179, 177, 177, 177, 178, 179, 179, 180, 181, 186, 190
2010,14216020,216,CH4 ,10PPBC, 7, 3, 187, 187, 188, 188, 188, 189, 191, 189, 188, 188, 187, 186, 183, 181, 180, 180, 179, 179, 179, 178, 178, 178, 180, 182
2010,14216020,216,CH4 ,10PPBC, 7, 4, 180, 180, 178, 179, 190, 191, 188, 185, 184, 184, 185, 185, 184, 183, 182, 182, 183, 184, 183, 184, 184, 186, 190, 195
2010,14216020,216,CH4 ,10PPBC, 7, 5, 192, 191, 191, 196, 211, 207, 199, 200, 198, 200, 197, 194, 188, 188, 187, 187, 185, 184, 186, 187, 187, 187, 186, 186
2010,14216020,216,CH4 ,10PPBC, 7, 6, 187, 186, 192, 191, 187, 188, 190, 190, 191, 192, 192, 190, 188, 187, 185, 186, 186, 188, 192, 194, 194, 195, 195, 195
2010,14216020,216,CH4 ,10PPBC, 7, 7, 195, 196, 199, 196, 198, 199, 193, 193, 192, 192, 193, 193, 197, 193, 193, 193, 188, 187, 186, 187, 185, 184, 184, 187
2010,14216020,216,CH4 ,10PPBC, 7, 8, 192, 192, 193, 194, 194, 193, 191, 190, 190, 194, 186, 183, 184, 186, 187, 189, 189, 189, 186, 185, 187, 185, 184, 187
2010,14216020,216,CH4 ,10PPBC, 7, 9, 178, 178, 179, 180, 185, 191, 193, 191, 192,9999, 196, 191, 186, 183, 181, 179, 180, 180, 180, 179, 179, 177, 175, 177
2010,14216020,216,CH4 ,10PPBC, 7,10, 178, 179, 179, 181, 182, 183, 185, 182, 183, 185, 182, 181, 182, 182, 183, 183, 184, 185, 187, 188, 189, 191, 193, 190
2010,14216020,216,CH4 ,10PPBC, 7,11, 191, 194, 194, 194, 192, 190, 190, 191, 190, 189, 190, 191, 186, 182, 179, 179, 176, 176, 175, 174, 174, 175, 175, 174
2010,14216020,216,CH4 ,10PPBC, 7,12, 174, 174, 174, 174, 174, 173, 174, 174, 174, 174, 175, 174, 175, 174, 174, 174, 175, 174, 175, 175, 175, 175, 175, 176
2010,14216020,216,CH4 ,10PPBC, 7,13, 176, 178, 180, 181, 181, 186, 192, 195, 196, 195, 190, 190, 190, 191, 191, 190, 189, 190, 189, 190, 191, 192, 191, 193
2010,14216020,216,CH4 ,10PPBC, 7,14, 193, 194, 194, 194, 195, 194, 189, 188, 180, 176, 176, 175, 175, 176, 176, 175, 176, 177, 177, 178, 177, 178, 178, 177
2010,14216020,216,CH4 ,10PPBC, 7,15, 177, 177, 177, 177, 177, 176, 176, 177, 176, 176, 176, 176, 176, 176, 176, 175, 176, 176, 176, 177, 177, 177, 178, 177
2010,14216020,216,CH4 ,10PPBC, 7,16, 178, 178, 177, 177, 179, 180, 184, 183, 182, 177,9999,9999,9999, 176, 176, 176, 176, 176, 176, 178, 180, 179, 179, 179
2010,14216020,216,CH4 ,10PPBC, 7,17, 181, 180, 179, 179, 182, 186, 182, 182, 179, 177, 178, 177, 177, 178, 178, 177, 176, 176, 177, 177, 178, 180, 180, 181
2010,14216020,216,CH4 ,10PPBC, 7,18, 179, 180, 182, 185, 183, 186, 189, 185, 179, 178, 178, 177, 177, 177, 176, 176, 176, 176, 177, 178, 178, 178, 179, 179
2010,14216020,216,CH4 ,10PPBC, 7,19, 179, 179, 180, 181, 192, 189, 186, 183, 179, 179, 178, 178, 178, 177, 177, 179, 178, 179, 179, 180, 179, 181, 184, 187
2010,14216020,216,CH4 ,10PPBC, 7,20, 185, 182, 186, 194, 190, 187, 182, 181, 182, 183, 184, 183, 181, 179, 179, 179, 180, 178, 179, 180, 181, 182, 181, 183
2010,14216020,216,CH4 ,10PPBC, 7,21, 183, 182, 181, 185, 187, 189, 187, 186, 189, 186, 185, 184, 185, 186, 187, 187, 186, 182, 180, 180, 182, 181, 183, 182
2010,14216020,216,CH4 ,10PPBC, 7,22, 184, 185, 185, 187, 190, 192, 191, 189, 188, 188,9999, 186, 181, 179, 179, 179, 179, 178, 177, 176, 178, 179, 179, 178
2010,14216020,216,CH4 ,10PPBC, 7,23, 179, 177, 179, 181, 183, 183, 184, 185, 185, 184, 181, 182, 186, 187, 186, 186, 183, 178, 178, 176, 177, 177, 177, 177
2010,14216020,216,CH4 ,10PPBC, 7,24, 177, 180, 188, 189, 186, 187, 187, 185, 184, 184, 184, 183, 185, 185, 185, 183, 181, 178, 181, 183, 182, 182, 181, 181
2010,14216020,216,CH4 ,10PPBC, 7,25, 180, 178, 179, 181, 184, 183, 181, 181, 183, 182, 182, 181, 179, 177, 177, 177, 178, 179, 179, 177, 178, 179, 184, 183
2010,14216020,216,CH4 ,10PPBC, 7,26, 180, 180, 178, 178, 179, 179, 180, 181, 182, 184, 182, 181, 177, 177, 178, 177, 178, 180, 180, 179, 178, 178, 179, 180
2010,14216020,216,CH4 ,10PPBC, 7,27, 179, 180, 181, 182, 182, 181, 181, 182, 182, 179, 176, 176, 176, 176, 176, 176, 177, 176, 176, 176, 176, 177, 177, 179
2010,14216020,216,CH4 ,10PPBC, 7,28, 180, 181, 181, 182, 184, 183, 181, 177, 176, 176, 176, 176, 176, 176, 177, 176, 177, 176, 177, 177, 177, 178, 178, 178
2010,14216020,216,CH4 ,10PPBC, 7,29, 178, 179, 178, 178, 179, 178, 178, 178, 178, 178, 179, 175, 174, 175,9999, 175, 175, 174, 174, 175, 175, 174, 173, 173
2010,14216020,216,CH4 ,10PPBC, 7,30, 173, 173, 173, 173, 173, 173, 173, 173, 173, 173, 173, 172, 173, 174, 173, 173, 173, 175, 174, 176, 177, 176, 177, 180
2010,14216020,216,CH4 ,10PPBC, 7,31, 179, 183, 184, 186, 185, 183, 185, 185, 181, 180, 180, 179, 179, 177, 177, 177, 178, 178, 180, 183, 183, 182, 181, 181
2010,14216020,216,CH4 ,10PPBC, 8, 1, 183, 184, 186, 185, 185, 187, 190, 186, 183, 184, 186, 180, 179, 179, 179, 180, 180, 179, 179, 177, 176, 176, 175, 175
2010,14216020,216,CH4 ,10PPBC, 8, 2, 175, 178, 178, 178, 175, 174, 174, 175, 174, 174, 175, 174, 174, 173, 172, 172, 172, 173, 173, 174, 174, 175, 175, 175
2010,14216020,216,CH4 ,10PPBC, 8, 3, 174, 174, 173, 174, 174, 174, 174, 174, 174, 174, 174, 174, 174, 174, 174, 174, 174, 174, 174, 174, 175, 175, 175, 175
2010,14216020,216,CH4 ,10PPBC, 8, 4, 176, 175, 175, 175, 175, 176, 177, 177, 176, 176, 175, 175, 175, 174, 174, 175, 174, 174, 174, 175, 175, 175, 175, 175
2010,14216020,216,CH4 ,10PPBC, 8, 5, 175, 175, 175, 175, 176, 176, 177, 176, 176, 175, 175, 175, 174, 175, 174, 174, 174, 175, 175, 175, 177, 178, 179, 178
2010,14216020,216,CH4 ,10PPBC, 8, 6, 177, 177, 177, 177, 178, 176, 178, 178, 177, 176,9999,9999,9999, 175, 175, 175, 176, 176, 177, 178, 178, 178, 179, 178
2010,14216020,216,CH4 ,10PPBC, 8, 7, 179, 179, 180, 180, 183, 182, 182, 180, 180, 181, 180, 181, 180, 179, 179, 179, 178, 177, 176, 177, 177, 180, 180, 181
2010,14216020,216,CH4 ,10PPBC, 8, 8, 181, 182, 183, 185, 183, 182, 184, 185, 180, 181, 181, 177, 177, 176, 176, 176, 175, 175, 175, 176, 176, 176, 175, 174
2010,14216020,216,CH4 ,10PPBC, 8, 9, 175, 175, 175, 177, 177, 176, 176, 177, 177, 178, 179, 178, 176, 175, 175, 175, 174, 174, 175, 175, 175, 175, 176, 177
2010,14216020,216,CH4 ,10PPBC, 8,10, 175, 175, 176, 175, 175, 176, 176, 176, 177, 176, 175, 174, 173, 173, 173, 173, 173, 174, 174, 175, 174, 174, 174, 175
2010,14216020,216,CH4 ,10PPBC, 8,11, 174, 174, 174, 173, 173, 174, 174, 174, 175, 174, 173, 173, 172, 172, 172, 172, 172, 172, 172, 172, 173, 173, 172, 172
2010,14216020,216,CH4 ,10PPBC, 8,12, 172, 172, 172, 172, 172, 172, 172, 172, 172, 171, 172, 172, 173, 175, 175, 175, 175, 175, 175, 175, 176, 177, 181, 183
2010,14216020,216,CH4 ,10PPBC, 8,13, 182, 181, 183, 184, 186, 187, 184, 184, 184, 182, 182, 182,9999, 188, 186, 185, 186, 185, 185, 185, 186, 186, 188, 186
2010,14216020,216,CH4 ,10PPBC, 8,14, 184, 184, 186, 186, 187, 191, 190, 193, 189, 187, 182, 177, 176, 176, 177, 176, 176, 176, 177, 177, 177, 178, 178, 179
2010,14216020,216,CH4 ,10PPBC, 8,15, 183, 181, 180, 181, 183, 182, 181, 182, 182, 180, 177, 176, 176, 177, 177, 178, 179, 177, 177, 177, 179, 177, 178, 181
2010,14216020,216,CH4 ,10PPBC, 8,16, 182, 184, 190, 187, 187, 188, 183, 181, 182, 181, 182, 184, 183, 180, 179, 181, 182, 181, 181, 183, 181, 179, 177, 177
2010,14216020,216,CH4 ,10PPBC, 8,17, 181, 183, 184, 185, 187, 189, 190, 190, 188, 188, 186, 186, 185, 185, 182, 184, 186, 182, 176, 175, 177, 177, 177, 180
2010,14216020,216,CH4 ,10PPBC, 8,18, 183, 182, 182, 181, 182, 183, 182, 181, 182, 184, 183, 182, 182, 184, 184, 181, 179, 180, 180, 181, 182, 182, 182, 180
2010,14216020,216,CH4 ,10PPBC, 8,19, 183, 188, 184, 184, 182, 183, 185, 184, 184, 185, 185, 185, 185, 185, 185, 186, 186, 185, 185, 184, 184,9999,9999,9999
2010,14216020,216,CH4 ,10PPBC, 8,20,9999,9999,9999,9999,9999,9999, 191, 192, 191, 192,9999,9999, 189, 190, 189, 192, 191, 189, 187, 186, 186, 187, 185, 185
2010,14216020,216,CH4 ,10PPBC, 8,21, 185, 186, 187, 189, 189, 190, 192, 191, 191, 190, 190, 191, 190, 189, 186, 184, 183, 183, 184, 183, 183, 184, 185, 185
2010,14216020,216,CH4 ,10PPBC, 8,22, 186, 187, 184, 184, 189, 192, 190, 188, 186, 183, 183, 182, 181, 181, 181, 180, 180, 180, 180, 180, 181, 182, 182, 183
2010,14216020,216,CH4 ,10PPBC, 8,23, 183, 185, 185, 186, 185, 184, 185, 183, 185, 185, 184, 182, 180, 180, 180, 180, 180, 180, 180, 181, 182, 181, 181, 180
2010,14216020,216,CH4 ,10PPBC, 8,24, 180, 181, 181, 182, 182, 182, 184, 182, 182, 181, 180, 180, 180, 179, 179, 179, 179, 179, 181, 180, 182, 181, 182, 181
2010,14216020,216,CH4 ,10PPBC, 8,25, 180, 182, 183, 183, 183, 187, 188, 185, 184, 181, 180, 180, 180, 179, 179, 179, 179, 180, 181, 182, 180, 182, 183, 182
2010,14216020,216,CH4 ,10PPBC, 8,26, 185, 186, 186, 186, 191, 187, 183, 183, 184, 183, 181, 179, 179, 179, 179, 180, 180, 181, 181, 182, 183, 184, 183, 182
2010,14216020,216,CH4 ,10PPBC, 8,27, 183, 184, 186, 188, 190, 189, 189, 192, 191, 188,9999, 186, 183, 181, 180, 177, 175, 174, 174, 175, 177, 178, 179, 179
2010,14216020,216,CH4 ,10PPBC, 8,28, 178, 180, 181, 181, 181, 181, 183, 182, 185, 182, 182, 178, 176, 175, 175, 176, 176, 175, 175, 177, 178, 178, 179, 181
2010,14216020,216,CH4 ,10PPBC, 8,29, 181, 183, 182, 180, 181, 182, 184, 182, 180, 179, 179, 178, 176, 176, 175, 175, 175, 175, 176, 177, 178, 179, 179, 181
2010,14216020,216,CH4 ,10PPBC, 8,30, 185, 183, 181, 183, 186, 189, 190, 187, 184, 184, 184, 185, 188, 190, 188, 182, 178, 177, 176, 177, 178, 177, 176, 181
2010,14216020,216,CH4 ,10PPBC, 8,31, 184, 187, 184, 184, 185, 186, 185, 188, 187, 188, 188, 190, 185, 181, 177, 176, 176, 177, 182, 180, 177, 176, 174, 175
2010,14216020,216,CH4 ,10PPBC, 9, 1, 175, 177, 180, 181, 183, 182, 181, 180, 177, 177, 177, 177, 177, 175, 175, 176, 176, 177, 178, 179, 181, 182, 181, 180
2010,14216020,216,CH4 ,10PPBC, 9, 2, 180, 180, 182, 179, 181, 182, 183, 181, 181, 183,9999,9999, 182, 182, 181, 181, 181, 181, 182, 181, 181, 182, 182, 182
2010,14216020,216,CH4 ,10PPBC, 9, 3, 183, 183, 185, 185, 183, 183, 184, 186, 184, 183, 183, 182, 181, 180, 180, 180, 180, 181, 182, 181, 181, 183, 183, 186
2010,14216020,216,CH4 ,10PPBC, 9, 4, 187, 186, 185, 188, 187, 186, 185, 183, 181, 182, 182, 183, 181, 186, 183, 181, 180, 179, 180, 180, 180, 180, 182, 181
2010,14216020,216,CH4 ,10PPBC, 9, 5, 180, 181, 185, 186, 188, 188, 188, 187, 183, 182, 182, 179, 179, 179, 178, 178, 178, 177, 178, 178, 179, 181, 182, 180
2010,14216020,216,CH4 ,10PPBC, 9, 6, 180, 181, 178, 179, 182, 182, 183, 181, 177, 176, 176, 176, 174, 174, 173, 173, 173, 174, 175, 174, 174, 174, 174, 174
2010,14216020,216,CH4 ,10PPBC, 9, 7, 173, 174, 174, 173, 174, 174, 175, 175, 175, 174, 174, 174, 173, 173, 173, 173, 173, 173, 173, 173, 174, 174, 176, 176
2010,14216020,216,CH4 ,10PPBC, 9, 8, 180, 179, 180, 179, 180, 182, 183, 185, 186, 187, 187, 187, 186, 185, 183, 183, 182, 181, 181, 180, 180, 179, 179, 180
2010,14216020,216,CH4 ,10PPBC, 9, 9, 181, 182, 183, 185, 185, 185, 185, 185, 185, 185, 185, 185, 184, 184, 184, 185, 188, 188, 187, 187, 188, 189, 194, 192
2010,14216020,216,CH4 ,10PPBC, 9,10, 194, 194, 195, 197, 196, 196, 196, 195, 197, 196,9999,9999,9999, 187, 187, 187, 186, 184, 184, 185, 187, 186, 187, 188
2010,14216020,216,CH4 ,10PPBC, 9,11, 193, 193, 196, 195, 192, 188, 189, 190, 190, 189, 189, 188, 185, 183, 183, 183, 182, 182, 183, 185, 186, 186, 186, 187
2010,14216020,216,CH4 ,10PPBC, 9,12, 188, 193, 189, 190, 199, 195, 189, 190, 192, 193, 194, 199, 205, 196, 189, 189, 188, 186, 186, 184, 183, 182, 181, 180
2010,14216020,216,CH4 ,10PPBC, 9,13, 179, 179, 178, 180, 183, 185, 185, 185, 186, 186, 184, 182, 181, 181, 181, 181, 180, 180, 183, 186, 185, 185, 187, 187
2010,14216020,216,CH4 ,10PPBC, 9,14, 186, 184, 182, 182, 184, 183, 187, 189, 185, 185, 187, 186, 187, 186, 184, 184, 184, 185, 184, 183, 185, 186, 186, 186
2010,14216020,216,CH4 ,10PPBC, 9,15, 186, 186, 186, 187, 187, 187, 187, 186, 186, 186, 186, 187, 187, 188, 188, 188, 187, 188, 189, 188, 188, 188, 187, 187
2010,14216020,216,CH4 ,10PPBC, 9,16, 187, 187, 185, 184, 185, 186, 186, 188, 187, 185, 185, 185, 184, 184, 185, 186, 185, 185, 186, 186, 187, 187, 189, 191
2010,14216020,216,CH4 ,10PPBC, 9,17, 189, 189, 186, 187, 186, 186, 186, 184, 185, 185,9999, 183, 184, 185, 185, 186, 185, 185, 187, 187, 188, 188, 187, 188
2010,14216020,216,CH4 ,10PPBC, 9,18, 188, 187, 188, 189, 188, 185, 187, 188, 187, 186, 186, 186, 187, 187, 188, 187, 187, 187, 187, 187, 188, 187, 186, 188
2010,14216020,216,CH4 ,10PPBC, 9,19, 188, 187, 186, 188, 189, 190, 189, 190, 189, 189, 188, 187, 184, 183, 182, 182, 182, 182, 183, 184, 184, 186, 187, 187
2010,14216020,216,CH4 ,10PPBC, 9,20, 188, 189, 188, 189, 190, 193, 191, 193, 192, 191, 191, 192, 191, 192, 192, 192, 190, 187, 188, 191, 192, 194, 194, 194
2010,14216020,216,CH4 ,10PPBC, 9,21, 193, 195, 195, 193, 191, 191, 193, 192, 192, 190, 189, 189, 189, 189, 189, 188, 187, 188, 188, 190, 192, 191, 193, 195
2010,14216020,216,CH4 ,10PPBC, 9,22, 198, 194, 187, 187, 190, 190, 192, 188, 189, 189, 187, 185, 182, 181, 183, 182, 181, 179, 179, 179, 183, 190, 188, 187
2010,14216020,216,CH4 ,10PPBC, 9,23, 187, 187, 186, 186, 186, 186, 186, 186, 186, 186, 187, 187, 187, 187, 187, 186, 186, 186, 187, 187, 188, 189, 188, 187
2010,14216020,216,CH4 ,10PPBC, 9,24, 186, 186, 187, 187, 188, 190, 191, 189, 188, 188, 188,9999, 189, 189, 189, 188, 188, 188, 188, 189, 189, 189, 188, 187
2010,14216020,216,CH4 ,10PPBC, 9,25, 187, 187, 187, 186, 186, 186, 186, 187, 187, 186, 186, 185, 186, 186, 186, 187, 187, 187, 188, 191, 193, 193, 191, 189
2010,14216020,216,CH4 ,10PPBC, 9,26, 188, 187, 188, 188, 188, 188, 190, 190, 192, 194, 191, 189, 188, 189, 191, 190, 191, 190, 189, 190, 190, 190, 191, 191
2010,14216020,216,CH4 ,10PPBC, 9,27, 191, 192, 191, 190, 190, 190, 190, 189, 189, 188, 187, 187, 186, 186, 186, 185, 185, 186, 187, 187, 188, 189, 188, 187
2010,14216020,216,CH4 ,10PPBC, 9,28, 187, 187, 186, 187, 187, 187, 187, 190, 191, 194, 189, 189, 189, 189, 188, 188, 188, 190, 191, 192, 196, 199, 204, 192
2010,14216020,216,CH4 ,10PPBC, 9,29, 194, 192, 190, 193, 189, 189, 189, 189, 190, 189, 189, 189, 189, 189, 191, 193, 192, 191, 192, 192, 192, 192, 193, 193
2010,14216020,216,CH4 ,10PPBC, 9,30, 192, 190, 190, 192, 195, 195, 194, 193, 193, 193, 194, 193, 193, 193, 193, 192, 192, 192, 193, 194, 194, 193, 192, 192
2010,14216020,216,CH4 ,10PPBC, 9,31,9998,9998,9998,9998,9998,9998,9998,9998,9998,9998,9998,9998,9998,9998,9998,9998,9998,9998,9998,9998,9998,9998,9998,9998
2010,14216020,216,CH4 ,10PPBC,10, 1, 191, 191, 189, 191, 191, 191, 191, 190, 191, 192,9999,9999,9999,9999, 190, 190, 190, 190, 191, 190, 190, 193, 197, 195
2010,14216020,216,CH4 ,10PPBC,10, 2, 191, 190, 192, 195, 194, 194, 197, 192, 191, 191, 190, 189, 189, 188, 188, 191, 191, 190, 191, 192, 193, 197, 197, 194
2010,14216020,216,CH4 ,10PPBC,10, 3, 195, 192, 191, 193, 192, 190, 190, 189, 188, 188, 187, 187, 188, 187, 188, 189, 190, 194, 190, 190, 191, 192, 193, 192
2010,14216020,216,CH4 ,10PPBC,10, 4, 192, 192, 192, 191, 192, 192, 192, 192, 191, 193, 195, 196, 196, 195, 194, 191, 190, 191, 191, 193, 192, 192, 194, 193
2010,14216020,216,CH4 ,10PPBC,10, 5, 192, 193, 192, 191, 191, 188, 189, 188, 188, 190, 192, 192, 190, 189, 188, 189, 189, 188, 189, 191, 192, 191, 190, 189
2010,14216020,216,CH4 ,10PPBC,10, 6, 190, 192, 192, 193, 193, 193, 192, 192, 190, 189, 188, 189, 188, 189, 189, 189, 190, 191, 192, 192, 192, 193, 193, 195
2010,14216020,216,CH4 ,10PPBC,10, 7, 192, 190, 189, 189, 189, 192, 190, 191, 191, 190, 191, 191, 190, 190, 190, 190, 190, 191, 191, 191, 192, 192, 192, 190
2010,14216020,216,CH4 ,10PPBC,10, 8, 190, 191, 191, 191, 191, 192, 192, 191, 191, 191,9999,9999, 189, 189, 189, 191, 192, 191, 191, 193, 194, 191, 191, 190
2010,14216020,216,CH4 ,10PPBC,10, 9, 189, 190, 190, 188, 187, 188, 188, 189, 189, 188, 187, 187, 187, 187, 187, 187, 186, 187, 186, 187, 187, 188, 188, 188
2010,14216020,216,CH4 ,10PPBC,10,10, 188, 188, 186, 186, 187, 186, 187, 186, 187, 186, 185, 185, 184, 184, 185, 186, 186, 186, 187, 190, 191, 194, 192, 192
2010,14216020,216,CH4 ,10PPBC,10,11, 193, 189, 187, 184, 183, 183, 184, 183, 183, 183, 184, 184, 184, 184, 186, 188, 187, 186, 188, 188, 189, 191, 191, 194
2010,14216020,216,CH4 ,10PPBC,10,12, 192, 191, 189, 190, 187, 186, 189, 190, 191, 196, 198, 194, 193, 191, 191, 188, 188, 186, 187, 187, 188, 189, 189, 192
2010,14216020,216,CH4 ,10PPBC,10,13, 192, 194, 198, 196, 191, 190, 191, 191, 192, 192, 191, 191, 188, 188, 189, 191, 191, 193, 192, 197, 198, 197, 195, 193
2010,14216020,216,CH4 ,10PPBC,10,14, 191, 190, 191, 189, 186, 186, 187, 188, 188, 188, 188, 189, 189, 188, 187, 187, 188, 197, 193, 195, 194, 191, 191, 189
2010,14216020,216,CH4 ,10PPBC,10,15, 189, 189, 188, 187, 189, 188, 189, 189, 191, 187,9999, 187, 188, 187, 188, 186, 187, 187, 188, 190, 190, 193, 191, 189
2010,14216020,216,CH4 ,10PPBC,10,16, 189, 190, 188, 188, 189, 190, 190, 191, 190, 190, 186, 187, 187, 188, 191, 191, 189, 189, 190, 191, 195, 194, 196, 190
2010,14216020,216,CH4 ,10PPBC,10,17, 189, 188, 189, 189, 190, 190, 187, 188, 188, 188, 187, 187, 187, 187, 188, 188, 188, 188, 190, 190, 189, 189, 189, 191
2010,14216020,216,CH4 ,10PPBC,10,18, 189, 190, 188, 188, 189, 192, 195, 194, 193, 191, 190, 190, 190, 190, 190, 191, 188, 189, 190, 190, 191, 192, 195, 192
2010,14216020,216,CH4 ,10PPBC,10,19, 190, 190, 190, 189, 189, 189, 189, 189, 189, 190, 189, 188, 189, 189, 190, 189, 190, 191, 191, 190, 189, 189, 189, 188
2010,14216020,216,CH4 ,10PPBC,10,20, 187, 187, 187, 188, 190, 192, 195, 195, 192, 189, 188, 189, 188, 189, 189, 189, 189, 189, 189, 191, 191, 189, 190, 192
2010,14216020,216,CH4 ,10PPBC,10,21, 190, 188, 190, 191, 189, 189, 188, 188, 188, 188, 189, 188, 187, 187, 187, 187, 187, 188, 188, 187, 187, 187, 187, 188
2010,14216020,216,CH4 ,10PPBC,10,22, 188, 188, 189, 190, 191, 190, 190, 189, 189, 189,9999, 188, 188, 188, 188, 188, 188, 188, 188, 189, 189, 189, 189, 189
2010,14216020,216,CH4 ,10PPBC,10,23, 189, 189, 190, 190, 189, 190, 190, 190, 189, 188, 189, 188, 188, 188, 188, 188, 188, 189, 191, 193, 196, 191, 190, 190
2010,14216020,216,CH4 ,10PPBC,10,24, 190, 190, 188, 189, 188, 190, 192, 192, 192, 191, 191, 190, 191, 191, 190, 190, 190, 192, 193, 192, 192, 192, 191, 190
2010,14216020,216,CH4 ,10PPBC,10,25, 190, 190, 189, 190, 189, 188, 190, 188, 189, 186, 186, 187, 187, 186, 187, 188, 187, 188, 190, 199, 213, 208, 196, 192
2010,14216020,216,CH4 ,10PPBC,10,26, 187, 185, 183, 183, 184, 187, 186, 190, 195, 202, 192, 191, 188, 187, 187, 188, 188, 188, 189, 189, 189, 189, 189, 189
2010,14216020,216,CH4 ,10PPBC,10,27, 189, 189, 189, 189, 189, 189, 189, 190, 190, 190, 190, 189, 189, 189, 189, 189, 190, 191, 193, 193, 195, 195, 195, 194
2010,14216020,216,CH4 ,10PPBC,10,28, 193, 191, 192, 190, 191, 191, 190, 191, 190, 189, 188, 188, 189, 188, 188, 188, 188, 187, 187, 189, 189, 188, 189, 189
2010,14216020,216,CH4 ,10PPBC,10,29, 189, 189, 191, 191, 191, 192, 193, 193, 194, 191,9999, 189, 189, 189, 190, 190, 190, 190, 190, 190, 191, 191, 192, 191
2010,14216020,216,CH4 ,10PPBC,10,30, 190, 188, 189, 188, 189, 188, 188, 188, 189, 188, 188, 188, 188, 188, 188, 187, 187, 187, 187, 187, 186, 186, 186, 186
2010,14216020,216,CH4 ,10PPBC,10,31, 186, 186, 187, 186, 186, 187, 187, 188, 186, 186, 185, 186, 186, 186, 186, 187, 187, 188, 188, 187, 188, 188, 188, 188
2010,14216020,216,CH4 ,10PPBC,11, 1, 188, 188, 186, 185, 185, 185, 185, 186, 185, 184, 184, 184, 184, 184, 183, 182, 182, 182, 183, 188, 193, 191, 188, 190
2010,14216020,216,CH4 ,10PPBC,11, 2, 190, 187, 186, 186, 187, 186, 186, 189, 189, 188, 189, 187, 186, 185, 184, 185, 186, 186, 188, 186, 188, 188, 187, 187
2010,14216020,216,CH4 ,10PPBC,11, 3, 188, 189, 188, 190, 189, 188, 189, 190, 191, 191, 189, 189, 187, 189, 190, 190, 190, 190, 189, 190, 189, 189, 190, 191
2010,14216020,216,CH4 ,10PPBC,11, 4, 191, 191, 191, 190, 190, 191, 193, 195, 194, 192, 192, 190, 191, 191, 192, 192, 191, 193, 197, 194, 193, 192, 189, 189
2010,14216020,216,CH4 ,10PPBC,11, 5, 188, 189, 188, 188, 190, 190, 189, 188, 188, 188, 189,9999,9999, 188, 188, 189, 188, 189, 190, 192, 190, 188, 191, 188
2010,14216020,216,CH4 ,10PPBC,11, 6, 189, 189, 189, 189, 189, 189, 190, 191, 190, 190, 190, 190, 190, 189, 193, 196, 193, 193, 195, 196, 195, 191, 188, 189
2010,14216020,216,CH4 ,10PPBC,11, 7, 188, 187, 187, 188, 188, 188, 187, 188, 188, 188, 188, 189, 190, 190, 190, 189, 189, 189, 190, 193, 191, 187, 187, 187
2010,14216020,216,CH4 ,10PPBC,11, 8, 187, 186, 188, 187, 187, 186, 187, 187, 187, 189, 191, 193, 192, 191, 190, 189, 189, 192, 191, 193, 193, 192, 190, 193
2010,14216020,216,CH4 ,10PPBC,11, 9, 192, 192, 193, 192, 193, 192, 193, 192, 187, 186, 186, 185, 185, 184, 185, 186, 187, 188, 189, 189, 190, 191, 190, 192
2010,14216020,216,CH4 ,10PPBC,11,10, 195, 195, 196, 198, 199, 198, 194, 194, 193, 192, 195, 193, 189, 188, 188, 187, 189, 188, 189, 189, 190, 191, 191, 192
2010,14216020,216,CH4 ,10PPBC,11,11, 191, 190, 190, 190, 190, 189, 191, 190, 190, 190,9999, 190, 190, 190, 189, 190, 192, 193, 194, 193, 194, 193, 191, 190
2010,14216020,216,CH4 ,10PPBC,11,12, 190, 191, 191, 191, 194, 195, 194, 193, 191, 194, 196, 193, 190, 188, 188, 188, 188, 188, 189, 191, 196, 196, 199, 192
2010,14216020,216,CH4 ,10PPBC,11,13, 192, 190, 189, 190, 190, 190, 190, 189, 189, 190, 190, 191, 192, 193, 194, 198, 199, 197, 200, 202, 198, 196, 195, 193
2010,14216020,216,CH4 ,10PPBC,11,14, 193, 193, 193, 193, 193, 193, 194, 196, 196, 195, 195, 192, 191, 191, 194, 194, 193, 194, 194, 194, 191, 193, 189, 188
2010,14216020,216,CH4 ,10PPBC,11,15, 190, 191, 189, 190, 188, 188, 189, 191, 192, 192, 190, 189, 190, 191, 191, 191, 191, 190, 190, 190, 191, 192, 193, 193
2010,14216020,216,CH4 ,10PPBC,11,16, 192, 192, 193, 193, 193, 194, 194, 194, 194, 195, 194, 192, 191, 190, 191, 192, 197, 199, 199, 199, 198, 196, 195, 195
2010,14216020,216,CH4 ,10PPBC,11,17, 194, 193, 193, 194, 194, 194, 194, 194, 193, 193, 193, 192, 190, 190, 190, 191, 190, 190, 190, 191, 190, 190, 190, 191
2010,14216020,216,CH4 ,10PPBC,11,18, 191, 192, 191, 190, 190, 190, 189, 190, 189, 189,9999, 189, 189, 189, 188, 188, 188, 188, 188, 188, 189, 189, 189, 188
2010,14216020,216,CH4 ,10PPBC,11,19, 188, 189, 189, 189, 188, 189, 189, 189, 189, 190, 190, 190, 189, 189, 189, 190, 192, 197, 199, 194, 192, 191, 189, 189
2010,14216020,216,CH4 ,10PPBC,11,20, 189, 189, 190, 190, 189, 189, 189, 189, 189, 190, 190, 189, 189, 189, 189, 190, 190, 192, 194, 191, 190, 189, 189, 189
2010,14216020,216,CH4 ,10PPBC,11,21, 189, 188, 188, 188, 188, 189, 188, 188, 188, 189, 189, 189, 189, 188, 188, 188, 189, 192, 192, 192, 189, 189, 187, 188
2010,14216020,216,CH4 ,10PPBC,11,22, 188, 187, 187, 187, 187, 188, 189, 189, 187, 188, 190, 189, 191, 191, 190, 190, 189, 191, 192, 193, 192, 194, 190, 189
2010,14216020,216,CH4 ,10PPBC,11,23, 188, 186, 186, 185, 185, 184, 183, 184, 183, 185, 187, 188, 188, 189, 189, 189, 190, 191, 191, 191, 191, 192, 193, 193
2010,14216020,216,CH4 ,10PPBC,11,24, 192, 191, 190, 190, 189, 190, 190, 191, 192, 191, 191, 190, 191, 191, 191, 191, 194, 195, 195, 194, 201, 202, 198, 196
2010,14216020,216,CH4 ,10PPBC,11,25, 197, 198, 196, 197, 197, 198, 197, 197, 196, 194, 194, 194, 194, 194, 195, 196, 197, 196, 197, 197, 196, 196, 195, 197
2010,14216020,216,CH4 ,10PPBC,11,26, 194, 193, 192, 193, 194, 195, 193, 194, 194, 192,9999, 189, 188, 189, 190, 190, 192, 206, 209, 204, 199, 197, 195, 190
2010,14216020,216,CH4 ,10PPBC,11,27, 190, 189, 189, 189, 189, 189, 190, 190, 190, 190, 189, 189, 189, 189, 190, 193, 190, 191, 192, 192, 193, 194, 193, 193
2010,14216020,216,CH4 ,10PPBC,11,28, 191, 192, 192, 191, 192, 193, 189, 191, 192, 191, 190, 189, 188, 187, 188, 190, 190, 190, 190, 195, 194, 191, 191, 191
2010,14216020,216,CH4 ,10PPBC,11,29, 192, 196, 197, 197, 196, 192, 191, 192, 190, 190,9999,9999, 189, 188, 188, 189, 189, 190, 191, 193, 194, 202, 202, 206
2010,14216020,216,CH4 ,10PPBC,11,30, 206, 194, 194, 193, 195, 196, 196, 196, 195, 193, 194, 193, 192, 198, 199, 191, 191, 192, 194, 192, 192, 192, 193, 197
2010,14216020,216,CH4 ,10PPBC,11,31,9998,9998,9998,9998,9998,9998,9998,9998,9998,9998,9998,9998,9998,9998,9998,9998,9998,9998,9998,9998,9998,9998,9998,9998
2010,14216020,216,CH4 ,10PPBC,12, 1, 198, 200, 194, 193, 192, 191, 191, 192, 190, 194, 193, 192, 193, 191, 191, 194, 201, 201, 196, 196, 195, 194, 192, 192
2010,14216020,216,CH4 ,10PPBC,12, 2, 192, 192, 192, 193, 194, 196, 197, 201, 187, 191, 191, 191, 192, 192, 193, 193, 194, 196, 195, 193, 191, 191, 192, 193
2010,14216020,216,CH4 ,10PPBC,12, 3, 194, 194, 195, 195, 196, 195, 196, 191, 189, 184, 182, 182, 184, 185, 185, 184, 183, 183, 185, 186, 187, 188, 189, 189
2010,14216020,216,CH4 ,10PPBC,12, 4, 188, 188, 188, 188, 189, 189, 190, 193, 193, 191, 190, 190, 189, 189, 189, 189, 189, 191, 191, 191, 193, 194, 193, 191
2010,14216020,216,CH4 ,10PPBC,12, 5, 190,9999, 190, 190, 189, 189, 189, 189, 190, 190, 190, 190, 192, 192, 192, 191, 191, 192, 193, 194, 194, 192, 191, 191
2010,14216020,216,CH4 ,10PPBC,12, 6, 190, 190, 190, 190, 190, 190, 189, 190, 190, 190, 190, 192, 192, 190, 190, 190, 190, 192, 194, 194, 194, 195, 193, 191
2010,14216020,216,CH4 ,10PPBC,12, 7, 190, 191, 190, 190, 192, 192, 195, 196, 195, 195, 193, 191, 189, 188, 188, 188, 189, 189, 189, 190, 190, 189, 189, 189
2010,14216020,216,CH4 ,10PPBC,12, 8, 188, 188, 188, 189, 189, 189, 189, 189, 191, 190, 190, 188, 189, 189, 189, 189, 189, 188, 189, 189, 189, 189, 189, 189
2010,14216020,216,CH4 ,10PPBC,12, 9, 190, 189, 189, 190, 189, 189, 190, 191, 192, 190, 190, 190, 187, 189, 188, 188, 189, 189, 190, 191, 190, 189, 191, 191
2010,14216020,216,CH4 ,10PPBC,12,10, 192, 191, 190, 189, 189, 190, 191, 192, 192, 191, 191,9999, 190, 190, 193, 191, 192, 192, 195, 195, 200, 199, 199, 199
2010,14216020,216,CH4 ,10PPBC,12,11, 194, 193, 196, 197, 193, 194, 193, 194, 192, 190, 188, 187, 186, 185, 185, 185, 186, 186, 186, 186, 186, 186, 188, 192
2010,14216020,216,CH4 ,10PPBC,12,12, 193, 193, 193, 190, 190, 191, 192, 193, 193, 191, 191, 190, 190, 190, 190, 191, 190, 192, 194, 196, 197, 194, 193, 192
2010,14216020,216,CH4 ,10PPBC,12,13, 192, 193, 192, 191, 191, 191, 192, 192, 192, 191, 191, 191, 192, 192, 192, 191, 190, 191, 190, 191, 191, 192, 193, 192
2010,14216020,216,CH4 ,10PPBC,12,14, 191, 192, 192, 190, 188, 188, 188, 189, 190, 192, 192, 191, 191, 191, 190, 191, 192, 193, 194, 198, 198, 195, 197, 196
2010,14216020,216,CH4 ,10PPBC,12,15, 190, 189, 188, 190, 189, 191, 195, 197, 195, 190, 190, 190, 190, 192, 192, 194, 195, 188, 190, 190, 191, 192, 192, 191
2010,14216020,216,CH4 ,10PPBC,12,16, 192, 192, 192, 192, 192, 193, 193, 193, 194, 194, 194, 195, 195, 196, 194, 194, 193, 193, 193, 194, 196, 198, 198, 197
2010,14216020,216,CH4 ,10PPBC,12,17, 196, 198, 196, 196, 196, 194, 193, 197, 193, 192,9999, 192, 190, 189, 189, 190, 194, 195, 195, 196, 197, 202, 195, 194
2010,14216020,216,CH4 ,10PPBC,12,18, 191, 191, 192, 193, 192, 191, 191, 193, 194, 194, 194, 193, 192, 192, 192, 193, 192, 191, 192, 193, 193, 195, 195, 195
2010,14216020,216,CH4 ,10PPBC,12,19, 195, 196, 197, 194, 196, 196, 195, 194, 194, 194, 193, 192, 192, 193, 194, 195, 201, 202, 202, 199, 196, 194, 193, 194
2010,14216020,216,CH4 ,10PPBC,12,20, 195, 196, 197, 198, 195, 193, 192, 192, 194, 196, 194, 189, 186, 186, 190, 191, 191, 191, 190, 192, 191, 189, 189, 189
2010,14216020,216,CH4 ,10PPBC,12,21, 191, 189, 189, 189, 189, 189, 189, 190, 188, 189, 191, 191, 192, 191, 192, 192, 191, 193, 190, 189, 190, 190, 190, 190
2010,14216020,216,CH4 ,10PPBC,12,22, 190, 189, 189, 188, 188, 187, 187, 187, 188, 189, 189, 185, 184, 184, 184, 187, 188, 190, 189, 189, 191, 190, 195, 195
2010,14216020,216,CH4 ,10PPBC,12,23, 192, 190, 190, 189, 189, 191, 194, 191, 194, 191, 187, 187, 186, 187, 187, 187, 189, 189, 189, 191, 194, 199, 197, 196
2010,14216020,216,CH4 ,10PPBC,12,24, 199, 198, 198, 196, 195, 196, 194, 193, 197, 194,9999, 189, 188, 188, 188, 188, 188, 191, 193, 194, 195, 194, 194, 193
2010,14216020,216,CH4 ,10PPBC,12,25, 193, 194, 195, 195, 196, 195, 193, 190, 187, 187, 187, 187, 187, 187, 186, 186, 186, 187, 186, 187, 187, 187, 187, 187
2010,14216020,216,CH4 ,10PPBC,12,26, 187, 187, 187, 187, 187, 188, 189, 191, 190, 188, 188, 187, 186, 186, 186, 186, 186, 187, 187, 187, 188, 188, 189, 194
2010,14216020,216,CH4 ,10PPBC,12,27, 195, 192, 191, 191, 192, 190, 190, 190, 190, 191, 189, 189, 189, 188, 188, 188, 189, 191, 193, 192, 191, 192, 190, 190
2010,14216020,216,CH4 ,10PPBC,12,28, 191, 191, 190, 190, 190, 190, 189, 190, 190, 196,9999, 191, 189, 188, 187, 187, 187, 187, 187, 187, 187, 186, 193, 196
2010,14216020,216,CH4 ,10PPBC,12,29, 195, 196, 199, 197, 195, 197, 194, 196, 196, 194, 191, 190, 189, 189, 188, 189, 190, 191, 191, 191, 191, 192, 193, 194
2010,14216020,216,CH4 ,10PPBC,12,30, 193, 194, 193, 195, 195, 199, 196, 194, 194, 194, 197, 195, 194, 192, 198, 195, 193, 192, 192, 192, 192, 192, 193, 192
2010,14216020,216,CH4 ,10PPBC,12,31, 193, 199, 195, 194, 196, 196, 195, 195, 193, 190, 188, 188, 188, 187, 187, 187, 188, 188, 188, 189, 190, 192, 191, 191
2010,14216020,216,CH4 ,10PPBC, 1, 1, 190, 192, 194, 191, 190, 190, 192, 193, 191, 190, 190, 191, 191, 190, 190, 190, 190, 191, 194, 194, 194, 197, 197, 192
2010,14216020,216,CH4 ,10PPBC, 1, 2, 193, 192, 191, 191, 191, 192, 192, 192, 192, 192, 193, 192, 190, 189, 189, 189, 189, 191, 191, 191, 191, 193, 192, 194
2010,14216020,216,CH4 ,10PPBC, 1, 3, 193, 192, 193, 191, 194, 193, 192, 192, 192, 190, 191, 190, 190, 190, 190, 191, 191, 194, 197, 197, 192, 192, 191, 191
2010,14216020,216,CH4 ,10PPBC, 1, 4, 191, 191, 190, 190, 190, 189, 190, 190, 193, 191, 192, 191, 190, 189, 189, 188, 189, 189, 191, 192, 193, 194, 191, 189
2010,14216020,216,CH4 ,10PPBC, 1, 5, 190, 189, 190, 189, 188, 188, 188, 189, 190, 189, 191, 190, 188, 188, 188, 188, 187, 187, 187, 187, 187, 187, 188, 188
2010,14216020,216,CH4 ,10PPBC, 1, 6, 188, 188, 187, 187, 187, 189, 189, 191, 191, 190, 190, 189, 188, 188, 189, 189, 189, 189, 190, 190, 191, 191, 191, 190
2010,14216020,216,CH4 ,10PPBC, 1, 7, 190, 190, 189, 190, 189, 190, 191, 191, 190, 190,9999,9999, 190, 189, 189, 189, 189, 189, 191, 191, 192, 192, 191, 190
2010,14216020,216,CH4 ,10PPBC, 1, 8, 191, 191, 189, 189, 189, 189, 189, 191, 190, 190, 191, 191, 191, 190, 189, 189, 189, 190, 191, 192, 192, 190, 190, 190
2010,14216020,216,CH4 ,10PPBC, 1, 9, 190, 190, 190, 190, 189, 188, 190, 189, 193, 194, 189, 187, 188, 187, 186, 186, 197, 196, 196, 191, 190, 190, 191, 190
2010,14216020,216,CH4 ,10PPBC, 1,10, 190, 190, 191, 191, 192, 192, 192, 192, 193, 192, 191, 191, 191, 191, 191, 191, 191, 192, 193, 193, 194, 193, 194, 193
2010,14216020,216,CH4 ,10PPBC, 1,11, 193, 193, 193, 192, 194, 193, 194, 195, 197, 195, 195, 195, 192, 190, 190, 191, 191, 192, 193, 194, 197, 199, 202, 197
2010,14216020,216,CH4 ,10PPBC, 1,12, 195, 199, 195, 196, 197, 197, 195, 197, 198, 195, 194, 193, 193, 193, 191, 189, 191, 199, 195, 190, 190, 191, 192, 192
2010,14216020,216,CH4 ,10PPBC, 1,13, 191, 191, 190, 190, 191, 191, 191, 191, 192, 192, 191, 190, 191, 191, 190, 191, 191, 191, 192, 192, 192, 192, 193, 193
2010,14216020,216,CH4 ,10PPBC, 1,14, 194, 194, 195, 195, 195, 196, 198, 200, 201, 197,9999,9999,9999,9999,9999,9999, 192, 193, 195, 195, 198, 197, 199, 196
2010,14216020,216,CH4 ,10PPBC, 1,15, 196, 195, 198, 197, 195, 194, 196, 196,9999,9999,9999,9999,9999,9999,9999,9999,9999, 198, 200, 201, 201, 198, 196, 197
2010,14216020,216,CH4 ,10PPBC, 1,16, 197, 197, 198, 195, 194, 192, 191, 190, 191, 189, 188, 190, 190, 191, 190, 190, 190, 190,9999,9999,9999, 193, 193, 193
2010,14216020,216,CH4 ,10PPBC, 1,17, 194, 194, 194, 195, 195, 195, 196, 196, 197, 196, 195, 192, 190, 189, 188, 188, 188, 188, 190, 191, 191, 192, 193, 193
2010,14216020,216,CH4 ,10PPBC, 1,18, 194, 194, 195, 196, 197, 198, 198, 198, 198, 195, 192, 192, 193, 193, 192, 191, 190, 191, 194, 195, 196, 196, 196, 195
2010,14216020,216,CH4 ,10PPBC, 1,19, 195, 195, 195, 194, 194, 194, 194, 194, 194, 194, 194, 192, 191,9999, 191, 193, 196, 193, 195, 195, 191, 192, 194, 194
2010,14216020,216,CH4 ,10PPBC, 1,20, 194, 193, 193, 193, 194, 194, 195, 194, 195, 197, 193, 192, 192, 190, 190, 191, 192, 192, 192, 192, 193, 192, 193, 193
2010,14216020,216,CH4 ,10PPBC, 1,21, 194, 193, 194, 194, 193, 193, 191, 192, 192, 192,9999,9999, 188, 189, 189, 189, 189, 190, 193, 196, 196, 191, 192, 191
2010,14216020,216,CH4 ,10PPBC, 1,22, 191, 190, 193, 194, 194, 192, 193, 194, 193, 190, 192, 190, 189, 188, 187, 187, 188, 189, 191, 191, 192, 190, 191, 191
2010,14216020,216,CH4 ,10PPBC, 1,23, 191, 191, 191, 190, 191, 190, 190, 193, 192, 190, 192, 196, 195, 191, 191, 192, 194, 196, 197, 195, 193, 193, 193, 193
2010,14216020,216,CH4 ,10PPBC, 1,24, 193, 193, 192, 191, 192, 193, 193, 194, 193, 193, 193, 193, 193, 192, 191, 192, 192, 193, 194, 194, 192, 191, 191, 191
2010,14216020,216,CH4 ,10PPBC, 1,25, 192, 194, 194, 194, 194, 194, 195, 195, 195, 195, 192, 192, 192, 192, 192, 192, 192, 194, 194, 193, 193, 192, 192, 192
2010,14216020,216,CH4 ,10PPBC, 1,26, 194, 194, 193, 192, 192, 197, 193, 193, 192, 192, 192, 192, 192, 191, 190, 190, 191, 193, 194, 192, 189, 191, 193, 193
2010,14216020,216,CH4 ,10PPBC, 1,27, 193, 193, 193, 197, 198, 196, 202, 197, 197, 196,9999, 192, 191, 191, 191, 190, 191, 191, 191, 191, 192, 192, 193, 192
2010,14216020,216,CH4 ,10PPBC, 1,28, 194, 194, 195, 195, 195, 192, 194, 199, 198, 194, 193, 191, 191, 190, 191, 191, 191, 190, 190, 191, 191, 192, 194, 192
2010,14216020,216,CH4 ,10PPBC, 1,29, 192, 193, 192, 191, 191, 191, 191, 191, 191, 191, 191, 192, 192, 191, 191, 191, 192, 192, 195, 195, 195, 195, 194, 196
2010,14216020,216,CH4 ,10PPBC, 1,30, 196, 194, 194, 193, 189, 189, 188, 189, 190, 189, 189, 189, 189, 189, 189, 188, 190, 192, 191, 191, 191, 191, 192, 193
2010,14216020,216,CH4 ,10PPBC, 1,31, 193, 194, 195, 195, 194, 191, 191, 191, 191, 190, 190, 190, 190, 189, 189, 189, 189, 190, 191, 193, 194, 194, 195, 191
2010,14216020,216,CH4 ,10PPBC, 2, 1, 191, 192, 190, 192, 190, 190, 189, 189, 189, 189, 190, 190, 190, 189, 189, 188, 188, 189, 193, 193, 194, 193, 194, 193
2010,14216020,216,CH4 ,10PPBC, 2, 2, 192, 192, 192, 193, 192, 193, 194, 195, 196, 193, 193, 193, 192, 195, 202, 195, 193, 195, 197, 198, 201, 203, 200, 199
2010,14216020,216,CH4 ,10PPBC, 2, 3, 197, 195, 194, 194, 194, 194, 195, 195, 195, 193, 194, 193, 192, 190, 191, 195, 191, 192, 193, 193, 191, 191, 192, 190
2010,14216020,216,CH4 ,10PPBC, 2, 4, 190, 193, 194, 193, 192, 192, 192, 191, 190, 192,9999,9999,9999, 190, 189, 188, 189, 190, 193, 193, 192, 191, 197, 197
2010,14216020,216,CH4 ,10PPBC, 2, 5, 193, 191, 191, 192, 192, 194, 195, 195, 192, 193, 193, 193, 193, 192, 192, 195, 196, 197, 200, 203, 207, 195, 195, 196
2010,14216020,216,CH4 ,10PPBC, 2, 6, 198, 196, 198, 194, 194, 194, 194, 194, 194, 195, 196, 197, 199, 199, 199, 199, 199, 200, 203, 201, 200, 200, 198, 198
2010,14216020,216,CH4 ,10PPBC, 2, 7, 198, 198, 203, 203, 199, 199, 198, 195, 194, 191, 191, 190, 190, 190, 190, 191, 192, 192, 192, 191, 191, 192, 192, 192
2010,14216020,216,CH4 ,10PPBC, 2, 8, 192, 192, 191, 190, 190, 191, 191, 192, 192, 192, 192, 192, 191, 193, 194, 194, 198, 201, 201, 203, 197, 194, 192, 192
2010,14216020,216,CH4 ,10PPBC, 2, 9, 192, 192, 191, 191, 190, 190, 191, 191, 190, 190,9999, 190, 189, 189, 189, 189, 191, 196, 195, 198, 200, 200, 198, 193
2010,14216020,216,CH4 ,10PPBC, 2,10, 192, 193, 193, 193, 193, 190, 191, 193, 193, 192, 191, 191, 191, 191, 191, 192, 194, 195, 192, 192, 191, 191, 191, 191
2010,14216020,216,CH4 ,10PPBC, 2,11, 190, 191, 191, 190, 190, 190, 190, 190, 191, 191, 191, 191, 192, 192, 191, 191, 191, 193, 192, 192, 192, 190, 190, 190
2010,14216020,216,CH4 ,10PPBC, 2,12, 189, 189, 189, 189, 189, 189, 189, 189, 189, 189, 189, 189, 189, 189, 189, 189, 189, 190, 190, 191, 193, 193, 194, 195
2010,14216020,216,CH4 ,10PPBC, 2,13, 194, 192, 191, 191, 191, 191, 192, 191, 190, 190, 191, 191, 191, 191, 191, 191, 192, 193, 193, 194, 193, 193, 195, 195
2010,14216020,216,CH4 ,10PPBC, 2,14, 194, 192, 192, 194, 193, 193, 194, 195, 194, 194, 194, 194, 194, 194, 195, 195, 195, 195, 196, 196, 195, 194, 194, 193
2010,14216020,216,CH4 ,10PPBC, 2,15, 191, 191, 191, 191, 191, 192, 193, 193, 194, 194, 194, 194, 192, 191, 190, 192, 192, 192, 192, 193, 193, 194, 195, 195
2010,14216020,216,CH4 ,10PPBC, 2,16, 196, 196, 197, 196, 195, 196, 195, 195, 195, 197, 196, 196, 196, 195, 194, 193, 191, 192, 193, 193, 194, 198, 197, 199
2010,14216020,216,CH4 ,10PPBC, 2,17, 198, 196, 194, 195, 197, 196, 199, 201, 199, 202, 201, 209, 210, 197, 189, 188, 187, 187, 188, 188, 188, 188, 187, 187
2010,14216020,216,CH4 ,10PPBC, 2,18, 187, 189, 194, 194, 193, 190, 190, 192, 190, 189, 188, 186,9999,9999, 187, 187, 187, 189, 190, 190, 191, 191, 190, 191
2010,14216020,216,CH4 ,10PPBC, 2,19, 191, 191, 191, 192, 192, 192, 193, 193, 193, 193, 193, 193, 192, 193, 196, 194, 193, 193, 193, 194, 195, 196, 200, 198
2010,14216020,216,CH4 ,10PPBC, 2,20, 197, 196, 196, 196, 195, 195, 195, 195, 195, 195, 196, 196, 195, 194, 193, 193, 193, 194, 195, 195, 195, 193, 193, 193
2010,14216020,216,CH4 ,10PPBC, 2,21, 193, 191, 191, 192, 193, 192, 193, 193, 194, 193, 193, 192, 192, 191, 191, 191, 192, 192, 192, 193, 193, 194, 194, 194
2010,14216020,216,CH4 ,10PPBC, 2,22, 195, 195, 195, 194, 195, 194, 195, 196, 196, 196, 194, 193, 192, 192, 192, 192, 192, 193, 196, 196, 197, 197, 196, 196
2010,14216020,216,CH4 ,10PPBC, 2,23, 197, 197, 196, 194, 193, 193, 193, 193, 193, 193, 192, 192, 192, 194, 195, 192, 191, 190, 192, 193, 196, 197, 200, 196
2010,14216020,216,CH4 ,10PPBC, 2,24, 197, 196, 194, 194, 194, 194, 194, 195, 196, 195, 197, 199, 192, 191, 191, 189, 188, 189, 189, 189, 189, 189, 188, 187
2010,14216020,216,CH4 ,10PPBC, 2,25, 187, 187, 186, 187, 189, 189, 190, 187, 187, 185,9999, 185, 185, 184, 184, 184, 185, 185, 185, 187, 191, 191, 191, 191
2010,14216020,216,CH4 ,10PPBC, 2,26, 191, 191, 191, 191, 191, 191, 192, 193, 193, 193, 194, 194, 194, 195, 195, 194, 193, 193, 194, 195, 197, 199, 197, 199
2010,14216020,216,CH4 ,10PPBC, 2,27, 197, 197, 199, 199, 199, 198, 198, 197, 196, 197, 195, 192, 189, 188, 188, 188, 188, 188, 189, 195, 195, 194, 195, 195
2010,14216020,216,CH4 ,10PPBC, 2,28, 195, 194, 193, 193, 193, 192, 192, 192, 193, 192, 192, 192, 192, 192, 192, 192, 192, 191, 192, 192, 192, 192, 191, 191
2010,14216020,216,CH4 ,10PPBC, 2,29,9998,9998,9998,9998,9998,9998,9998,9998,9998,9998,9998,9998,9998,9998,9998,9998,9998,9998,9998,9998,9998,9998,9998,9998
2010,14216020,216,CH4 ,10PPBC, 2,30,9998,9998,9998,9998,9998,9998,9998,9998,9998,9998,9998,9998,9998,9998,9998,9998,9998,9998,9998,9998,9998,9998,9998,9998
2010,14216020,216,CH4 ,10PPBC, 2,31,9998,9998,9998,9998,9998,9998,9998,9998,9998,9998,9998,9998,9998,9998,9998,9998,9998,9998,9998,9998,9998,9998,9998,9998
2010,14216020,216,CH4 ,10PPBC, 3, 1, 191, 191, 191, 191, 191, 191, 192, 192, 194, 194, 193, 192, 192, 191, 191, 193, 193, 193, 193, 191, 191, 193, 194, 193
2010,14216020,216,CH4 ,10PPBC, 3, 2, 193, 194, 193, 192, 193, 194, 194, 194, 195, 195, 193, 192, 193, 192, 192, 190, 188, 188, 189, 190, 191, 192, 193, 194
2010,14216020,216,CH4 ,10PPBC, 3, 3, 194, 192, 191, 190, 190, 190, 190, 191, 190, 190, 190, 189, 189, 189, 189, 189, 189, 189, 190, 190, 189, 189, 189, 190
2010,14216020,216,CH4 ,10PPBC, 3, 4, 190, 191, 192, 191, 190, 190, 191, 193, 191, 190,9999,9999,9999, 190, 191, 191, 192, 191, 192, 193, 193, 195, 197, 200
2010,14216020,216,CH4 ,10PPBC, 3, 5, 201, 196, 197, 197, 195, 192, 192, 192, 193, 192, 192, 192, 192, 192, 192, 191, 191, 191, 192, 192, 193, 193, 193, 194
2010,14216020,216,CH4 ,10PPBC, 3, 6, 195, 193, 195, 196, 195, 192, 192, 191, 192, 193, 194, 193, 193, 192, 192, 195, 198, 197, 194, 193, 193, 194, 192, 191
2010,14216020,216,CH4 ,10PPBC, 3, 7, 193, 193, 191, 191, 190, 189, 190, 190, 191, 192, 193, 194, 192, 192, 190, 190, 190, 190, 191, 192, 193, 194, 194, 194
2010,14216020,216,CH4 ,10PPBC, 3, 8, 195, 195, 196, 196, 196, 195, 194, 194, 193, 194, 194, 193, 193, 193, 193, 193, 194, 193, 192, 193, 193, 194, 192, 191
2010,14216020,216,CH4 ,10PPBC, 3, 9, 191, 193, 193, 193, 192, 192, 194, 196, 194, 195, 194, 192, 191, 190, 189, 188, 188, 188, 188, 188, 189, 191, 190, 191
2010,14216020,216,CH4 ,10PPBC, 3,10, 191, 191, 191, 192, 192, 193, 193, 194, 193, 192,9999, 193, 192, 191, 191, 191, 191, 191, 192, 192, 192, 192, 192, 192
2010,14216020,216,CH4 ,10PPBC, 3,11, 192, 192, 192, 191, 192, 192, 192, 191, 191, 191, 191, 190, 190, 190, 189, 189, 191, 190, 190, 191, 191, 192, 192, 193
2010,14216020,216,CH4 ,10PPBC, 3,12, 193, 194, 194, 193, 194, 195, 194, 193, 194, 192, 193, 193, 192, 192, 193, 193, 194, 196, 196, 197, 194, 194, 195, 195
2010,14216020,216,CH4 ,10PPBC, 3,13, 194, 192, 193, 195, 195, 194, 193, 192, 193, 193, 194, 193, 193, 193, 193, 192, 192, 191, 191, 192, 195, 195, 201, 200
2010,14216020,216,CH4 ,10PPBC, 3,14, 192, 191, 193, 192, 192, 191, 192, 192, 193, 190, 189, 188, 187, 187, 186, 186, 186, 186, 186, 186, 187, 187, 188, 189
2010,14216020,216,CH4 ,10PPBC, 3,15, 192, 193, 195, 191, 192, 191, 192, 192, 192, 192, 192, 192, 192, 191, 192,9999, 164, 192,9999, 161, 195, 197, 192, 197
2010,14216020,216,CH4 ,10PPBC, 3,16, 197, 191, 190, 190, 191, 191, 191, 192, 192, 191, 190, 189,9999, 157, 188,9999, 189, 189, 190, 190, 191, 191, 192, 192
2010,14216020,216,CH4 ,10PPBC, 3,17, 192, 192, 192, 193, 193, 193, 193, 193, 193,9999, 159, 191,9999, 190, 190, 191, 190, 190, 191, 192, 192, 192, 192, 193
2010,14216020,216,CH4 ,10PPBC, 3,18, 193, 192, 192, 193, 193, 193, 194, 194, 194, 193, 193, 192, 192, 192, 191, 191, 191, 190, 191, 191, 191, 190, 191, 191
2010,14216020,216,CH4 ,10PPBC, 3,19, 190, 190, 190, 190, 190, 191, 193, 195, 193, 191, 189, 189, 188, 188, 188, 187, 188, 188, 189, 189, 193, 193, 190, 191
2010,14216020,216,CH4 ,10PPBC, 3,20, 191, 192, 190, 190, 189, 190, 190, 190, 191, 191, 190, 191, 191, 192, 191, 189, 188, 188, 187, 187, 187, 187, 186, 189
2010,14216020,216,CH4 ,10PPBC, 3,21, 190, 188, 186, 185, 185, 192, 194, 193, 192, 192, 192, 192, 193, 194, 192, 191, 191, 191, 192, 192, 196, 195, 195, 192
2010,14216020,216,CH4 ,10PPBC, 3,22, 192, 191, 190, 191, 190, 190, 190, 190, 191, 191, 191, 191, 191, 191, 190, 190, 190, 190, 190, 192, 191, 192, 194, 194
2010,14216020,216,CH4 ,10PPBC, 3,23, 194, 192, 191, 191, 192, 191, 192, 192, 193, 192, 192, 191, 191, 192, 191, 191, 190, 191, 193, 192, 193, 190, 190, 191
2010,14216020,216,CH4 ,10PPBC, 3,24, 192, 193, 194, 194, 193, 192, 192, 193, 194, 194, 194, 195, 193, 192, 192, 191, 189, 191, 192, 189, 189, 189, 189, 189
2010,14216020,216,CH4 ,10PPBC, 3,25, 190, 190, 190, 193, 192, 193, 193, 194, 194, 198,9999, 193, 191, 190, 189, 189, 189, 189, 189, 189, 190, 193, 191, 192
2010,14216020,216,CH4 ,10PPBC, 3,26, 193, 192, 193, 193, 193, 192, 192, 192, 191, 191, 191, 191, 191, 191, 191, 191, 191, 191, 191, 191, 192, 192, 193, 192
2010,14216020,216,CH4 ,10PPBC, 3,27, 192, 192, 193, 193, 193, 193, 193, 193, 192, 192, 192, 192, 191, 192, 191, 191, 190, 191, 191, 192, 193, 193, 192, 192
2010,14216020,216,CH4 ,10PPBC, 3,28, 192, 193, 194, 193, 193, 193, 193, 194, 193, 193, 192, 192, 191, 191, 193, 192, 190, 190, 190, 190, 191, 192, 193, 192
2010,14216020,216,CH4 ,10PPBC, 3,29, 193, 193, 192, 193, 195, 194, 193, 193, 194, 192, 192, 192, 191, 190, 190, 189, 189, 189, 191, 191, 191, 192, 192, 191
2010,14216020,216,CH4 ,10PPBC, 3,30, 191, 192, 191, 190, 190, 191, 192, 191, 192, 192, 192, 192, 192, 191, 189, 189, 189, 189, 190, 191, 193, 193, 190, 190
2010,14216020,216,CH4 ,10PPBC, 3,31, 190, 191, 191, 191, 191, 192, 192, 192, 192, 192,9999, 190, 191, 190, 190, 189, 188, 188, 189, 190, 191, 192, 192, 191
2010,14217020,217,CH4 ,10PPBC, 4, 1, 190, 190, 191, 190, 189, 190, 189, 188, 188, 187,9999,9999,9999,9999, 185, 184, 185, 185, 184, 183, 183, 183, 183, 184
2010,14217020,217,CH4 ,10PPBC, 4, 2, 183, 183,9999,9999,9999,9999,9999,9999,9999,9999,9999,9999,9999, 184, 184, 184, 184, 185, 186, 187, 186, 187, 186, 186
2010,14217020,217,CH4 ,10PPBC, 4, 3, 186, 185, 184, 183, 182, 183, 183, 183, 184, 183, 183, 183, 184, 184, 183, 184, 183, 183, 184, 184, 185, 186, 186, 186
2010,14217020,217,CH4 ,10PPBC, 4, 4, 186, 185, 185, 185, 185, 186, 186, 186, 188, 188, 188, 187, 187, 186, 186, 186, 187, 187, 189, 188, 187, 187, 187, 187
2010,14217020,217,CH4 ,10PPBC, 4, 5, 188, 189, 187, 188, 187, 188, 189, 189, 193, 195, 194, 189, 189, 189, 188, 188, 188, 189, 189, 189, 190, 191, 192, 192
2010,14217020,217,CH4 ,10PPBC, 4, 6, 191, 191, 188, 187, 184, 183, 183, 184, 184, 184,9999,9999, 187, 188, 187, 186, 186, 186, 187, 188, 189, 187, 187, 187
2010,14217020,217,CH4 ,10PPBC, 4, 7, 187, 188, 188, 189, 187, 187, 185, 186, 186, 188, 187, 187, 187, 188, 188, 186, 187, 189, 189, 188, 188, 188, 188, 188
2010,14217020,217,CH4 ,10PPBC, 4, 8, 189, 195, 188, 188, 188, 189, 189, 189, 189, 189, 189, 189, 190, 190, 189, 189, 189, 189, 190, 190, 191, 190, 191, 190
2010,14217020,217,CH4 ,10PPBC, 4, 9, 190, 190, 190, 190, 189, 189, 189, 191, 191, 189, 190, 191, 191, 189, 189, 189, 188, 187, 188, 189, 186, 186, 186, 187
2010,14217020,217,CH4 ,10PPBC, 4,10, 187, 186, 188, 186, 186, 185, 186, 186, 186, 186, 187, 187, 187, 186, 186, 188, 189, 188, 188, 189, 188, 188, 187, 188
2010,14217020,217,CH4 ,10PPBC, 4,11, 186, 186, 186, 186, 185, 185, 186, 185, 186, 186, 186, 186, 186, 187, 187, 187, 187, 186, 186, 188, 188, 187, 187, 187
2010,14217020,217,CH4 ,10PPBC, 4,12, 186, 188, 187, 186, 187, 187, 187, 186, 186, 186, 185, 187, 188, 188, 189, 188, 188, 189, 188, 190, 188, 187, 187, 186
2010,14217020,217,CH4 ,10PPBC, 4,13, 186, 185, 186, 186, 187, 187, 187, 187, 186, 185,9999, 185, 184, 184, 184, 184, 184, 183, 183, 183, 184, 184, 184, 184
2010,14217020,217,CH4 ,10PPBC, 4,14, 184, 184, 185, 187, 188, 188, 187, 188, 188, 188, 188, 189, 189, 188, 187, 188, 187, 187, 187, 187, 188, 189, 189, 189
2010,14217020,217,CH4 ,10PPBC, 4,15, 189, 189, 188, 189, 188, 188, 188, 188, 188, 188, 187, 187, 188, 187, 188, 188, 189, 189, 190, 193, 191, 192, 192, 192
2010,14217020,217,CH4 ,10PPBC, 4,16, 192, 190, 188, 189, 189, 189, 189, 189, 189, 189, 189, 189, 189, 189, 189, 189, 189, 189, 189, 188, 188, 187, 187, 187
2010,14217020,217,CH4 ,10PPBC, 4,17, 187, 189, 189, 186, 186, 186, 186, 187, 187, 187, 187, 187, 187, 187, 187, 187, 187, 187, 187, 188, 189, 191, 188, 188
2010,14217020,217,CH4 ,10PPBC, 4,18, 192, 192, 189, 189, 190, 194, 195, 193, 191, 189, 189, 188, 188, 188, 188, 189, 189, 189, 189, 188, 188, 189, 190, 190
2010,14217020,217,CH4 ,10PPBC, 4,19, 187, 191, 189, 189, 189, 189, 189, 191, 189, 189, 189, 189, 189, 189, 190, 189, 188, 188, 188, 189, 189, 190, 191, 191
2010,14217020,217,CH4 ,10PPBC, 4,20, 192, 190, 188, 187, 186, 185, 185, 185, 185, 185, 184, 184, 183, 183, 184, 184, 184, 185, 185, 184, 184, 183, 183, 183
2010,14217020,217,CH4 ,10PPBC, 4,21, 183, 184, 185, 185, 185, 184, 185, 185, 185, 185, 187, 188, 187, 186, 184, 184,9999, 189, 183, 184, 184, 184, 184, 185
2010,14217020,217,CH4 ,10PPBC, 4,22, 188, 187, 187, 188, 189, 189, 189, 189, 187, 189, 189, 188, 188, 188, 189, 189, 189, 189, 188, 188, 189, 190, 188, 188
2010,14217020,217,CH4 ,10PPBC, 4,23, 187, 187, 187, 189, 188, 188, 189, 188, 188, 187, 187, 187, 187, 187, 187, 186, 187, 187, 188, 188, 189, 189, 187, 187
2010,14217020,217,CH4 ,10PPBC, 4,24, 187, 188, 190, 191, 190, 190, 190, 191, 191, 190, 189, 188, 188, 188, 188, 188, 188, 188, 189, 188, 188, 188, 188, 188
2010,14217020,217,CH4 ,10PPBC, 4,25, 188, 188, 189, 188, 188, 188, 188, 189, 189, 189, 191, 191, 192, 192, 190, 189, 188, 188, 188, 187, 189, 190, 189, 189
2010,14217020,217,CH4 ,10PPBC, 4,26, 189, 190, 190, 188, 189, 189, 189, 189, 189, 187, 189, 189, 188, 189, 190, 190, 190, 189, 188, 188, 187, 187, 187, 191
2010,14217020,217,CH4 ,10PPBC, 4,27, 192, 191, 192, 190, 190, 191, 191, 192, 192,9999,9999, 186, 187, 187, 187, 185, 184, 184, 185, 185, 186, 185, 185, 185
2010,14217020,217,CH4 ,10PPBC, 4,28, 184, 183, 183, 184, 184, 183, 183, 183, 184, 184, 184, 183, 183, 183, 183, 183, 183, 183, 185, 184, 183, 182, 182, 183
2010,14217020,217,CH4 ,10PPBC, 4,29, 184, 183, 183, 183, 184, 184, 184, 183, 182, 181, 181, 181, 182, 182, 182, 182, 184, 185, 185, 185, 185, 186, 184, 184
2010,14217020,217,CH4 ,10PPBC, 4,30, 185, 185, 185, 185, 186, 186, 189, 187, 185, 185, 186, 187, 185, 185, 184, 184, 184, 184, 184, 184, 184, 185, 185, 185
2010,14217020,217,CH4 ,10PPBC, 4,31,9998,9998,9998,9998,9998,9998,9998,9998,9998,9998,9998,9998,9998,9998,9998,9998,9998,9998,9998,9998,9998,9998,9998,9998
2010,14217020,217,CH4 ,10PPBC, 5, 1, 185, 185, 185, 185, 185, 185, 189, 186, 185, 186, 186, 185, 186, 186, 185, 185, 185, 184, 185, 185, 186, 186, 186, 186
2010,14217020,217,CH4 ,10PPBC, 5, 2, 187, 186, 185, 185, 185, 185, 186, 186, 186, 186, 187, 187, 187, 187, 187, 186, 186, 184, 185, 185, 186, 186, 185, 185
2010,14217020,217,CH4 ,10PPBC, 5, 3, 185, 186, 185, 185, 185, 186, 185, 186, 185, 185, 185, 187, 186, 184, 184, 184, 183, 183, 183, 183, 184, 184, 183, 184
2010,14217020,217,CH4 ,10PPBC, 5, 4, 184, 186, 184, 185, 185, 185, 184, 183, 183, 182, 182, 183, 183, 182, 182, 182, 183, 184, 184, 182, 182, 184, 183, 183
2010,14217020,217,CH4 ,10PPBC, 5, 5, 182, 183, 184, 184, 185, 185, 184, 182, 182, 182, 183, 182, 182, 181, 182, 180, 181, 181, 180, 181, 182, 182, 182, 182
2010,14217020,217,CH4 ,10PPBC, 5, 6, 183, 181, 181, 181, 180, 183, 180, 180, 180, 179, 178, 178, 179, 179, 179, 179, 178, 178, 178, 178, 178, 178, 178, 178
2010,14217020,217,CH4 ,10PPBC, 5, 7, 178, 179, 179, 179, 179, 179, 178, 178, 178, 177, 177, 176, 176, 176, 176, 176, 176, 175, 175, 176, 176, 175, 177, 178
2010,14217020,217,CH4 ,10PPBC, 5, 8, 177, 177, 177, 177, 179, 178, 179, 179, 179, 179, 180, 182, 184, 182, 182, 182, 181, 181, 181, 182, 183, 182, 182, 183
2010,14217020,217,CH4 ,10PPBC, 5, 9, 183, 182, 183, 183, 183, 183, 182, 182, 182, 183, 183, 183, 184, 185, 185, 184, 184, 184, 186, 184, 185, 185, 185, 184
2010,14217020,217,CH4 ,10PPBC, 5,10, 186, 189, 191, 191, 189, 188, 188, 189, 185, 184, 184, 185, 184, 184, 184, 184, 184, 184, 184, 183, 182, 182, 182, 183
2010,14217020,217,CH4 ,10PPBC, 5,11, 182, 181, 182, 182, 181, 181, 181, 181, 181, 182,9999,9999, 183, 183, 183, 183, 184, 184, 185, 185, 184, 184, 184, 184
2010,14217020,217,CH4 ,10PPBC, 5,12, 184, 184, 185, 185, 184, 185, 185, 185, 186, 185, 185, 184, 184, 184, 184, 184, 185, 185, 185, 185, 184, 185, 186, 186
2010,14217020,217,CH4 ,10PPBC, 5,13, 186, 185, 185, 187, 189, 187, 186, 187, 186, 186, 186, 186, 186, 186, 186, 187, 187, 186, 186, 186, 185, 185, 186, 185
2010,14217020,217,CH4 ,10PPBC, 5,14, 188, 187, 186, 185, 185, 184, 185, 185, 185, 185, 185, 185, 185, 186, 186, 186, 185, 185, 186, 185, 184, 185, 188, 187
2010,14217020,217,CH4 ,10PPBC, 5,15, 187, 187, 187, 187, 187, 187, 187, 187, 187, 186, 187, 186, 186, 187, 186, 186, 186, 186, 185, 184, 186, 186, 184, 184
2010,14217020,217,CH4 ,10PPBC, 5,16, 185, 184, 184, 184, 183, 184, 184, 184, 184, 184, 184, 183, 183, 183, 183, 182, 182, 183, 183, 183, 184, 185, 185, 187
2010,14217020,217,CH4 ,10PPBC, 5,17, 187, 186, 184, 182, 183, 184, 185, 186, 183, 184, 185, 185, 184, 184, 184, 183, 182, 183, 183, 184, 184, 185, 185, 183
2010,14217020,217,CH4 ,10PPBC, 5,18, 184, 184, 184, 186, 184, 184, 184, 184, 183, 183,9999,9999,9999, 185, 184, 183, 184, 183, 183, 182, 184, 184, 183, 184
2010,14217020,217,CH4 ,10PPBC, 5,19, 188, 184, 184, 184, 184, 183, 183, 183, 182, 182, 182, 182, 183, 182, 183, 183, 182, 182, 182, 182, 183, 184, 185, 186
2010,14217020,217,CH4 ,10PPBC, 5,20, 183,9999, 180, 182, 182, 182, 184, 183, 184, 181, 181, 180, 181, 180, 180, 180, 182, 182, 182, 183, 184, 186, 185, 186
2010,14217020,217,CH4 ,10PPBC, 5,21, 186, 187, 187, 188, 187, 185, 185,9999,9999,9999,9999,9999,9999,9999,9999,9999,9999,9999,9999,9999,9999,9999,9999,9999
2010,14217020,217,CH4 ,10PPBC, 5,22,9999,9999,9999,9999,9999,9999,9999,9999,9999,9999,9999,9999,9999,9999,9999,9999,9999,9999,9999,9999,9999,9999,9999,9999
2010,14217020,217,CH4 ,10PPBC, 5,23,9999,9999,9999,9999,9999,9999,9999,9999,9999,9999,9999,9999,9999,9999,9999,9999,9999,9999,9999,9999,9999,9999,9999,9999
2010,14217020,217,CH4 ,10PPBC, 5,24,9999,9999,9999,9999,9999,9999,9999,9999,9999,9999,9999,9999,9999,9999,9999,9999,9999,9999,9999,9999,9999,9999,9999,9999
2010,14217020,217,CH4 ,10PPBC, 5,25,9999,9999,9999,9999,9999,9999,9999,9999,9999,9999,9999,9999,9999,9999,9999,9999,9999, 189, 189, 188, 187, 185, 185, 184
2010,14217020,217,CH4 ,10PPBC, 5,26, 183,9999, 187, 187, 188, 188, 188, 188, 187, 187, 186, 186, 186, 185, 185, 184, 184, 184, 184, 184, 187, 188, 188, 184
2010,14217020,217,CH4 ,10PPBC, 5,27, 183, 184, 186, 185, 188, 187, 186, 187, 185, 184, 184, 184, 183, 182, 183, 183, 183, 183, 185, 184, 183, 184, 184, 183
2010,14217020,217,CH4 ,10PPBC, 5,28, 184, 184, 184, 183, 184, 183, 183, 183, 184, 184, 183, 183, 182, 183, 184,9999,9999,9999,9999,9999,9999,9999,9999,9999
2010,14217020,217,CH4 ,10PPBC, 5,29,9999,9999,9999,9999,9999,9999,9999,9999,9999,9999,9999,9999,9999,9999,9999,9999,9999,9999,9999,9999,9999,9999,9999,9999
2010,14217020,217,CH4 ,10PPBC, 5,30,9999,9999,9999,9999,9999,9999,9999,9999,9999,9999,9999,9999,9999,9999,9999,9999,9999,9999,9999,9999,9999,9999,9999,9999
2010,14217020,217,CH4 ,10PPBC, 5,31,9999,9999,9999,9999,9999,9999,9999,9999,9999,9999,9999,9999,9999,9999,9999,9999,9999,9999,9999,9999,9999,9999,9999,9999
2010,14217020,217,CH4 ,10PPBC, 6, 1,9999,9999,9999,9999,9999,9999,9999,9999,9999,9999,9999,9999,9999,9999, 188, 189, 187, 186, 183, 183, 184, 182, 182, 181
2010,14217020,217,CH4 ,10PPBC, 6, 2, 181,9999, 184, 185, 187, 187, 187, 187, 187, 188, 190, 193, 192, 189, 189, 188, 186, 185, 182, 184, 183, 184, 184, 185
2010,14217020,217,CH4 ,10PPBC, 6, 3, 183, 184, 184, 184, 184, 184, 186, 183, 182, 182, 183, 183, 182, 183, 183, 183, 182, 182, 183, 183, 184, 184, 184, 184
2010,14217020,217,CH4 ,10PPBC, 6, 4, 187, 185, 188, 185, 185, 186, 189, 185, 184, 183, 184, 183, 182, 182, 181, 181, 181, 181, 181, 182, 182, 183, 182, 183
2010,14217020,217,CH4 ,10PPBC, 6, 5, 181, 182, 181, 182, 182, 182, 183, 183, 183, 182, 182, 182, 183, 184, 182, 185, 187, 186, 187, 187, 186, 185, 184, 184
2010,14217020,217,CH4 ,10PPBC, 6, 6, 185, 186, 185, 186, 185, 184, 185, 186, 186, 186, 186, 184, 184, 184, 184, 185, 183, 183, 183, 183, 184, 182, 183, 183
2010,14217020,217,CH4 ,10PPBC, 6, 7, 183, 183, 183, 184, 184, 182, 184, 184, 184, 183, 185, 186, 186, 184, 183, 182, 182, 182, 182, 182, 182, 182, 182, 183
2010,14217020,217,CH4 ,10PPBC, 6, 8, 182, 183, 182, 182, 182, 182, 184, 183, 183, 181, 181,9999,9999, 187, 187, 188, 188, 190, 189, 189, 188, 187, 186, 187
2010,14217020,217,CH4 ,10PPBC, 6, 9, 188, 187, 186, 185, 185, 183, 184, 184, 184, 187, 187, 184, 184, 183, 189, 189, 190, 191, 192, 192, 191, 191, 192, 193
2010,14217020,217,CH4 ,10PPBC, 6,10, 191, 189, 188, 188, 188, 186, 188, 189, 187, 185, 186, 186, 187, 188, 188, 187, 185, 184, 182, 181, 181, 181, 181, 184
2010,14217020,217,CH4 ,10PPBC, 6,11, 183, 183, 184, 184, 185, 186, 187, 186, 187, 186, 186, 186, 186, 185,9999, 182, 183, 183, 184, 190, 185, 183, 184, 183
2010,14217020,217,CH4 ,10PPBC, 6,12, 183, 185, 183, 184, 184, 185, 184, 183, 183, 183, 184, 183, 183, 182, 182, 181, 181, 181, 181, 181, 182, 184, 183, 185
2010,14217020,217,CH4 ,10PPBC, 6,13, 183, 184, 184, 186, 184, 185, 184, 183, 182, 182, 182, 181, 182, 181, 182, 184, 183, 183, 184, 183, 183, 182, 187, 188
2010,14217020,217,CH4 ,10PPBC, 6,14, 183, 182, 181, 182, 183, 182, 182, 184, 183, 181, 182, 184, 181, 182, 182, 182, 182, 182, 183, 183, 184, 186, 185, 186
2010,14217020,217,CH4 ,10PPBC, 6,15, 188, 189, 186, 187, 187, 187, 190, 183, 183, 183, 183, 183, 183,9999,9999,9999, 183, 183, 185, 185, 184, 184, 184, 183
2010,14217020,217,CH4 ,10PPBC, 6,16, 183,9999, 187, 189, 187, 190, 191, 189, 182, 175, 174, 175, 178, 181, 184, 184, 183, 183, 184, 185, 185, 186, 184, 184
2010,14217020,217,CH4 ,10PPBC, 6,17, 185, 182, 183, 185, 190, 184, 183, 183, 184, 184, 182, 184, 186, 186, 185, 184, 184, 181, 180, 181, 181, 182, 182, 182
2010,14217020,217,CH4 ,10PPBC, 6,18, 186, 182, 183, 183, 181, 183, 181, 182, 182, 181, 181, 183, 183, 181, 176, 178, 179, 181, 183, 184, 183, 184, 182, 179
2010,14217020,217,CH4 ,10PPBC, 6,19, 179, 178, 174, 172, 170, 170, 170, 173, 180, 179, 179, 176, 177, 179, 181, 180, 179, 179, 178, 177, 176, 175, 176, 176
2010,14217020,217,CH4 ,10PPBC, 6,20, 176, 177, 177, 178, 178, 177, 178, 177, 174, 174, 175, 175, 176, 175, 177, 177, 175, 176, 176, 176, 175, 174, 174, 175
2010,14217020,217,CH4 ,10PPBC, 6,21, 175, 175, 177, 177, 178, 183, 179, 177, 176, 176, 176, 175, 174, 174, 174, 175, 175, 175, 176, 178, 177, 176, 177, 177
2010,14217020,217,CH4 ,10PPBC, 6,22, 178, 179, 176, 178, 179, 179, 177, 178, 177, 178,9999, 176, 176, 176, 175, 177, 176, 175, 176, 176, 178, 178, 176, 178
2010,14217020,217,CH4 ,10PPBC, 6,23, 179, 180, 179, 180, 182, 184, 182, 178, 175, 174, 175, 175, 174, 172, 173, 173, 174, 176, 177, 177, 179, 175, 176, 176
2010,14217020,217,CH4 ,10PPBC, 6,24, 183, 186, 186, 187, 185, 183, 185, 189, 187, 186, 186, 185, 185, 184, 185, 185, 188, 192, 193, 190, 187, 187, 188, 187
2010,14217020,217,CH4 ,10PPBC, 6,25, 186, 186, 186, 185, 187, 188, 191, 191, 188, 187, 187, 187, 188, 188, 188, 187, 187, 188, 186, 188, 186, 183, 184, 185
2010,14217020,217,CH4 ,10PPBC, 6,26, 182, 183, 184, 184, 184, 184, 184, 183, 182, 181, 182, 181, 176, 175, 177, 178, 178, 177, 177, 177, 179, 181, 183, 181
2010,14217020,217,CH4 ,10PPBC, 6,27, 180, 181, 181, 181, 179, 179, 179, 177, 178, 178, 177, 176, 176, 174, 174, 172, 171, 173, 173, 174, 174, 175, 175, 176
2010,14217020,217,CH4 ,10PPBC, 6,28, 176, 179, 174, 179, 175, 178, 176, 175, 176, 176, 177, 176, 176, 178, 179, 179, 180, 182, 185, 187, 186, 189, 185, 181
2010,14217020,217,CH4 ,10PPBC, 6,29, 181, 189, 186, 187, 195, 185, 197, 188, 187, 187,9999,9999, 187, 187, 187, 187, 184, 182, 185, 180, 179, 177, 179, 181
2010,14217020,217,CH4 ,10PPBC, 6,30, 183, 184, 183, 182, 181, 183, 182, 183, 180, 181, 179, 179, 179, 180, 178, 181, 180, 181, 181, 182, 181, 181, 180, 179
2010,14217020,217,CH4 ,10PPBC, 6,31,9998,9998,9998,9998,9998,9998,9998,9998,9998,9998,9998,9998,9998,9998,9998,9998,9998,9998,9998,9998,9998,9998,9998,9998
2010,14217020,217,CH4 ,10PPBC, 7, 1, 179, 179, 179, 180, 181, 185, 182, 189, 184, 182, 182, 181, 180, 179, 178, 175, 175, 176, 177, 179, 181, 180, 180, 181
2010,14217020,217,CH4 ,10PPBC, 7, 2, 180, 182, 182, 181, 181, 182, 184, 183, 184, 183, 182, 182, 181, 180, 179, 178, 179, 183, 182, 181, 180, 183, 184, 179
2010,14217020,217,CH4 ,10PPBC, 7, 3, 179, 182, 179, 183, 193, 195, 197, 195, 187, 188, 186, 187, 189, 184, 186, 182, 181, 179, 178, 178, 179, 179, 179, 182
2010,14217020,217,CH4 ,10PPBC, 7, 4, 186, 191, 185, 179, 183, 188, 182, 180, 180, 180, 181, 180, 182, 179, 181, 182, 182, 181, 184, 185, 185, 181, 182, 180
2010,14217020,217,CH4 ,10PPBC, 7, 5, 180, 181, 183, 184, 183, 184, 191, 195, 193, 194, 192, 191, 191, 189, 186, 186, 186, 185, 185, 188, 186, 188, 189, 187
2010,14217020,217,CH4 ,10PPBC, 7, 6, 187, 186, 197, 187, 191, 189, 188, 189, 190, 190, 189, 186, 187, 188, 187, 185, 184, 186, 188, 190, 192, 193, 194, 193
2010,14217020,217,CH4 ,10PPBC, 7, 7, 194, 194, 192, 192, 192, 192, 198, 193, 192, 191,9999,9999,9999, 195, 194, 195, 191, 191, 191, 190, 192, 189, 186, 192
2010,14217020,217,CH4 ,10PPBC, 7, 8, 188, 189, 187, 189, 188, 190, 191, 189, 186, 185, 184, 185, 185, 186, 188, 187, 189, 189, 189, 188, 186, 189, 191, 187
2010,14217020,217,CH4 ,10PPBC, 7, 9, 189,9999, 189, 186, 186, 194, 189, 187, 185, 187, 186, 186, 183, 182, 181, 178, 179, 179, 178, 178, 177, 178, 176, 177
2010,14217020,217,CH4 ,10PPBC, 7,10, 178, 180, 179, 179, 180, 181, 180, 180, 180, 179, 179, 180, 180, 178, 181, 182, 183, 184, 184, 184, 184, 183, 183, 183
2010,14217020,217,CH4 ,10PPBC, 7,11, 183, 184, 185, 186, 186, 186, 189, 188, 187, 186, 184, 183, 184, 184, 183, 183, 177, 175, 176, 176, 173, 174, 172, 172
2010,14217020,217,CH4 ,10PPBC, 7,12, 172, 172, 171, 172, 172, 172, 172, 172, 172, 172, 172, 172, 172, 172, 172, 172, 172, 173, 171, 172, 174, 175, 177, 176
2010,14217020,217,CH4 ,10PPBC, 7,13, 176, 175, 176, 177, 176, 177, 179, 179, 180, 184, 187, 182, 186,9999, 175, 173, 180, 183, 187, 188, 187, 188, 189, 190
2010,14217020,217,CH4 ,10PPBC, 7,14, 192, 194, 191, 194, 199, 198, 194, 189, 187, 186, 179, 172, 173, 173, 172, 172, 173, 172, 173, 173, 173, 174, 174, 174
2010,14217020,217,CH4 ,10PPBC, 7,15, 173, 173, 173, 174, 174, 173, 175, 178, 177, 174, 173, 172, 173, 172, 172, 172, 173, 172, 173, 172, 175, 174, 175, 175
2010,14217020,217,CH4 ,10PPBC, 7,16, 176, 179, 179, 178, 176, 177, 178, 179, 176, 174, 173, 173, 173, 173, 173, 173, 173, 174, 173, 173, 173, 175, 175, 181
2010,14217020,217,CH4 ,10PPBC, 7,17, 177, 179, 180, 179, 186, 185, 181, 175, 175, 174, 174, 172, 173, 175, 174, 174, 174, 173, 175, 176, 176, 176, 176, 176
2010,14217020,217,CH4 ,10PPBC, 7,18, 176, 176, 177, 176, 176, 179, 178, 175, 175, 175, 174, 173, 174, 174, 173, 173, 174, 174, 173, 174, 174, 175, 175, 175
2010,14217020,217,CH4 ,10PPBC, 7,19, 175, 175, 175, 176, 176, 175, 175, 175, 174, 174, 174, 174, 174, 174, 174, 173, 173, 173, 173, 173, 173, 174, 174, 175
2010,14217020,217,CH4 ,10PPBC, 7,20, 175, 176, 177, 178, 178, 178, 177, 176, 176, 176, 176, 176, 176, 176, 176,9999,9999, 176, 178, 177, 179, 179, 179, 178
2010,14217020,217,CH4 ,10PPBC, 7,21, 178, 178, 179, 177, 178, 179, 178, 177, 177, 178, 179, 180, 181, 184, 185, 184, 183, 182, 180, 180, 182, 184, 183, 181
2010,14217020,217,CH4 ,10PPBC, 7,22, 182, 182, 181, 181, 182, 180, 183, 183, 181, 181, 182, 182, 183, 181, 180, 178, 177, 178, 177, 177, 179, 179, 179, 179
2010,14217020,217,CH4 ,10PPBC, 7,23, 182, 182, 180, 181, 180, 182, 181, 183, 182, 181, 181, 183, 183, 184, 184, 182, 180, 178, 177, 178, 179, 180, 181, 181
2010,14217020,217,CH4 ,10PPBC, 7,24, 181, 182, 182, 182, 179, 180, 181, 181, 181, 180, 180, 181, 182, 182, 181, 181, 179, 178, 179, 180, 180, 178, 179, 180
2010,14217020,217,CH4 ,10PPBC, 7,25, 180, 179, 182, 182, 182, 186, 186, 182, 179, 178, 177, 178, 178, 177, 176, 176, 177, 178, 179, 178, 178, 179, 179, 182
2010,14217020,217,CH4 ,10PPBC, 7,26, 183, 184, 181, 181, 179, 181, 185, 179, 179, 182, 182, 180, 178, 177, 175, 177, 176, 179, 178, 179, 178, 179, 181, 180
2010,14217020,217,CH4 ,10PPBC, 7,27, 180, 180, 180, 180, 180, 179, 180, 177, 176, 175, 177, 176, 176, 176, 175, 175, 174, 175, 175, 175, 176, 177, 178, 178
2010,14217020,217,CH4 ,10PPBC, 7,28, 177, 176, 178, 177, 178, 177, 177, 176, 175, 175, 175, 175, 176, 175, 175, 175, 175, 175, 175, 176, 177, 180, 179, 178
2010,14217020,217,CH4 ,10PPBC, 7,29, 177, 178, 180, 180, 178, 179, 177, 180, 178, 177,9999,9999,9999, 173, 174, 174, 175, 175, 174, 175, 174, 176, 176, 175
2010,14217020,217,CH4 ,10PPBC, 7,30, 175, 174, 173, 172, 173, 173, 175, 175, 173, 173, 173, 173, 172, 172, 172, 172, 172, 172, 173, 175, 175, 175, 177, 178
2010,14217020,217,CH4 ,10PPBC, 7,31, 177, 176, 176, 176, 177, 177, 178, 178, 177, 176, 177, 179, 177, 176, 176, 177, 177, 177, 180, 178, 178, 178, 178, 179
2010,14217020,217,CH4 ,10PPBC, 8, 1, 179, 180, 181, 181, 179, 179, 179, 180, 180, 179, 180, 180, 178, 176, 178, 178, 179, 181, 180, 180, 180, 177, 177, 180
2010,14217020,217,CH4 ,10PPBC, 8, 2, 179, 180, 182, 183, 181, 178, 180, 180, 179, 176, 174, 173, 172, 172, 172, 173, 174, 175, 174, 175, 175, 176, 176, 177
2010,14217020,217,CH4 ,10PPBC, 8, 3, 178, 178, 177, 176, 177, 176, 175, 174, 174, 174,9999,9999, 172, 172, 172, 171, 172, 172, 172, 173, 176, 176, 177, 175
2010,14217020,217,CH4 ,10PPBC, 8, 4, 178, 177, 177, 176, 176, 176, 175, 176, 175, 175, 173, 173, 174, 173, 174, 174, 172, 174, 175, 176, 176, 176, 175, 175
2010,14217020,217,CH4 ,10PPBC, 8, 5, 175, 176, 178, 178, 177, 176, 175, 176, 175, 174, 174, 173, 174, 174, 174, 174, 173, 175, 174, 174, 175, 175, 176, 176
2010,14217020,217,CH4 ,10PPBC, 8, 6, 176, 175, 175, 175, 176, 178, 178, 175, 175, 174, 174, 174, 174, 174, 176, 175, 175, 176, 175, 177, 176, 177, 175, 177
2010,14217020,217,CH4 ,10PPBC, 8, 7, 177, 177, 178, 177, 178, 178, 181, 179, 177, 178, 178, 178, 179, 178, 178, 178, 178, 176, 178, 179, 179, 179, 179, 179
2010,14217020,217,CH4 ,10PPBC, 8, 8, 179, 179, 178, 178, 180, 179, 184, 179, 177, 177, 178, 178, 177, 176, 176, 175, 175, 175, 176, 176, 176, 176, 176, 176
2010,14217020,217,CH4 ,10PPBC, 8, 9, 175, 178, 176, 180, 176, 177, 179, 176, 175, 176, 176, 175, 174, 174, 175, 175, 174, 174, 175, 175, 176, 177, 176, 176
2010,14217020,217,CH4 ,10PPBC, 8,10, 176, 176, 177, 177, 176, 178, 175, 176, 177, 175,9999,9999, 171, 171, 172, 171, 172, 173, 173, 174, 173, 171, 173, 176
2010,14217020,217,CH4 ,10PPBC, 8,11, 174, 173, 174, 175, 174, 179, 176, 173, 173, 172, 171, 171, 171, 170, 170, 171, 170, 171, 171, 171, 172, 172, 173, 173
2010,14217020,217,CH4 ,10PPBC, 8,12, 174, 176, 173, 173, 174, 174, 172, 171, 172, 172, 172, 173, 173, 175, 174, 173, 173, 173, 175, 175, 177, 175, 175, 179
2010,14217020,217,CH4 ,10PPBC, 8,13, 180, 180, 181, 180, 178, 180, 180, 179, 180, 178, 176, 177, 178, 179, 180, 181, 178, 180, 182, 182, 183, 182, 181, 181
2010,14217020,217,CH4 ,10PPBC, 8,14, 184, 183, 182, 181, 182, 182, 179, 179, 180, 178, 177, 175, 175, 176, 176, 176, 176, 176, 175, 175, 175, 175, 175, 175
2010,14217020,217,CH4 ,10PPBC, 8,15, 176, 176, 177, 177, 177, 176, 176, 176, 175, 174, 176, 177, 177, 175, 173, 172, 172, 171, 172, 172, 173, 172, 172, 173
2010,14217020,217,CH4 ,10PPBC, 8,16, 173, 174, 173, 176, 177, 175, 178, 177, 177, 177, 177, 178, 178, 178, 179, 178, 178, 178, 181, 179, 179, 182, 181, 179
2010,14217020,217,CH4 ,10PPBC, 8,17, 180, 180, 179, 180, 180, 183, 181, 180, 181, 183,9999, 183, 185, 190, 185, 184, 188, 179, 178, 179, 182, 183, 183, 184
2010,14217020,217,CH4 ,10PPBC, 8,18, 186, 186, 188, 185, 184, 184, 183, 182, 181, 180, 180, 180, 184, 184, 179, 178, 180, 179, 176, 178, 179, 180, 179, 180
2010,14217020,217,CH4 ,10PPBC, 8,19, 180, 180, 183, 185, 187, 187, 183, 182, 181, 181, 181, 181, 182, 183, 184, 181, 181, 181, 184, 185, 182, 181, 183, 183
2010,14217020,217,CH4 ,10PPBC, 8,20, 183, 186, 185, 189, 189, 189, 189, 189, 189, 189, 188, 187, 187, 186, 187, 189, 191, 189, 185, 184, 184, 184, 183, 186
2010,14217020,217,CH4 ,10PPBC, 8,21, 185, 184, 184, 187, 186, 186, 186, 187, 186, 185, 186, 186, 185, 185, 185, 185, 184, 184, 184, 185, 186, 186, 186, 185
2010,14217020,217,CH4 ,10PPBC, 8,22, 186, 182, 183, 183, 183, 185, 183, 183, 182, 183, 182, 181, 180, 181, 180, 179, 179, 180, 181, 181, 180, 181, 181, 182
2010,14217020,217,CH4 ,10PPBC, 8,23, 179, 179, 179, 181, 183, 182, 180, 181, 180, 180, 179, 179, 179, 179, 178, 178, 178, 179, 180, 180, 179, 179, 181, 179
2010,14217020,217,CH4 ,10PPBC, 8,24, 181, 180, 178, 179, 179, 179, 180, 179, 179,9999,9999,9999, 177, 178, 177, 178, 178, 179, 179, 178, 179, 179, 180, 182
2010,14217020,217,CH4 ,10PPBC, 8,25, 180, 181, 180, 180, 180, 179, 178, 179, 179, 179, 178, 178, 178, 177, 178, 177, 176, 176, 176, 177, 178, 180, 179, 181
2010,14217020,217,CH4 ,10PPBC, 8,26, 179, 180, 179, 179, 181, 179, 178, 178, 177, 178, 178, 177, 178, 177, 177, 177, 177, 178, 178, 179, 180, 180, 181, 182
2010,14217020,217,CH4 ,10PPBC, 8,27, 180, 181, 180, 181, 180, 180, 179, 180, 179, 182, 183, 180, 180, 180, 179, 177, 175, 174, 176, 179, 177, 181, 178, 179
2010,14217020,217,CH4 ,10PPBC, 8,28, 180, 179, 176, 177, 176, 176, 174, 175, 174, 174, 174, 174, 173, 173, 173, 172, 173, 174, 174, 175, 177, 179, 176, 177
2010,14217020,217,CH4 ,10PPBC, 8,29, 180, 182, 177, 182, 183, 177, 178, 178, 177, 176, 176, 175, 174, 174, 174, 174, 174, 174, 173, 174, 175, 176, 175, 176
2010,14217020,217,CH4 ,10PPBC, 8,30, 175, 176, 175, 182, 184, 179, 179, 179, 175, 175, 175, 176, 176, 178, 179, 177, 174, 174, 175, 175, 175, 175, 176, 175
2010,14217020,217,CH4 ,10PPBC, 8,31, 174, 174, 174, 175, 175, 178, 178, 176, 176, 177,9999,9999, 179, 177, 175, 174, 176, 179, 178, 176, 177, 177, 176, 178
2010,14217020,217,CH4 ,10PPBC, 9, 1, 176, 176, 175, 176, 178, 181, 185, 177, 175, 175, 175, 175, 174, 174, 173, 173, 174, 174, 175, 177, 174, 174, 174, 174
2010,14217020,217,CH4 ,10PPBC, 9, 2, 175, 178, 178, 177, 177, 177, 177, 179, 178, 179, 180, 179, 180, 181, 181, 179, 179, 178, 178, 181, 179, 180, 179, 179
2010,14217020,217,CH4 ,10PPBC, 9, 3, 182, 181, 180, 180, 182, 180, 181, 181, 180, 179, 180, 179, 179, 178, 178, 178, 178, 177, 177, 178, 178, 177, 179, 181
2010,14217020,217,CH4 ,10PPBC, 9, 4, 180, 180, 180, 179, 179, 178, 178, 181, 179, 179, 179, 179, 182, 183, 184, 183, 179, 179, 179, 179, 179, 178, 178, 179
2010,14217020,217,CH4 ,10PPBC, 9, 5, 182, 179, 178, 178, 178, 178, 179, 178, 178, 178, 179, 179, 177, 177, 177, 176, 177, 176, 178, 178, 180, 178, 179, 179
2010,14217020,217,CH4 ,10PPBC, 9, 6, 183, 179, 179, 179, 178, 179, 179, 178, 175, 175, 174, 173, 173, 172, 173, 173, 172, 172, 171, 172, 174, 176, 175, 178
2010,14217020,217,CH4 ,10PPBC, 9, 7, 175, 175, 174, 174, 174, 174, 174, 173, 172, 172, 172,9999, 171, 171, 172, 172, 171, 171, 171, 171, 171, 171, 171, 171
2010,14217020,217,CH4 ,10PPBC, 9, 8, 171, 171, 171, 172, 174, 176, 178, 180, 179, 180, 179, 179, 180, 178, 176, 177, 179, 182, 189, 192, 189, 185, 181, 180
2010,14217020,217,CH4 ,10PPBC, 9, 9, 179, 178, 179, 180, 182, 183, 181, 185, 182, 182, 183, 180, 180, 180, 181, 182, 185, 184, 183, 183, 183, 186, 185, 184
2010,14217020,217,CH4 ,10PPBC, 9,10, 184, 185, 186, 189, 190, 193, 196, 196, 196, 191, 186, 185, 185, 186, 185, 185, 184, 183, 186, 187, 187, 184, 185, 185
2010,14217020,217,CH4 ,10PPBC, 9,11, 184, 183, 186, 183, 185, 184, 185, 184, 183, 183, 182, 182, 183, 183, 181, 182, 182, 183, 182, 183, 181, 183, 182, 182
2010,14217020,217,CH4 ,10PPBC, 9,12, 182, 183, 184, 184, 183, 183, 182, 182, 181, 183, 182, 184, 191, 190, 191, 192, 194, 192, 186, 182, 182, 179, 179, 178
2010,14217020,217,CH4 ,10PPBC, 9,13, 181, 183, 182, 181, 178, 176, 179, 177, 179, 180, 179, 180, 180, 179, 178, 179, 180, 181, 181, 182, 183, 183, 183, 182
2010,14217020,217,CH4 ,10PPBC, 9,14, 183, 184, 183, 186, 185, 186, 186, 188, 189, 183,9999,9999, 182, 182, 182, 182, 182, 182, 181, 181, 180, 181, 184, 184
2010,14217020,217,CH4 ,10PPBC, 9,15, 182, 182, 183, 184, 185, 185, 184, 183, 184, 183, 183, 183, 183, 183, 182, 182, 185, 186, 187, 185, 185, 184, 184, 182
2010,14217020,217,CH4 ,10PPBC, 9,16, 182, 182, 182, 181, 182, 181, 181, 182, 184, 183, 181, 182, 180, 180, 181, 182, 182, 183, 182, 184, 184, 185, 183, 186
2010,14217020,217,CH4 ,10PPBC, 9,17, 186, 186, 187, 186, 188, 188, 189, 185, 183, 182, 181, 181, 181, 182, 182, 182, 183, 184, 184, 182, 183, 183, 183, 184
2010,14217020,217,CH4 ,10PPBC, 9,18, 187, 188, 187, 189, 186, 186, 184, 183, 183, 183, 183, 184, 184, 186, 187, 185, 184, 183, 184, 183, 185, 185, 183, 186
2010,14217020,217,CH4 ,10PPBC, 9,19, 184, 183, 184, 184, 185, 186, 184, 183, 184, 183, 184, 186, 183, 181, 181, 180, 180, 181, 183, 182, 183, 182, 182, 183
2010,14217020,217,CH4 ,10PPBC, 9,20, 186, 184, 183, 184, 184, 184, 185, 187, 186, 186, 188, 190, 189, 187, 185, 185, 184, 185, 186, 186, 186, 185, 186, 185
2010,14217020,217,CH4 ,10PPBC, 9,21, 185, 187, 187, 189, 190, 188, 187, 185, 184, 185, 185,9999,9999, 185, 185, 185, 186, 185, 185, 186, 186, 185, 185, 184
2010,14217020,217,CH4 ,10PPBC, 9,22, 184, 184, 187, 188, 188, 187, 186, 186, 184, 184, 184, 183, 183, 181, 179, 177, 177, 178, 178, 177, 177, 177, 177, 177
2010,14217020,217,CH4 ,10PPBC, 9,23, 178, 180, 181, 184, 185, 186, 187, 186, 186, 184, 178, 182, 185, 185, 185, 185, 186, 185, 184, 184, 184, 184, 184, 184
2010,14217020,217,CH4 ,10PPBC, 9,24, 185, 185, 185, 184, 185, 185, 185, 185, 185, 185, 185, 185, 186, 186, 186, 185, 185, 186, 187, 186, 185, 186, 185, 186
2010,14217020,217,CH4 ,10PPBC, 9,25, 186, 186, 185, 185, 186, 185, 185, 185, 185, 185, 184, 184, 184, 184, 184, 185, 185, 185, 187, 186, 186, 187, 187, 188
2010,14217020,217,CH4 ,10PPBC, 9,26, 188, 188, 188, 191, 190, 188, 188, 189, 188, 188, 189, 190, 189, 188, 189, 189, 189, 188, 188, 190, 188, 189, 189, 188
2010,14217020,217,CH4 ,10PPBC, 9,27, 188, 188, 188, 189, 187, 187, 189, 189, 187, 187, 186, 187, 187, 185, 185, 186, 186, 186, 186, 188, 187, 188, 188, 187
2010,14217020,217,CH4 ,10PPBC, 9,28, 187, 187, 189, 190, 190, 189, 190, 192, 191, 191,9999,9999, 188, 186, 184, 183, 184, 185, 185, 186, 186, 186, 184, 186
2010,14217020,217,CH4 ,10PPBC, 9,29, 185, 186, 187, 184, 186, 186, 186, 187, 187, 187, 187, 187, 187, 187, 188, 189, 188, 188, 189, 189, 189, 189, 189, 188
2010,14217020,217,CH4 ,10PPBC, 9,30, 188, 188, 190, 190, 190, 191, 191, 191, 190, 188, 188, 189, 189, 188, 188, 188, 189, 189, 190, 190, 190, 190, 189, 189
2010,14217020,217,CH4 ,10PPBC, 9,31,9998,9998,9998,9998,9998,9998,9998,9998,9998,9998,9998,9998,9998,9998,9998,9998,9998,9998,9998,9998,9998,9998,9998,9998
2010,14217020,217,CH4 ,10PPBC,10, 1, 188, 190, 191, 190, 190, 192, 192, 191, 190, 189, 188, 189, 188, 187, 187, 187, 187, 187, 188, 188, 188, 188, 189, 190
2010,14217020,217,CH4 ,10PPBC,10, 2, 192, 194, 192, 191, 193, 190, 192, 190, 188, 187, 187, 187, 186, 186, 186, 186, 188, 188, 187, 187, 188, 192, 191, 190
2010,14217020,217,CH4 ,10PPBC,10, 3, 191, 190, 188, 189, 190, 190, 187, 187, 186, 186, 185, 185, 185, 185, 185, 185, 185, 186, 188, 185, 186, 188, 187, 189
2010,14217020,217,CH4 ,10PPBC,10, 4, 188, 187, 187, 189, 189, 190, 190, 189, 187, 188, 186, 184, 187, 188, 187, 189, 189, 190, 191, 191, 191, 193, 193, 192
2010,14217020,217,CH4 ,10PPBC,10, 5, 192, 194, 191, 189, 189, 185, 187, 187, 188, 187,9999,9999,9999, 190, 189, 189, 189, 190, 189, 192, 192, 189, 190, 190
2010,14217020,217,CH4 ,10PPBC,10, 6, 190, 190, 190, 189, 190, 192, 191, 191, 191, 188, 187, 187, 187, 187, 187, 188, 188, 190, 190, 191, 192, 192, 191, 191
2010,14217020,217,CH4 ,10PPBC,10, 7, 190,9999, 189, 187, 188, 190, 188, 188, 187, 186, 185, 185, 185, 185, 186, 186, 186, 186, 186, 187, 187, 188, 187, 186
2010,14217020,217,CH4 ,10PPBC,10, 8, 187, 188, 189, 186, 188, 188, 186, 187, 185, 185, 185, 186, 186, 186, 186, 186, 186, 186, 188, 190, 190, 190, 191, 189
2010,14217020,217,CH4 ,10PPBC,10, 9, 187, 189, 190, 187, 186, 187, 186, 187, 187, 185, 189, 185, 183, 186, 184, 183, 184, 184, 186, 187, 186, 187, 188, 187
2010,14217020,217,CH4 ,10PPBC,10,10, 187, 188, 187, 184, 183, 187, 186, 186, 184, 182, 181, 180, 181, 181, 181, 181, 181, 181, 183, 183, 180, 181, 181, 181
2010,14217020,217,CH4 ,10PPBC,10,11, 182, 182, 181, 181, 182, 181, 183, 186, 182, 181, 180, 181, 181, 181, 181, 182, 183, 183, 183, 182, 183, 182, 182, 184
2010,14217020,217,CH4 ,10PPBC,10,12, 184, 184, 183, 182, 183, 184, 184, 184, 183, 184,9999,9999, 184, 185, 184, 183, 183, 183, 187, 186, 183, 183, 183, 183
2010,14217020,217,CH4 ,10PPBC,10,13, 183, 183, 183, 184, 182, 184, 181, 182, 183, 182, 183, 185, 186, 186, 186, 186, 185, 190, 185, 185, 185, 184, 182, 184
2010,14217020,217,CH4 ,10PPBC,10,14, 186, 185, 186, 185, 186, 186, 186, 185, 184, 182, 183, 184, 184, 185, 185, 185, 186, 186, 186, 187, 188, 188, 189, 189
2010,14217020,217,CH4 ,10PPBC,10,15, 188, 188, 188, 186, 186, 187, 187, 186, 186, 184, 184, 185, 184, 184, 184, 185, 184, 185, 185, 185, 186, 186, 185, 185
2010,14217020,217,CH4 ,10PPBC,10,16, 187, 185, 184, 184, 183, 183, 183, 183, 183, 184, 184, 185, 185, 185, 186, 186, 185, 186, 185, 187, 185, 185, 186, 186
2010,14217020,217,CH4 ,10PPBC,10,17, 186, 186, 186, 187, 189, 188, 188, 186, 186, 185, 185, 184, 183, 183, 183, 184, 184, 186, 184, 184, 184, 184, 185, 185
2010,14217020,217,CH4 ,10PPBC,10,18, 186, 186, 185, 185, 185, 185, 186, 187, 186, 184, 184, 184, 185, 186, 186, 187, 187, 187, 186, 186, 186, 187, 188, 186
2010,14217020,217,CH4 ,10PPBC,10,19, 186, 185, 186, 186, 186, 186, 186, 186, 185, 184, 183,9999, 183, 183, 184, 184, 183, 183, 184, 185, 184, 184, 184, 185
2010,14217020,217,CH4 ,10PPBC,10,20, 185, 185, 184, 185, 184, 185, 184, 185, 184, 185, 185, 184, 183, 184, 184, 183, 184, 186, 184, 183, 182, 183, 182, 182
2010,14217020,217,CH4 ,10PPBC,10,21, 182, 183, 181, 182, 184, 181, 181, 182, 181, 181, 182, 181, 181, 182, 181, 181, 181, 182, 181, 182, 182, 182, 183, 183
2010,14217020,217,CH4 ,10PPBC,10,22, 183, 183, 184, 184, 184, 186, 186, 185, 183, 183, 183, 183, 183, 183, 183, 184, 184, 184, 185, 185, 183, 185, 185, 185
2010,14217020,217,CH4 ,10PPBC,10,23, 185, 184, 184, 184, 185, 186, 187, 187, 185, 184, 184, 184, 184, 184, 185, 185, 185, 185, 186, 186, 186, 186, 187, 188
2010,14217020,217,CH4 ,10PPBC,10,24, 188, 187, 187, 186, 185, 184, 184, 185, 185, 184, 183, 182, 183, 186, 185, 185, 185, 186, 187, 187, 187, 186, 187, 188
2010,14217020,217,CH4 ,10PPBC,10,25, 188, 188, 187, 188, 188, 186, 187, 188, 188, 186, 188, 187, 185, 184, 183, 185, 185, 185, 187, 188, 189, 189, 189, 189
2010,14217020,217,CH4 ,10PPBC,10,26, 190, 190, 190, 191, 191, 192, 191, 184, 183, 184,9999,9999, 187, 187, 186, 186, 187, 187, 187, 188, 188, 188, 188, 188
2010,14217020,217,CH4 ,10PPBC,10,27, 187, 188, 188, 187, 188, 188, 188, 188, 188, 188, 188, 188, 187, 187, 187, 187, 187, 187, 188, 188, 188, 188, 189, 189
2010,14217020,217,CH4 ,10PPBC,10,28, 189, 189, 189, 189, 188, 187, 186, 186, 186, 185, 185, 186, 192, 188, 186, 185, 187, 186, 185, 186, 187, 187, 188, 187
2010,14217020,217,CH4 ,10PPBC,10,29, 188, 188, 187, 187, 187, 187, 189, 189, 187, 187, 187, 187, 188, 188, 188, 188, 190, 190, 189, 188, 187, 187, 187, 186
2010,14217020,217,CH4 ,10PPBC,10,30, 187, 186, 186, 185, 185, 184, 186, 184, 185, 185, 185, 185, 185, 184, 184, 184, 184, 184, 184, 184, 183, 183, 182, 182
2010,14217020,217,CH4 ,10PPBC,10,31, 183, 186, 186, 189, 185, 185, 185, 184, 183, 183, 182, 182, 182, 182, 182, 183, 184, 184, 183, 184, 184, 183, 183, 184
2010,14217020,217,CH4 ,10PPBC,11, 1, 183, 184, 186, 184, 182, 182, 182, 184, 184, 184, 183, 183, 182, 182, 181, 182, 182, 183, 183, 182, 182, 183, 184, 185
2010,14217020,217,CH4 ,10PPBC,11, 2, 184, 186, 186, 185, 185, 184, 185, 183, 184, 184,9999,9999, 184, 184, 184, 184, 184, 185, 186, 186, 186, 186, 187, 186
2010,14217020,217,CH4 ,10PPBC,11, 3, 186, 186, 186, 186, 186, 187, 187, 189, 189, 187, 187, 188, 188, 187, 187, 187, 187, 188, 191, 190, 189, 189, 188, 188
2010,14217020,217,CH4 ,10PPBC,11, 4, 187, 187, 187, 187, 187, 187, 188, 188, 189, 188, 188, 187, 187, 187, 188, 188, 187, 187, 187, 189, 189, 188, 188, 189
2010,14217020,217,CH4 ,10PPBC,11, 5, 190, 189, 188, 190, 189, 188, 188, 189, 187, 187, 186, 186, 187, 186, 186, 185, 186, 185, 185, 186, 187, 188, 187, 188
2010,14217020,217,CH4 ,10PPBC,11, 6, 188,9999, 186, 186, 186, 187, 186, 186, 187, 189, 185, 185, 185, 184, 185, 185, 188, 184, 183, 185, 184, 184, 186, 184
2010,14217020,217,CH4 ,10PPBC,11, 7, 184, 185, 184, 184, 184, 185, 184, 184, 184, 184, 183, 182, 183, 183, 183, 184, 187, 184, 184, 183, 182, 183, 182, 182
2010,14217020,217,CH4 ,10PPBC,11, 8, 183, 183, 182, 183, 183, 184, 185, 185, 185, 186, 186, 186, 185, 185, 184, 184, 185, 184, 184, 185, 185, 184, 186, 185
2010,14217020,217,CH4 ,10PPBC,11, 9, 188, 187, 186, 188, 186, 184, 184, 185, 185, 184,9999,9999, 183, 183, 183, 184, 186, 186, 186, 186, 187, 187, 187, 186
2010,14217020,217,CH4 ,10PPBC,11,10, 189, 187, 186, 187, 188, 187, 189, 189, 189, 187, 185, 184, 184, 183, 183, 183, 183, 183, 184, 183, 184, 183, 185, 187
2010,14217020,217,CH4 ,10PPBC,11,11, 185, 185, 185, 185, 185, 185, 186, 186, 189, 186, 185, 185, 185, 185, 185, 186, 187, 186, 185, 187, 186, 187, 186, 186
2010,14217020,217,CH4 ,10PPBC,11,12, 187, 187, 187, 187, 186, 187, 189, 187, 187, 187, 186, 186, 185, 184, 184, 185, 184, 186, 189, 186, 185, 187, 187, 185
2010,14217020,217,CH4 ,10PPBC,11,13, 185, 186, 186, 187, 186, 187, 186, 187, 188, 188, 189, 186, 185, 185, 185, 185, 186, 185, 186, 187, 187, 187, 188, 187
2010,14217020,217,CH4 ,10PPBC,11,14, 186, 186, 186, 186, 187, 186, 186, 187, 186, 187, 186, 184, 185, 186, 186, 185, 189, 189, 185, 186, 184, 183, 185, 185
2010,14217020,217,CH4 ,10PPBC,11,15, 184, 184, 183, 183, 183, 184, 185, 186, 184, 184, 184, 183, 184, 184, 186, 187, 187, 187, 186, 185, 185, 185, 185, 186
2010,14217020,217,CH4 ,10PPBC,11,16, 186, 186, 187, 186, 186, 186, 186, 187, 187, 187,9999,9999,9999,9999, 187, 187, 187, 187, 187, 187, 188, 189, 189, 189
2010,14217020,217,CH4 ,10PPBC,11,17, 189, 188, 187, 187, 187, 187, 187, 187, 188, 187, 188, 186, 185, 185, 185, 186, 187, 187, 186, 185, 186, 187, 187, 187
2010,14217020,217,CH4 ,10PPBC,11,18, 187, 187, 187, 187, 186, 186, 187, 187, 187, 186, 185, 185, 185, 185, 184, 184, 184, 184, 185, 185, 186, 186, 187, 186
2010,14217020,217,CH4 ,10PPBC,11,19, 186, 186, 187, 187, 187, 187, 188, 189, 188, 186, 185, 185, 185, 186, 186, 185, 185, 185, 185, 186, 186, 187, 188, 187
2010,14217020,217,CH4 ,10PPBC,11,20, 187, 186, 187, 187, 188, 187, 188, 187, 187, 187, 186, 185, 185, 184, 185, 185, 186, 191, 186, 186, 186, 186, 186, 186
2010,14217020,217,CH4 ,10PPBC,11,21, 186, 186, 185, 185, 185, 186, 187, 189, 187, 185, 184, 184, 184, 184, 184, 184, 184, 183, 184, 184, 183, 184, 185, 184
2010,14217020,217,CH4 ,10PPBC,11,22, 184, 185, 185, 186, 187, 188, 189, 188, 189, 189, 187, 187, 187, 184, 186, 188, 188, 184, 184, 182, 181, 181, 181, 181
2010,14217020,217,CH4 ,10PPBC,11,23, 180, 180, 181, 180, 180, 179, 180, 182, 182, 181, 181, 181, 182, 184, 184, 185, 185, 185, 186, 187, 187, 188, 187, 188
2010,14217020,217,CH4 ,10PPBC,11,24, 188, 188, 188, 188, 188, 188, 188, 187, 187, 187,9999,9999, 186, 186, 187, 187, 187, 191, 191, 190, 190, 190, 191, 190
2010,14217020,217,CH4 ,10PPBC,11,25, 190, 190, 190, 189, 191, 191, 189, 190, 190, 190, 190, 190, 191, 191, 191, 191, 191, 191, 192, 193, 192, 193, 192, 191
2010,14217020,217,CH4 ,10PPBC,11,26, 194, 194, 193, 191, 189, 186, 184, 183, 182, 186, 184, 183, 184, 185, 184, 184, 184, 185, 186, 188, 188, 188, 188, 188
2010,14217020,217,CH4 ,10PPBC,11,27, 188, 188, 188, 188, 187, 190, 188, 190, 186, 186, 186, 185, 186, 186, 186, 186, 186, 189, 195, 192, 187, 187, 187, 188
2010,14217020,217,CH4 ,10PPBC,11,28, 187, 186, 185, 185, 185, 185, 185, 187, 187, 188, 188, 186, 186, 186, 186, 186, 185, 187, 189, 186, 187, 187, 189, 187
2010,14217020,217,CH4 ,10PPBC,11,29, 186, 187, 188, 187, 187, 185, 187, 188, 190, 189, 187, 186, 186, 186, 187, 187, 188, 189, 190, 190, 195, 192, 191, 196
2010,14217020,217,CH4 ,10PPBC,11,30, 190, 190, 188, 190, 189, 189, 188, 190, 191, 190,9999, 190, 190, 189, 189, 188, 192, 189, 189, 189, 189, 190, 188, 187
2010,14217020,217,CH4 ,10PPBC,11,31,9998,9998,9998,9998,9998,9998,9998,9998,9998,9998,9998,9998,9998,9998,9998,9998,9998,9998,9998,9998,9998,9998,9998,9998
2010,14217020,217,CH4 ,10PPBC,12, 1, 188, 190, 190, 190, 188, 187, 186, 188, 188, 188, 188, 187, 187, 188, 188, 188, 189, 188, 189, 190, 192, 191, 191, 190
2010,14217020,217,CH4 ,10PPBC,12, 2, 190, 188, 187, 186, 186, 187, 188, 188, 188, 192, 189, 187, 187, 187, 188, 187, 186, 187, 189, 189, 188, 188, 189, 188
2010,14217020,217,CH4 ,10PPBC,12, 3, 187, 185, 186, 186, 186, 185, 186, 181, 181, 180, 180, 181, 182, 183, 182, 182, 181, 183, 184, 185, 186, 187, 187, 186
2010,14217020,217,CH4 ,10PPBC,12, 4, 186, 186, 186, 186, 186, 188, 188, 190, 187, 187, 186, 186, 186, 186, 185, 185, 187, 185, 186, 187, 186, 187, 187, 187
2010,14217020,217,CH4 ,10PPBC,12, 5, 187, 187, 187, 187, 186, 187, 187, 188, 188, 189, 187, 187, 187, 188, 187, 188, 192, 187, 187, 188, 188, 188, 188, 188
2010,14217020,217,CH4 ,10PPBC,12, 6, 188, 188, 189, 188, 191, 190, 189, 190, 192, 192, 188, 188, 187, 187, 188, 189, 190, 188, 187, 188, 188, 187, 186, 186
2010,14217020,217,CH4 ,10PPBC,12, 7, 184, 185, 185, 184, 185, 185, 190, 189, 189, 190,9999,9999, 186, 186, 186, 186, 186, 186, 186, 187, 186, 186, 186, 187
2010,14217020,217,CH4 ,10PPBC,12, 8, 187, 185, 186, 186, 186, 187, 186, 187, 187, 187, 186, 186, 186, 186, 186, 186, 190, 188, 189, 188, 189, 189, 188, 187
2010,14217020,217,CH4 ,10PPBC,12, 9, 187, 188, 188, 191, 190, 187, 188, 187, 187, 187, 187, 185, 186, 186, 187, 187, 188, 188, 190, 193, 189, 189, 187, 190
2010,14217020,217,CH4 ,10PPBC,12,10, 191, 190, 190, 190, 190, 189, 191, 190, 190, 189, 188, 187, 188, 188, 188, 189, 188, 189, 188, 187, 186, 187, 188, 188
2010,14217020,217,CH4 ,10PPBC,12,11, 187, 188, 187, 187, 188, 188, 189, 191, 189, 186, 186, 185, 184, 184, 184, 184, 184, 184, 185, 184, 184, 184, 184, 184
2010,14217020,217,CH4 ,10PPBC,12,12, 185, 186, 186, 187, 187, 187, 188, 189, 189, 187, 188, 188, 188, 188, 187, 187, 188, 189, 188, 188, 188, 189, 189, 191
2010,14217020,217,CH4 ,10PPBC,12,13, 194, 193, 192, 191, 191, 190, 188, 187, 191, 190, 191, 190, 189, 188, 187, 188, 188, 187, 187, 188, 188, 188, 187, 188
2010,14217020,217,CH4 ,10PPBC,12,14, 187, 187, 187, 187, 189, 190, 188, 189, 189, 189,9999,9999, 188, 189, 189, 189, 189, 191, 190, 189, 186, 188, 187, 186
2010,14217020,217,CH4 ,10PPBC,12,15, 186, 188, 185, 185, 185, 185, 185, 186, 186, 185, 185, 185, 185, 185, 185, 184, 185, 186, 185, 187, 187, 188, 189, 189
2010,14217020,217,CH4 ,10PPBC,12,16, 190, 189, 189, 190, 190, 190, 190, 190, 190, 189, 189, 189, 189, 189, 190, 192, 193, 193, 192, 193, 192, 191, 189, 188
2010,14217020,217,CH4 ,10PPBC,12,17, 188, 188, 187, 187, 187, 187, 188, 188, 190, 189, 187, 187, 188, 189, 189, 188, 189, 188, 188, 188, 188, 191, 189, 188
2010,14217020,217,CH4 ,10PPBC,12,18, 188, 188, 189, 188, 187, 187, 187, 190, 189, 189, 188, 188, 188, 188, 187, 189, 190, 192, 192, 192, 191, 191, 193, 191
2010,14217020,217,CH4 ,10PPBC,12,19, 191, 192, 191, 192, 193, 193, 193, 191, 191, 191, 190, 189, 188, 188, 189, 189, 189, 189, 190, 191, 192, 192, 192, 192
2010,14217020,217,CH4 ,10PPBC,12,20, 191, 190, 189, 191, 191, 191, 191, 191, 190, 189, 188, 185, 184, 184, 185, 192, 188, 186, 190, 190, 191, 188, 187, 188
2010,14217020,217,CH4 ,10PPBC,12,21, 187, 186, 186, 187, 186, 186, 187, 187, 191, 189,9999,9999,9999, 188, 187, 192, 195, 188, 188, 188, 187, 187, 187, 187
2010,14217020,217,CH4 ,10PPBC,12,22, 187, 187, 186, 186, 186, 186, 187, 187, 187, 185, 183, 183, 183, 182, 182, 185, 187, 187, 188, 183, 186, 191, 186, 188
2010,14217020,217,CH4 ,10PPBC,12,23, 184, 184, 185, 190, 187, 185, 185, 190, 187, 186, 185, 184, 186, 185, 185, 185, 186, 185, 185, 186, 187, 187, 188, 187
2010,14217020,217,CH4 ,10PPBC,12,24, 189, 187, 187, 188, 187, 188, 187, 188, 188, 188, 188, 188, 188, 187, 186, 185, 184, 185, 185, 187, 187, 188, 188, 188
2010,14217020,217,CH4 ,10PPBC,12,25, 188, 187, 188, 187, 186, 186, 186, 187, 187, 187, 186, 186, 186, 186, 186, 185, 186, 186, 185, 186, 186, 186, 186, 186
2010,14217020,217,CH4 ,10PPBC,12,26, 186, 186, 186, 186, 187, 187, 186, 186, 186, 187, 187, 186, 186, 185, 186, 185, 185, 186, 186, 186, 186, 187, 187, 188
2010,14217020,217,CH4 ,10PPBC,12,27, 189, 191, 191, 190, 190, 187, 187, 187, 187, 188, 189, 188, 187, 188, 188, 187, 188, 190, 190, 189, 188, 189, 190, 189
2010,14217020,217,CH4 ,10PPBC,12,28, 188, 190, 188, 188, 188, 188, 189, 190, 190, 189, 188, 188, 188, 187, 187, 187, 186, 186, 187, 186, 187, 187, 185, 186
2010,14217020,217,CH4 ,10PPBC,12,29, 187, 187, 188, 188, 189, 191, 192, 192, 191, 190, 189, 189, 190, 189, 189, 189, 191, 189, 189, 191, 190, 191, 190, 190
2010,14217020,217,CH4 ,10PPBC,12,30, 190, 189, 189, 188, 189, 189, 189, 188, 189, 190, 190, 189, 188, 188, 187, 188, 195, 194, 194, 192, 192, 190, 191, 190
2010,14217020,217,CH4 ,10PPBC,12,31, 190, 190, 192, 192, 191, 190, 189, 187, 187, 188, 188, 187, 187, 187, 187, 188, 188, 188, 189, 188, 188, 189, 191, 192
2010,14217020,217,CH4 ,10PPBC, 1, 1, 191, 191, 192, 193, 192, 191, 191, 191, 190, 190, 189, 190, 191, 190, 190, 189, 188, 189, 191, 191, 191, 190, 191, 190
2010,14217020,217,CH4 ,10PPBC, 1, 2, 190, 190, 190, 191, 189, 191, 191, 191, 190, 189, 189, 189, 189, 189, 189, 188, 188, 188, 189, 188, 189, 189, 189, 188
2010,14217020,217,CH4 ,10PPBC, 1, 3, 189, 189, 188, 189, 188, 189, 189, 189, 187, 187, 187, 187, 187, 187, 187, 187, 188, 188, 188, 188, 189, 189, 189, 189
2010,14217020,217,CH4 ,10PPBC, 1, 4, 190, 190, 188, 188, 188, 188, 187, 187, 188, 188, 189, 189, 188, 187, 187, 187, 190, 187, 189, 188, 188, 188, 188, 188
2010,14217020,217,CH4 ,10PPBC, 1, 5, 188, 188, 188, 187, 188, 188, 187, 188, 188, 190, 188, 187, 187, 186, 186, 187, 187, 185, 187, 187, 189, 188, 188, 188
2010,14217020,217,CH4 ,10PPBC, 1, 6, 187, 187, 187, 187, 186, 186, 187, 187, 189, 190, 187, 186, 186, 186, 187, 187, 186, 188, 188, 188, 188, 188, 188, 188
2010,14217020,217,CH4 ,10PPBC, 1, 7, 188, 189, 189, 187, 187, 187, 187, 188, 188, 188, 188, 188, 188, 189, 188, 188, 188, 188, 187, 188, 187, 187, 187, 188
2010,14217020,217,CH4 ,10PPBC, 1, 8, 188, 188, 188, 187, 188, 189, 189, 190, 190, 190, 189, 188, 188, 188, 188, 187, 192, 188, 188, 190, 189, 189, 189, 188
2010,14217020,217,CH4 ,10PPBC, 1, 9, 187, 188, 187, 186, 186, 186, 186, 186, 187, 187, 186, 186, 186, 186, 185, 186, 189, 189, 188, 188, 188, 188, 188, 188
2010,14217020,217,CH4 ,10PPBC, 1,10, 187, 188, 188, 188, 188, 188, 189, 188, 189, 189, 189, 190, 189, 189, 189, 189, 190, 191, 192, 192, 190, 190, 191, 191
2010,14217020,217,CH4 ,10PPBC, 1,11, 191, 190, 190, 190, 190, 190, 190, 191, 192, 193,9999,9999, 187, 187, 188, 187, 188, 191, 188, 188, 194, 187, 188, 189
2010,14217020,217,CH4 ,10PPBC, 1,12, 189, 189, 189, 189, 189, 190, 189, 188, 188, 188, 187, 187, 187, 188, 187, 187, 198, 193, 188, 188, 188, 190, 190, 190
2010,14217020,217,CH4 ,10PPBC, 1,13, 188, 188, 189, 189, 187, 187, 186, 188, 190, 189, 188, 188, 187, 187, 187, 187, 187, 188, 188, 188, 187, 188, 187, 189
2010,14217020,217,CH4 ,10PPBC, 1,14, 188, 188, 188, 190, 191, 192, 189, 189, 190, 190, 189, 189, 189, 189, 189, 189, 191, 193, 191, 189, 188, 187, 190, 187
2010,14217020,217,CH4 ,10PPBC, 1,15, 187, 187, 187, 186, 186, 187, 187, 188, 188, 187, 187, 186, 186, 186, 186, 186, 186, 186, 186, 185, 186, 186, 184, 185
2010,14217020,217,CH4 ,10PPBC, 1,16, 184, 184, 184, 184, 184, 185, 187, 186, 187, 187, 188, 187, 187, 187, 187, 187, 187, 189, 189, 188, 187, 188, 188, 190
2010,14217020,217,CH4 ,10PPBC, 1,17, 188, 187, 187, 187, 187, 186, 186, 186, 186, 186, 186, 186, 185, 185, 185, 185, 186, 185, 185, 186, 185, 185, 185, 186
2010,14217020,217,CH4 ,10PPBC, 1,18, 186, 187, 186, 187, 188, 187, 187, 188, 187, 187,9999,9999,9999, 187, 186, 186, 186, 185, 186, 186, 186, 185, 186, 185
2010,14217020,217,CH4 ,10PPBC, 1,19, 185, 186, 186, 186, 185, 185, 185, 185, 185, 187, 184, 185, 185, 186, 185, 185, 185, 185, 186, 185, 185, 185, 186, 186
2010,14217020,217,CH4 ,10PPBC, 1,20, 186, 186, 186, 186, 185, 185, 185, 185, 188, 186, 185, 186, 185, 185, 184, 184, 185, 185, 185, 186, 187, 186, 186, 186
2010,14217020,217,CH4 ,10PPBC, 1,21, 186, 187, 186, 186, 186, 187, 187, 187, 187, 187, 186, 187, 187, 186, 186, 186, 187, 188, 186, 186, 186, 186, 186, 185
2010,14217020,217,CH4 ,10PPBC, 1,22, 187, 185, 185, 186, 186, 186, 187, 187, 187, 186, 185, 185, 185, 185, 185, 185, 185, 184, 184, 186, 185, 187, 188, 186
2010,14217020,217,CH4 ,10PPBC, 1,23, 187, 185, 185, 187, 185, 186, 185, 185, 186, 186, 185, 185, 185, 186, 186, 187, 189, 189, 189, 189, 189, 190, 189, 190
2010,14217020,217,CH4 ,10PPBC, 1,24, 189, 190, 190, 190, 190, 188, 189, 188, 188, 189, 189, 188, 188, 188, 188, 189, 188, 190, 190, 189, 189, 189, 190, 190
2010,14217020,217,CH4 ,10PPBC, 1,25, 190, 189, 189, 188, 188, 188, 189, 189, 189, 190, 189,9999, 188, 189, 189, 188, 188, 189, 188, 188, 191, 190, 188, 188
2010,14217020,217,CH4 ,10PPBC, 1,26, 188, 189, 189, 188, 189, 189, 188, 189, 190, 189, 188, 188, 187, 186, 185, 186, 185, 185, 186, 186, 186, 187, 186, 186
2010,14217020,217,CH4 ,10PPBC, 1,27, 187, 186, 187, 188, 187, 186, 187, 188, 190, 189, 187, 187, 186, 186, 186, 185, 186, 186, 187, 187, 187, 187, 187, 187
2010,14217020,217,CH4 ,10PPBC, 1,28, 187, 187, 186, 186, 186, 186, 187, 188, 188, 187, 188, 187, 187, 187, 188, 187, 187, 187, 188, 188, 187, 187, 187, 187
2010,14217020,217,CH4 ,10PPBC, 1,29, 187, 187, 189, 188, 189, 189, 188, 189, 188, 188, 187, 187, 187, 187, 187, 187, 187, 187, 186, 187, 186, 187, 187, 187
2010,14217020,217,CH4 ,10PPBC, 1,30, 185, 186, 186, 186, 185, 185, 185, 185, 186, 186, 186, 186, 185, 185, 185, 185, 185, 186, 187, 188, 187, 187, 187, 186
2010,14217020,217,CH4 ,10PPBC, 1,31, 186, 186, 186, 186, 186, 186, 186, 187, 187, 187, 186, 186, 186, 186, 186, 186, 186, 186, 187, 187, 188, 186, 187, 188
2010,14217020,217,CH4 ,10PPBC, 2, 1, 189, 186, 188, 188, 186, 187, 188, 188, 189, 187,9999,9999, 184, 184, 185, 185, 185, 184, 184, 185, 185, 185, 185, 185
2010,14217020,217,CH4 ,10PPBC, 2, 2, 186, 186, 187, 186, 187, 186, 187, 188, 189, 188, 188, 187, 186, 186, 187, 187, 187, 191, 187, 187, 187, 188, 189, 189
2010,14217020,217,CH4 ,10PPBC, 2, 3, 188, 187, 187, 188, 187, 187, 187, 187, 189, 188, 187, 187, 187, 188, 188, 188, 188, 193, 188, 188, 189, 188, 187, 189
2010,14217020,217,CH4 ,10PPBC, 2, 4, 191, 187, 186, 187, 187, 185, 186, 188, 186, 187, 185, 185, 185, 186, 187, 187, 186, 188, 189, 191, 190, 190, 189, 189
2010,14217020,217,CH4 ,10PPBC, 2, 5, 190, 188, 188, 189, 190, 189, 189, 189, 191, 189, 189, 189, 189, 189, 190, 189, 191, 193, 190, 189, 190, 188, 190, 190
2010,14217020,217,CH4 ,10PPBC, 2, 6, 191, 190, 189, 192, 192, 193, 193, 192, 192, 191, 190, 191, 190, 191, 191, 191, 189, 190, 189, 189, 188, 188, 189, 193
2010,14217020,217,CH4 ,10PPBC, 2, 7, 193, 194, 193, 193, 191, 191, 188, 187, 189, 188, 190, 189, 189, 188, 188, 188, 188, 188, 188, 189, 190, 191, 188, 193
2010,14217020,217,CH4 ,10PPBC, 2, 8, 190, 189, 190, 190, 189, 189, 189, 189, 189, 189, 189, 188, 188, 188,9999,9999, 189, 191, 190, 191, 191, 191, 190, 190
2010,14217020,217,CH4 ,10PPBC, 2, 9, 194, 193, 188, 188, 188, 186, 185, 187, 188, 188, 187, 188, 186, 186, 185, 185, 185, 187, 186, 186, 188, 186, 185, 186
2010,14217020,217,CH4 ,10PPBC, 2,10, 187, 187, 188, 187, 187, 187, 188, 188, 189, 189, 188, 188, 188, 187, 187, 187, 187, 189, 193, 186, 186, 187, 187, 187
2010,14217020,217,CH4 ,10PPBC, 2,11, 188, 187, 187, 188, 190, 189, 187, 186, 186, 186, 187, 188, 188, 186, 186, 186, 186, 186, 186, 186, 186, 189, 190, 186
2010,14217020,217,CH4 ,10PPBC, 2,12, 185, 187, 188, 185, 187, 185, 185, 186, 185, 184, 184, 184, 184, 184, 184, 184, 185, 185, 186, 186, 186, 186, 186, 186
2010,14217020,217,CH4 ,10PPBC, 2,13, 186, 186, 185, 186, 186, 186, 185, 185, 185, 185, 186, 186, 187, 187, 186, 186, 186, 186, 186, 188, 187, 189, 189, 188
2010,14217020,217,CH4 ,10PPBC, 2,14, 187, 187, 187, 186, 186, 186, 187, 187, 187, 188, 187, 187, 187, 188, 189, 189, 189, 189, 189, 190, 190, 192, 191, 191
2010,14217020,217,CH4 ,10PPBC, 2,15, 193, 189, 186, 186, 187, 186, 187, 188, 189, 188,9999,9999,9999,9999,9999,9999,9999,9999,9999,9999,9999,9999,9999,9999
2010,14217020,217,CH4 ,10PPBC, 2,16,9999,9999,9999,9999,9999,9999,9999,9999,9999,9999,9999,9999,9999, 189, 189, 189, 188, 190, 188, 187, 186, 186, 186, 185
2010,14217020,217,CH4 ,10PPBC, 2,17, 187,9999, 187, 187, 188, 186, 185, 187, 187, 187, 189, 189, 189, 188, 183, 183, 182, 184, 188, 184, 183, 182, 182, 182
2010,14217020,217,CH4 ,10PPBC, 2,18, 182, 183, 183, 182, 182, 183, 180, 181, 182, 182, 183, 183, 184, 184, 183, 183, 183, 183, 185, 185, 186, 188, 191, 193
2010,14217020,217,CH4 ,10PPBC, 2,19, 196, 199, 201, 202, 203, 203, 203, 203, 202, 201, 200, 199, 199, 198, 197, 196, 196, 196, 198, 195, 194, 196, 194, 193
2010,14217020,217,CH4 ,10PPBC, 2,20, 193, 192, 192, 192, 192, 192, 191, 192, 192, 192, 192, 192, 192, 190, 189, 189, 190, 190, 189, 190, 189, 190, 190, 189
2010,14217020,217,CH4 ,10PPBC, 2,21, 189, 189, 189, 189, 190, 190, 189, 189, 189, 189, 189, 189, 189, 189, 189, 189, 188, 190, 190, 190, 190, 189, 191, 191
2010,14217020,217,CH4 ,10PPBC, 2,22, 190, 190, 190, 189, 189, 189, 189, 189, 190, 190,9999,9999, 188, 187, 186, 187, 187, 187, 188, 189, 189, 190, 190, 194
2010,14217020,217,CH4 ,10PPBC, 2,23, 194, 195, 193, 192, 189, 188, 189, 188, 189, 187, 187, 186, 186, 186, 186, 187, 188, 190, 189, 186, 186, 186, 184, 185
2010,14217020,217,CH4 ,10PPBC, 2,24, 186, 186, 185, 185, 186, 186, 186, 187, 186, 187, 187, 186, 184, 185, 185, 185, 185, 185, 184, 183, 183, 184, 185, 185
2010,14217020,217,CH4 ,10PPBC, 2,25, 185, 185, 184, 183, 183, 182, 182, 183, 183, 181, 180, 180, 180, 180, 180, 179, 180, 181, 181, 182, 182, 183, 184, 186
2010,14217020,217,CH4 ,10PPBC, 2,26, 186, 186, 186, 187, 187, 186, 187, 188, 188, 187, 187, 187, 187, 188, 188, 187, 187, 187, 188, 187, 186, 186, 186, 186
2010,14217020,217,CH4 ,10PPBC, 2,27, 186, 186, 185, 185, 186, 185, 186, 187, 185, 184, 184, 183, 183, 183, 183, 183, 182, 182, 183, 183, 183, 185, 184, 184
2010,14217020,217,CH4 ,10PPBC, 2,28, 186, 187, 188, 188, 188, 187, 187, 186, 186, 187, 187, 187, 186, 185, 185, 185, 185, 185, 185, 185, 185, 185, 186, 185
2010,14217020,217,CH4 ,10PPBC, 2,29,9998,9998,9998,9998,9998,9998,9998,9998,9998,9998,9998,9998,9998,9998,9998,9998,9998,9998,9998,9998,9998,9998,9998,9998
2010,14217020,217,CH4 ,10PPBC, 2,30,9998,9998,9998,9998,9998,9998,9998,9998,9998,9998,9998,9998,9998,9998,9998,9998,9998,9998,9998,9998,9998,9998,9998,9998
2010,14217020,217,CH4 ,10PPBC, 2,31,9998,9998,9998,9998,9998,9998,9998,9998,9998,9998,9998,9998,9998,9998,9998,9998,9998,9998,9998,9998,9998,9998,9998,9998
2010,14217020,217,CH4 ,10PPBC, 3, 1, 186, 185, 185, 185, 186, 185, 185, 186, 185, 185,9999,9999, 187, 186, 186, 186, 188, 188, 187, 187, 188, 188, 188, 188
2010,14217020,217,CH4 ,10PPBC, 3, 2, 189, 191, 191, 188, 188, 188, 187, 187, 188, 188, 188, 188, 188, 187, 187, 187, 187, 186, 186, 186, 187, 187, 186, 186
2010,14217020,217,CH4 ,10PPBC, 3, 3, 187, 187, 187, 186, 187, 187, 187, 187, 188, 188, 187, 187, 187, 187, 186, 186, 186, 186, 186, 187, 186, 187, 188, 187
2010,14217020,217,CH4 ,10PPBC, 3, 4, 187, 186, 186, 187, 188, 187, 186, 186, 187, 186, 186, 186, 186, 186, 186, 186, 186, 186, 186, 187, 186, 187, 188, 187
2010,14217020,217,CH4 ,10PPBC, 3, 5, 188, 188, 187, 188, 187, 187, 188, 188, 189, 189, 189, 188, 188, 188, 188, 188, 188, 188, 188, 188, 188, 189, 187, 187
2010,14217020,217,CH4 ,10PPBC, 3, 6, 187, 187, 187, 187, 187, 187, 187, 187, 188, 187, 185, 185, 185, 184, 184, 184, 184, 185, 184, 185, 185, 185, 186, 186
2010,14217020,217,CH4 ,10PPBC, 3, 7, 186, 186, 186, 186, 185, 186, 184, 185, 184, 185, 185, 186, 185, 185, 185, 185, 185, 186, 186, 187, 187, 189, 189, 189
2010,14217020,217,CH4 ,10PPBC, 3, 8, 189, 189, 190, 190, 191, 191, 189, 188, 189, 189, 189, 188, 188, 188, 188, 187, 188, 188, 188, 188, 188, 189, 189, 191
2010,14217020,217,CH4 ,10PPBC, 3, 9, 191, 190, 188, 187, 188, 187, 187, 188, 188, 187,9999,9999,9999, 185, 185, 185, 185, 186, 186, 186, 185, 186, 185, 187
2010,14217020,217,CH4 ,10PPBC, 3,10, 187, 187, 186, 187, 188, 187, 188, 188, 187, 187, 188, 188, 188, 188, 188, 188, 188, 187, 188, 190, 188, 188, 188, 188
2010,14217020,217,CH4 ,10PPBC, 3,11, 188, 188, 188, 189, 187, 188, 188, 188, 188, 187, 187, 186, 186, 186, 186, 187, 186, 189, 187, 188, 188, 187, 188, 188
2010,14217020,217,CH4 ,10PPBC, 3,12, 188, 188, 188, 189, 188, 188, 189, 189, 190, 188, 188, 189, 189, 188, 189, 189, 189, 189, 188, 189, 189, 189, 188, 188
2010,14217020,217,CH4 ,10PPBC, 3,13, 187, 187, 189, 188, 190, 191, 190, 190, 189, 188, 188, 188, 188, 188, 188, 187, 187, 188, 190, 187, 188, 190, 190, 187
2010,14217020,217,CH4 ,10PPBC, 3,14, 187, 187, 187, 188, 188, 188, 187, 186, 186, 185, 184, 184, 184, 183, 183, 183, 183, 183, 183, 183, 184, 183, 184, 183
2010,14217020,217,CH4 ,10PPBC, 3,15, 184, 187, 184, 184, 184, 185, 185, 184, 185, 187, 187, 187,9999, 188, 188, 188, 188, 190, 191, 190, 191, 192, 191, 190
2010,14217020,217,CH4 ,10PPBC, 3,16, 187, 186, 186, 187, 188, 189, 188, 189, 189, 188, 187, 185, 185, 184, 185, 185, 185, 186, 186, 187, 187, 187, 187, 187
2010,14217020,217,CH4 ,10PPBC, 3,17, 189, 189, 187, 187, 188, 188, 187, 188, 187, 187, 187, 187, 187, 188, 187, 188, 187, 187, 187,9999,9999,9999,9999,9999
2010,14217020,217,CH4 ,10PPBC, 3,18,9999,9999,9999,9999,9999,9999,9999,9999,9999,9999,9999,9999,9999,9999,9999,9999,9999,9999,9999,9999,9999,9999,9999,9999
2010,14217020,217,CH4 ,10PPBC, 3,19,9999,9999,9999,9999,9999,9999,9999,9999,9999,9999,9999,9999,9999,9999,9999,9999,9999,9999,9999,9999,9999,9999,9999,9999
2010,14217020,217,CH4 ,10PPBC, 3,20,9999,9999,9999,9999,9999,9999,9999,9999,9999,9999,9999,9999,9999,9999,9999,9999,9999,9999,9999,9999,9999,9999,9999,9999
2010,14217020,217,CH4 ,10PPBC, 3,21,9999,9999,9999,9999,9999,9999,9999,9999,9999,9999,9999,9999,9999,9999,9999,9999,9999,9999,9999,9999,9999,9999,9999,9999
2010,14217020,217,CH4 ,10PPBC, 3,22,9999,9999,9999,9999,9999,9999,9999,9999,9999,9999,9999,9999, 193, 192, 191, 191, 190, 190, 190,9999,9999,9999,9999,9999
2010,14217020,217,CH4 ,10PPBC, 3,23,9999,9999,9999,9999,9999,9999,9999,9999,9999,9999,9999,9999,9999,9999,9999,9999,9999,9999,9999,9999,9999,9999,9999,9999
2010,14217020,217,CH4 ,10PPBC, 3,24,9999,9999,9999,9999,9999,9999,9999,9999,9999,9999,9999, 194, 194, 193, 193, 193, 193, 193, 190, 192, 192, 190, 190, 191
2010,14217020,217,CH4 ,10PPBC, 3,25, 190, 191, 191, 193, 190, 190, 190, 190, 192, 193, 195, 193,9999,9999, 191, 190, 189, 189, 189, 189, 188, 188, 188, 188
2010,14217020,217,CH4 ,10PPBC, 3,26, 187, 188, 188, 188, 188, 188, 188, 189, 188, 189, 188, 188, 188, 188, 188, 188, 188, 188, 188, 188, 188, 188, 189, 188
2010,14217020,217,CH4 ,10PPBC, 3,27, 188, 189, 189, 189, 189, 191, 189, 190, 189, 188, 189, 189, 188, 188, 188, 187, 187, 187, 187, 187, 186, 187, 187, 187
2010,14217020,217,CH4 ,10PPBC, 3,28, 188, 188, 187, 188, 188, 188, 189, 188, 188, 188, 188, 188, 188, 188, 188, 188, 188, 188, 188, 187, 187, 187, 187, 187
2010,14217020,217,CH4 ,10PPBC, 3,29, 187, 187, 188, 188, 187, 187, 187, 188, 187, 187,9999,9999, 186, 186, 185, 186, 186, 186, 187, 187, 187, 187, 187, 186
2010,14217020,217,CH4 ,10PPBC, 3,30, 186, 186, 187, 186, 186, 186, 186, 187, 187, 186, 186, 186, 186, 186, 186, 186, 185, 186, 186, 185, 186, 187, 187, 187
2010,14217020,217,CH4 ,10PPBC, 3,31, 187, 187, 187, 187, 187, 187, 187, 188, 187, 187, 187, 187, 187, 187, 186, 185, 185, 186, 186, 185, 185, 186, 185, 185
2010,14218010,218,CH4 ,10PPBC, 4, 1, 217, 217, 203, 205, 203, 216, 195, 188, 182, 182, 182, 181, 180, 180, 179, 179, 179, 179, 178, 179, 179, 179, 179, 179
2010,14218010,218,CH4 ,10PPBC, 4, 2, 179, 178, 178, 178, 177, 176, 176, 177, 177, 177, 177, 178, 178, 179, 180, 182, 182, 185, 187, 189, 186, 188, 188, 191
2010,14218010,218,CH4 ,10PPBC, 4, 3, 189, 188, 184, 184, 185, 186, 189, 186, 186, 187, 186, 185, 183, 182, 181, 181, 181, 182, 193, 209, 186, 189, 199, 197
2010,14218010,218,CH4 ,10PPBC, 4, 4, 209, 205, 197, 195, 194, 191, 192, 190, 190, 191, 192,9999, 195, 194, 195, 192, 190, 193, 195, 202, 197, 196, 196, 197
2010,14218010,218,CH4 ,10PPBC, 4, 5, 195, 191, 192, 193, 196, 195, 196, 194, 199, 195, 192, 192, 194, 191, 190, 192, 190, 190, 192, 197, 199, 194, 198, 198
2010,14218010,218,CH4 ,10PPBC, 4, 6, 192, 189, 189, 189, 188, 192, 192, 189, 188, 186, 185, 182, 181, 182, 179, 180, 179, 179, 180, 180, 182, 184, 208, 188
2010,14218010,218,CH4 ,10PPBC, 4, 7, 184, 181, 180, 180, 181, 189, 190, 188, 188, 188, 190, 189, 191, 189, 186, 189, 186, 187, 187, 185, 188, 187, 187, 188
2010,14218010,218,CH4 ,10PPBC, 4, 8, 189, 188, 188, 188, 188, 188, 189, 189, 189,9999,9999,9999,9999, 190, 189, 189, 189, 190, 189, 189, 189, 189, 199, 194
2010,14218010,218,CH4 ,10PPBC, 4, 9, 200, 193, 195, 206, 196, 191, 192, 192, 193, 192, 191, 192, 186, 185, 185, 185, 185, 185, 186, 190, 192, 218, 204, 215
2010,14218010,218,CH4 ,10PPBC, 4,10, 197, 206, 196, 193, 194, 195, 190, 194, 189, 187, 187, 186, 187, 187, 186, 184, 184, 182, 182, 184, 185, 185, 186, 185
2010,14218010,218,CH4 ,10PPBC, 4,11, 186, 186, 187, 189, 194, 191, 191, 189, 188, 186, 187, 186, 186, 184, 184, 183, 183, 184, 185, 185, 186, 186, 190, 189
2010,14218010,218,CH4 ,10PPBC, 4,12, 191, 192, 192, 192, 192, 187, 188, 189, 187, 186,9999,9999, 187, 189, 188, 188, 189, 190, 194, 193, 192, 192, 192, 192
2010,14218010,218,CH4 ,10PPBC, 4,13, 190, 190, 192, 191, 191, 190, 189, 185, 184, 182, 181, 181, 180, 180, 181, 180, 180, 180, 180, 180, 180, 180, 181, 181
2010,14218010,218,CH4 ,10PPBC, 4,14, 187, 191, 191, 186, 185, 184, 184, 185, 187, 186, 186, 185, 187, 186, 186, 185, 185, 187, 191, 193, 188, 186, 186, 187
2010,14218010,218,CH4 ,10PPBC, 4,15, 186, 186, 187, 186, 187, 190, 189, 186, 188, 187, 187, 186, 188, 187, 188, 189, 192, 193, 190, 189, 193, 200, 195, 200
2010,14218010,218,CH4 ,10PPBC, 4,16, 200, 195, 191, 188, 188, 191, 192, 192, 194, 191, 189, 189, 189, 189, 189, 189, 193, 192, 193, 195, 195, 194, 195, 193
2010,14218010,218,CH4 ,10PPBC, 4,17, 193, 192, 192, 191, 191, 190, 191, 190, 191, 194, 191, 189, 190, 187, 186, 185, 189, 191, 190, 190, 192, 191, 190, 194
2010,14218010,218,CH4 ,10PPBC, 4,18, 193, 198, 198, 195, 198, 202, 201, 195, 191, 189, 188, 187, 188, 192, 188, 185, 185, 185, 186, 187, 187, 191, 192, 191
2010,14218010,218,CH4 ,10PPBC, 4,19, 209, 215, 201, 198, 197, 197, 194, 192, 191, 191, 196, 187, 186, 186, 186, 186, 185, 186, 186, 188, 187, 186, 187, 189
2010,14218010,218,CH4 ,10PPBC, 4,20, 189, 188, 188, 186, 185, 183, 183, 183, 182, 181, 181, 180, 181, 181, 182, 182, 182, 183, 184, 185, 187, 193, 187, 200
2010,14218010,218,CH4 ,10PPBC, 4,21, 194, 191, 193, 187, 187, 188, 190, 189, 188, 187, 185, 183, 182, 181, 181, 181, 180, 180, 181, 183, 182, 183, 185, 186
2010,14218010,218,CH4 ,10PPBC, 4,22, 187, 187, 188, 190, 192, 193, 190, 188, 190, 194, 194,9999, 193, 192, 191, 190, 189, 190, 190, 192, 193, 192, 192, 189
2010,14218010,218,CH4 ,10PPBC, 4,23, 187, 186, 185, 186, 187, 190, 189, 187, 188, 187, 187, 188, 187, 186, 186, 186, 186, 188, 188, 188, 190, 189, 191, 191
2010,14218010,218,CH4 ,10PPBC, 4,24, 195, 189, 192, 191, 193, 192, 188, 188, 190, 187, 187, 187, 185, 187, 186, 185, 185, 186, 188, 194, 190, 189, 188, 190
2010,14218010,218,CH4 ,10PPBC, 4,25, 198, 203, 194, 192, 190, 190, 193, 194, 189, 188, 187, 187, 187, 186, 185, 185, 184, 184, 185, 185, 186, 187, 191, 209
2010,14218010,218,CH4 ,10PPBC, 4,26, 258, 196, 217, 199, 207, 206, 190, 189, 189, 186, 187,9999, 188, 190, 188, 186, 186, 186, 186, 186, 190, 191, 192, 192
2010,14218010,218,CH4 ,10PPBC, 4,27, 195, 195, 196, 195, 195, 194, 192, 192, 194, 193, 195, 193, 189, 190, 192, 196, 190, 197, 198, 193, 193, 202, 192, 197
2010,14218010,218,CH4 ,10PPBC, 4,28, 189, 187, 189, 190, 187, 191, 189, 191, 188, 189, 189, 188, 192, 190, 190, 190, 188, 189, 195, 198, 186, 194, 191, 190
2010,14218010,218,CH4 ,10PPBC, 4,29, 192, 189, 186, 189, 184, 183, 182, 183, 181, 180, 180, 179, 180, 180, 180, 181, 181, 183, 183, 185, 184, 184, 184, 193
2010,14218010,218,CH4 ,10PPBC, 4,30, 195, 195, 196, 193, 189, 192, 192, 189, 186, 186, 185, 185, 184, 183, 184, 183, 183, 184, 184, 185, 192, 190, 190, 190
2010,14218010,218,CH4 ,10PPBC, 4,31,9998,9998,9998,9998,9998,9998,9998,9998,9998,9998,9998,9998,9998,9998,9998,9998,9998,9998,9998,9998,9998,9998,9998,9998
2010,14218010,218,CH4 ,10PPBC, 5, 1, 197, 217, 211, 194, 202, 207, 190, 187, 187, 186, 186, 185, 185, 185, 184, 185, 184, 185, 185, 186, 186, 187, 189, 197
2010,14218010,218,CH4 ,10PPBC, 5, 2, 223, 201, 205, 194, 191, 218, 196, 190, 187, 188, 188, 188, 187, 186, 186, 186, 185, 185, 187, 189, 189, 189, 194, 202
2010,14218010,218,CH4 ,10PPBC, 5, 3, 202, 214, 202, 199, 194, 194, 193, 190, 188, 188, 188, 188, 186, 183, 184, 184, 183, 183, 183, 183, 183, 184, 184, 184
2010,14218010,218,CH4 ,10PPBC, 5, 4, 184, 185, 186, 189, 189, 193, 192, 192, 186, 185, 184, 184, 183,9999,9999, 189, 190, 189, 190, 190, 191, 191, 219, 200
2010,14218010,218,CH4 ,10PPBC, 5, 5, 197, 221, 227, 224, 226, 245, 200, 193, 193, 193, 193, 191, 190, 190, 190, 187, 186, 187, 189, 188, 188, 189, 188, 191
2010,14218010,218,CH4 ,10PPBC, 5, 6, 188, 191, 190, 188, 188, 190, 191, 187, 186, 184, 183, 183, 183, 183, 182, 182, 182, 181, 182, 181, 182, 182, 182, 182
2010,14218010,218,CH4 ,10PPBC, 5, 7, 183, 183, 183, 183, 182, 182, 182, 182, 181, 181, 181, 181, 180, 179, 180, 180, 180, 179, 180, 180, 180, 187, 194, 196
2010,14218010,218,CH4 ,10PPBC, 5, 8, 189, 186, 186, 185, 186, 186, 188, 187, 188, 188, 190, 189, 188, 187, 186, 187, 186, 187, 186, 186, 186, 188, 188, 189
2010,14218010,218,CH4 ,10PPBC, 5, 9, 199, 216, 215, 203, 193, 193, 198, 192, 190, 190, 189, 189, 192, 192, 191, 191, 191, 192, 191, 191, 204, 247, 206, 194
2010,14218010,218,CH4 ,10PPBC, 5,10, 201, 198, 201, 197, 197, 203, 198, 195, 192, 192, 190, 191, 190, 192, 191, 192, 190, 190, 191, 193, 194, 195, 192, 193
2010,14218010,218,CH4 ,10PPBC, 5,11, 198, 199, 200, 195, 200, 200, 195, 203, 191, 192, 192, 195, 193, 197, 193, 197, 193, 194, 210, 205, 197, 195, 202, 196
2010,14218010,218,CH4 ,10PPBC, 5,12, 200, 193, 191, 189, 190, 189, 191, 190, 192, 191, 190, 190, 188, 188, 188, 188, 189, 188, 190, 197, 189, 226, 217, 231
2010,14218010,218,CH4 ,10PPBC, 5,13, 213, 200, 213, 203, 201, 199, 194, 192, 190, 189, 188, 189, 188, 189, 188, 189, 189, 190, 192, 195, 196, 192, 194, 194
2010,14218010,218,CH4 ,10PPBC, 5,14, 196, 191, 198, 197, 196, 192, 189, 190, 190, 190, 189, 188, 188,9999, 190, 190, 190, 191, 192, 191, 191, 195, 191, 195
2010,14218010,218,CH4 ,10PPBC, 5,15, 193, 194, 199, 195, 200, 197, 194, 191, 191, 190, 189, 190, 192, 192, 191, 190, 190, 189, 188, 189, 190, 193, 192, 192
2010,14218010,218,CH4 ,10PPBC, 5,16, 193, 194, 202, 226, 238, 212, 196, 193, 190, 188, 188, 187, 186, 187, 186, 187, 186, 186, 187, 187, 189, 190, 192, 208
2010,14218010,218,CH4 ,10PPBC, 5,17, 213, 196, 203, 200, 204, 197, 196, 191, 189, 190, 190, 190, 189, 188, 187, 187, 187, 186, 187, 189, 188, 192, 192, 191
2010,14218010,218,CH4 ,10PPBC, 5,18, 196, 203, 201, 199, 241, 222, 196, 192, 188, 188, 187, 186, 186, 185, 185, 186, 185, 186, 186, 186, 186, 186, 186, 186
2010,14218010,218,CH4 ,10PPBC, 5,19, 185, 186, 185, 186, 185, 185, 185, 184, 185, 185, 185, 185, 185, 185, 185, 185, 185, 185, 184, 184, 184, 185, 184, 185
2010,14218010,218,CH4 ,10PPBC, 5,20, 184, 184, 185, 184, 184, 183, 184, 185, 184,9999,9999,9999,9999,9999,9999,9999,9999,9999,9999,9999,9999,9999,9999,9999
2010,14218010,218,CH4 ,10PPBC, 5,21,9999,9999,9999,9999,9999,9999,9999,9999,9999,9999,9999,9999,9999,9999,9999,9999,9999,9999,9999,9999,9999,9999,9999,9999
2010,14218010,218,CH4 ,10PPBC, 5,22,9999,9999,9999,9999,9999,9999,9999,9999,9999,9999,9999,9999,9999,9999,9999,9999,9999,9999,9999,9999,9999,9999,9999,9999
2010,14218010,218,CH4 ,10PPBC, 5,23,9999,9999,9999,9999,9999,9999,9999,9999,9999,9999,9999,9999,9999,9999,9999,9999,9999,9999,9999,9999,9999,9999,9999,9999
2010,14218010,218,CH4 ,10PPBC, 5,24,9999,9999,9999,9999,9999,9999,9999,9999,9999,9999,9999,9999,9999,9999,9999,9999,9999,9999,9999,9999,9999,9999,9999,9999
2010,14218010,218,CH4 ,10PPBC, 5,25,9999,9999,9999,9999,9999,9999,9999,9999,9999,9999,9999,9999,9999,9999,9999,9999,9999,9999,9999,9999,9999,9999,9999,9999
2010,14218010,218,CH4 ,10PPBC, 5,26,9999,9999,9999,9999,9999,9999,9999,9999,9999,9999,9999,9999,9999,9999,9999,9999,9999,9999,9999,9999,9999,9999,9999,9999
2010,14218010,218,CH4 ,10PPBC, 5,27,9999,9999,9999,9999,9999,9999,9999,9999,9999,9999,9999, 187, 186, 185, 184, 185, 185, 185, 187, 189, 191, 188, 187, 194
2010,14218010,218,CH4 ,10PPBC, 5,28, 189, 186, 187, 186, 186, 186, 186, 188, 187, 187, 188, 188, 187, 187, 188, 188, 187, 186, 186, 186, 188, 188, 190, 188
2010,14218010,218,CH4 ,10PPBC, 5,29, 187, 191, 194, 190, 191, 192, 191, 189, 193, 193, 190, 191, 196, 194, 191, 193, 201, 191, 190, 193, 192, 191, 199, 196
2010,14218010,218,CH4 ,10PPBC, 5,30, 195, 199, 196, 193, 194, 193, 191, 191, 192, 192, 193, 193, 191, 189, 190, 190, 190, 188, 190, 189, 191, 190, 189, 194
2010,14218010,218,CH4 ,10PPBC, 5,31, 199, 198, 199, 202, 210, 200, 198, 191, 192, 194, 193, 196, 192, 190, 189, 187, 187, 188, 187, 190, 187, 190, 187, 190
2010,14218010,218,CH4 ,10PPBC, 6, 1, 193, 203, 205, 201, 201, 201, 192, 192, 192, 191, 191, 190, 191,9999,9999, 188, 187, 186, 186, 186, 189, 193, 197, 194
2010,14218010,218,CH4 ,10PPBC, 6, 2, 214, 220, 205, 206, 240, 201, 206, 208, 201, 199, 197, 196, 194, 192, 190, 189, 188, 188, 188, 188, 190, 188, 191, 241
2010,14218010,218,CH4 ,10PPBC, 6, 3, 260, 270, 238, 235, 233, 207, 196, 193, 192, 192, 191, 189, 187, 186, 186, 185, 185, 184, 186, 186, 188, 187, 192, 191
2010,14218010,218,CH4 ,10PPBC, 6, 4, 196, 196, 212, 215, 235, 205, 195, 189, 189, 187, 186, 186, 185, 185, 185, 185, 185, 184, 185, 186, 187, 187, 191, 192
2010,14218010,218,CH4 ,10PPBC, 6, 5, 191, 200, 201, 190, 189, 193, 194, 191, 194, 192, 193, 193, 191, 189, 192, 192, 192, 197, 191, 189, 189, 190, 193, 192
2010,14218010,218,CH4 ,10PPBC, 6, 6, 195, 193, 196, 193, 203, 208, 198, 193, 192, 193, 192, 191, 189, 188, 188, 187, 186, 187, 186, 188, 187, 191, 187, 189
2010,14218010,218,CH4 ,10PPBC, 6, 7, 193, 198, 209, 213, 215, 204, 200, 193, 191, 193, 192, 192, 188, 186, 185, 185, 186, 187, 186, 186, 190, 189, 193, 189
2010,14218010,218,CH4 ,10PPBC, 6, 8, 195, 189, 190, 195, 213, 218, 197, 196, 196, 198, 199, 194, 195, 197, 196, 194, 192, 199, 193, 204, 202, 197, 198, 205
2010,14218010,218,CH4 ,10PPBC, 6, 9, 205, 197, 195, 194, 196, 194, 196, 195, 197, 194, 194, 197, 193, 194, 194, 195, 196, 199, 196, 193, 198, 198, 198, 194
2010,14218010,218,CH4 ,10PPBC, 6,10, 203, 205, 205, 199, 195, 197, 195, 190, 191, 193,9999,9999,9999, 189, 189, 187, 186, 187, 186, 184, 187, 191, 190, 192
2010,14218010,218,CH4 ,10PPBC, 6,11, 194, 194, 191, 190, 188, 189, 190, 190, 190, 191, 191, 189, 188, 187, 187, 186, 187, 186, 185, 184, 186, 185, 188, 190
2010,14218010,218,CH4 ,10PPBC, 6,12, 190, 190, 188, 203, 206, 204, 192, 188, 187, 186, 189, 185, 184, 184, 183, 183, 183, 184, 184, 185, 185, 185, 186, 185
2010,14218010,218,CH4 ,10PPBC, 6,13, 186, 185, 186, 186, 186, 186, 184, 185, 184, 183, 184, 183, 183, 183, 184, 184, 184, 184, 184, 185, 185, 185, 186, 187
2010,14218010,218,CH4 ,10PPBC, 6,14, 188, 190, 197, 187, 186, 186, 190, 191, 194, 193, 193, 193, 194, 194, 192, 191, 190, 191, 195, 192, 192, 193, 195, 194
2010,14218010,218,CH4 ,10PPBC, 6,15, 193, 194, 201, 201, 209, 203, 198, 195, 187,9999,9999,9999,9999,9999,9999, 185, 186, 188, 188, 187, 183, 184, 186, 188
2010,14218010,218,CH4 ,10PPBC, 6,16, 188, 188, 186, 178, 181, 177, 172, 172, 173, 175, 177, 177, 177, 179, 180, 185, 185, 186, 189, 192, 189, 191, 189, 188
2010,14218010,218,CH4 ,10PPBC, 6,17, 191, 212, 187, 186, 207, 204, 197, 194, 191, 187, 186, 186, 186, 189, 190, 187, 186, 186, 186, 184, 186, 186, 186, 186
2010,14218010,218,CH4 ,10PPBC, 6,18, 185, 186, 200, 196, 226, 207, 195, 196, 193, 188, 188, 189, 189, 180, 175, 178, 182, 185, 183, 191, 193, 189, 193, 194
2010,14218010,218,CH4 ,10PPBC, 6,19, 201, 190, 190, 176, 178, 186, 192, 188, 187, 189, 190, 184, 179, 179, 181, 183, 184, 183, 183, 183, 183, 178, 177, 176
2010,14218010,218,CH4 ,10PPBC, 6,20, 175, 175, 175, 181, 181, 203, 195, 194, 187, 178, 177, 177, 177, 177, 178, 180, 179, 179, 178, 177, 177, 177, 177, 177
2010,14218010,218,CH4 ,10PPBC, 6,21, 177, 177, 177, 175, 175, 176, 178, 178, 177, 177, 179, 176,9999,9999,9999,9999,9999,9999,9999,9999,9999,9999,9999,9999
2010,14218010,218,CH4 ,10PPBC, 6,22,9999,9999,9999,9999,9999,9999,9999,9999,9999,9999,9999,9999,9999,9999, 178, 178, 177, 177, 177, 180, 182, 182, 181, 182
2010,14218010,218,CH4 ,10PPBC, 6,23, 184, 182, 182, 182, 181, 181, 181, 177, 175, 174, 174, 175, 175, 175, 176, 185, 185, 186, 185, 183, 181, 182, 185, 189
2010,14218010,218,CH4 ,10PPBC, 6,24, 202, 215, 202, 200, 193, 187, 190, 192, 190, 189,9999, 187, 187, 186, 194, 197, 195, 196, 195, 195, 193, 195, 208, 207
2010,14218010,218,CH4 ,10PPBC, 6,25, 246, 246, 260, 279, 228, 269, 204, 195, 192, 191, 191, 192, 191, 190, 193, 189, 185, 186, 188, 189, 188, 193, 192, 190
2010,14218010,218,CH4 ,10PPBC, 6,26, 189, 190, 190, 190, 195, 190, 189, 186, 181, 180, 179, 179, 179, 179, 179, 180, 179, 177, 178, 179, 179, 179, 178, 178
2010,14218010,218,CH4 ,10PPBC, 6,27, 178, 178, 178, 177, 177, 178, 177, 177, 177, 177, 177, 177, 176, 176, 176, 176, 176, 176, 176, 177, 177, 179, 180, 185
2010,14218010,218,CH4 ,10PPBC, 6,28, 184, 183, 181, 187, 198, 193, 198, 202, 196, 187, 184, 184, 186, 185, 187, 186, 187, 186, 184, 190, 194, 189, 190, 192
2010,14218010,218,CH4 ,10PPBC, 6,29, 195, 212, 215, 234, 210, 214, 213, 208, 200, 197,9999, 193, 191, 197, 186, 186, 184, 185, 185, 182, 181, 179, 183, 189
2010,14218010,218,CH4 ,10PPBC, 6,30, 197, 195, 195, 191, 187, 186, 187, 181, 181, 182, 182, 182, 181, 182, 181, 182, 184, 184, 185, 185, 185, 184, 186, 187
2010,14218010,218,CH4 ,10PPBC, 6,31,9998,9998,9998,9998,9998,9998,9998,9998,9998,9998,9998,9998,9998,9998,9998,9998,9998,9998,9998,9998,9998,9998,9998,9998
2010,14218010,218,CH4 ,10PPBC, 7, 1, 184, 187, 185, 186, 186, 198, 184, 183, 182, 182, 182, 180, 179, 177, 175, 175, 175, 176, 176, 179, 180, 179, 186, 186
2010,14218010,218,CH4 ,10PPBC, 7, 2, 186, 191, 192, 186, 210, 206, 195, 190, 187, 187, 185, 182, 179, 178, 176, 177, 177, 178, 178, 178, 181, 181, 185, 208
2010,14218010,218,CH4 ,10PPBC, 7, 3, 206, 217, 201, 200, 196, 212, 198, 195, 190, 188, 188, 184, 182, 181, 180, 181, 180, 180, 179, 179, 179, 183, 183, 184
2010,14218010,218,CH4 ,10PPBC, 7, 4, 181, 181, 176, 188, 191, 200, 194, 188, 187, 184, 185, 184, 182, 182, 181, 181, 183, 183, 184, 189, 193, 205, 260, 215
2010,14218010,218,CH4 ,10PPBC, 7, 5, 194, 194, 200, 204, 208, 202, 196, 195, 197, 191, 198, 195, 188, 186, 187, 186, 183, 185, 186, 186, 187, 186, 186, 187
2010,14218010,218,CH4 ,10PPBC, 7, 6, 204, 202, 203, 202, 196, 193, 193, 190, 190, 191, 190, 189, 187, 184, 184, 184, 186, 188, 192, 194, 197, 196, 195, 194
2010,14218010,218,CH4 ,10PPBC, 7, 7, 194, 194, 196, 196, 202, 206, 206, 199, 201, 196, 195, 195, 194, 192, 191, 191, 186, 187, 187, 186, 186, 185, 186, 190
2010,14218010,218,CH4 ,10PPBC, 7, 8, 194, 194, 198, 210, 210, 231, 199, 192, 192, 191,9999,9999, 184, 185, 187, 188, 189, 187, 185, 184, 186, 184, 185, 185
2010,14218010,218,CH4 ,10PPBC, 7, 9, 178, 179, 180, 195, 195, 201, 192, 195, 190, 191, 193, 191, 187, 182, 180, 180, 181, 180, 180, 179, 178, 176, 175, 177
2010,14218010,218,CH4 ,10PPBC, 7,10, 179, 180, 180, 182, 183, 185, 183, 184, 186, 184, 182, 181, 182, 182, 183, 183, 184, 184, 186, 189, 189, 188, 200, 206
2010,14218010,218,CH4 ,10PPBC, 7,11, 209, 213, 211, 212, 222, 228, 201, 197, 192, 190, 192, 188, 186, 182, 179, 179, 177, 176, 175, 176, 175, 175, 175, 174
2010,14218010,218,CH4 ,10PPBC, 7,12, 174, 174, 174, 174, 174, 174, 174, 174, 174, 175,9999, 174, 174, 174, 174, 174, 174, 174, 175, 175, 177, 176, 176, 175
2010,14218010,218,CH4 ,10PPBC, 7,13, 178, 176, 179, 182, 204, 194, 193, 199, 201, 202, 195, 196, 192, 195, 195, 195, 195, 198, 198, 192, 191, 196, 194, 192
2010,14218010,218,CH4 ,10PPBC, 7,14, 195, 201, 202, 197, 200, 199, 196, 190, 178, 176, 176, 176, 176, 176, 176, 175, 176, 176, 176, 178, 178, 178, 178, 178
2010,14218010,218,CH4 ,10PPBC, 7,15, 178, 177, 177, 177, 179, 178, 176, 177, 176, 176, 176, 176, 176, 176, 175, 175, 175, 175, 176, 177, 177, 178, 179, 178
2010,14218010,218,CH4 ,10PPBC, 7,16, 179, 178, 178, 178, 179, 187, 182, 178, 177, 177, 176, 176, 176, 175, 175, 175, 175, 175, 176, 177, 177, 178, 178, 181
2010,14218010,218,CH4 ,10PPBC, 7,17, 182, 181, 179, 179, 181, 183, 183, 180, 178, 178, 177, 177, 177, 178, 177, 177, 177, 176, 177, 178, 179, 180, 182, 182
2010,14218010,218,CH4 ,10PPBC, 7,18, 180, 180, 182, 184, 187, 186, 189, 180, 179, 178, 178, 178, 178, 176, 176, 176, 176, 176, 177, 178, 178, 179, 179, 180
2010,14218010,218,CH4 ,10PPBC, 7,19, 180, 181, 181, 182, 188, 183, 185, 182, 179, 178, 178, 178, 177, 177, 177, 177, 177, 178, 178, 181, 179, 182, 182, 187
2010,14218010,218,CH4 ,10PPBC, 7,20, 182, 185, 190, 201, 204, 261, 192, 184, 184, 185, 184, 180, 179, 177, 178, 178, 178, 177, 177, 181, 181, 187, 185, 182
2010,14218010,218,CH4 ,10PPBC, 7,21, 188, 183, 190, 203, 196, 197, 204, 192, 190, 187, 185, 182, 183, 183, 183, 184, 181, 179, 179, 181, 178, 186, 181, 192
2010,14218010,218,CH4 ,10PPBC, 7,22, 190, 196, 191, 201, 200, 212, 193, 192, 192, 190, 186, 182, 180, 179, 177, 178, 176, 175, 175, 176, 177, 177, 180, 178
2010,14218010,218,CH4 ,10PPBC, 7,23, 179, 186, 183, 183, 208, 212, 193, 188, 189, 187, 185,9999, 187, 186,9999, 185, 179, 177, 176, 177, 177, 178, 178, 181
2010,14218010,218,CH4 ,10PPBC, 7,24, 183, 182, 197, 203, 205, 191, 186, 189, 186, 185, 186, 185, 186, 185, 184, 181, 178, 177, 183, 181, 182, 187, 190, 186
2010,14218010,218,CH4 ,10PPBC, 7,25, 189, 189, 187, 204, 212, 219, 187, 185, 184, 182, 181, 179, 177, 176, 176, 176, 177, 178, 178, 182, 181, 181, 188, 194
2010,14218010,218,CH4 ,10PPBC, 7,26, 189, 196, 192, 189, 198, 193, 181, 184, 185, 182, 181, 179, 177, 177, 177, 176, 177, 179, 181, 181, 180, 189, 193, 188
2010,14218010,218,CH4 ,10PPBC, 7,27, 199, 195, 200, 191, 196, 195, 191, 185, 181, 177, 176, 176, 176, 176,9999, 176, 177, 177, 176, 177, 177, 178, 179, 179
2010,14218010,218,CH4 ,10PPBC, 7,28, 180, 180, 181, 188, 186, 220, 183, 177, 177, 176, 177, 176, 177, 176, 176, 176, 176, 177, 177, 177, 178, 178, 179, 179
2010,14218010,218,CH4 ,10PPBC, 7,29, 179, 179, 179, 180, 179, 180, 181, 179, 178, 179, 178, 176, 176, 176, 176, 176, 175, 176, 175, 176, 176, 175, 175, 175
2010,14218010,218,CH4 ,10PPBC, 7,30, 174, 174, 174, 175, 174, 174, 174, 174, 174, 174, 174, 174, 174, 175, 172, 174, 175, 175, 174, 175, 177, 183, 189, 198
2010,14218010,218,CH4 ,10PPBC, 7,31, 193, 217, 228, 220, 219, 209, 211, 193, 184, 181, 180, 178, 177, 176, 177, 178, 177, 179, 182, 180, 184, 180, 183, 186
2010,14218010,218,CH4 ,10PPBC, 8, 1, 185, 188, 219, 215, 204, 195, 186, 186, 188, 186, 181, 179, 178, 178, 179, 179, 179, 179, 177, 177, 178, 178, 177, 176
2010,14218010,218,CH4 ,10PPBC, 8, 2, 176, 177, 180, 176, 175, 175, 176, 175, 174, 174, 175, 174, 174, 173, 172, 173, 173, 174, 175, 175, 176, 176, 175, 176
2010,14218010,218,CH4 ,10PPBC, 8, 3, 175, 175, 175, 175, 175, 176, 176, 175, 175, 175, 175, 175, 173, 174, 173, 173, 174, 174, 175, 175, 177, 175, 177, 176
2010,14218010,218,CH4 ,10PPBC, 8, 4, 176, 178, 177, 179, 178, 178, 177, 176, 176, 176,9999,9999, 172, 172, 173, 172, 172, 172, 173, 174, 174, 174, 175, 176
2010,14218010,218,CH4 ,10PPBC, 8, 5, 176, 178, 177, 177, 176, 176, 176, 174, 174, 174, 174, 174, 173, 173, 173, 174, 173, 174, 174, 175, 175, 176, 176, 177
2010,14218010,218,CH4 ,10PPBC, 8, 6, 177, 177, 178, 176, 177, 177, 177, 176, 175, 175, 175, 174, 175, 175, 174, 174, 175, 176, 178, 178, 179, 179, 179, 178
2010,14218010,218,CH4 ,10PPBC, 8, 7, 179, 183, 181, 184, 186, 191, 184, 181, 181, 179, 181, 181, 180, 178, 178, 177, 176, 176, 176, 176, 177, 180, 182, 183
2010,14218010,218,CH4 ,10PPBC, 8, 8, 183, 182, 185, 189, 192, 200, 188, 190, 183, 181, 178, 177, 176, 175, 175, 176, 175, 175, 176, 177, 178, 177, 176, 175
2010,14218010,218,CH4 ,10PPBC, 8, 9, 182, 180, 176, 182, 185, 179, 179, 177, 177, 178, 180, 178, 176, 176, 175, 175, 175, 175, 176, 175, 176, 177, 175, 177
2010,14218010,218,CH4 ,10PPBC, 8,10, 176, 176, 176, 181, 181, 177, 176, 176, 175, 176, 174,9999, 172, 172, 173, 173, 173, 174, 177, 174, 176, 176, 175, 176
2010,14218010,218,CH4 ,10PPBC, 8,11, 175, 174, 175, 174, 174, 174, 174, 173, 174, 172, 172, 172, 171, 171, 171, 171, 172, 171, 171, 173, 172, 172, 173, 173
2010,14218010,218,CH4 ,10PPBC, 8,12, 172, 171, 172, 172, 172, 173, 173, 172, 172, 172, 172, 172, 173, 175, 174, 175, 176, 175, 175, 176, 176, 182, 181, 181
2010,14218010,218,CH4 ,10PPBC, 8,13, 192, 193, 189, 184, 182, 200, 198, 182, 183, 184, 184, 182, 184, 189, 185, 184, 187, 188, 195, 202, 190, 198, 199, 192
2010,14218010,218,CH4 ,10PPBC, 8,14, 201, 191, 207, 198, 215, 213, 203, 192, 188, 182, 178, 176, 175, 175, 177, 177, 176, 176, 176, 177, 177, 178, 178, 178
2010,14218010,218,CH4 ,10PPBC, 8,15, 179, 178, 178, 177, 179, 178, 180, 180, 178, 176, 174, 175, 175, 175, 175, 175, 174, 174, 173, 174, 175, 178, 180, 184
2010,14218010,218,CH4 ,10PPBC, 8,16, 234, 201, 298, 203, 196, 200, 197, 185, 180, 182, 182, 182, 177, 176, 177, 177, 177, 179, 181, 181, 177, 176, 179, 200
2010,14218010,218,CH4 ,10PPBC, 8,17, 253, 201, 207, 203, 201, 202, 201, 194, 191, 190, 189, 184, 182, 183, 180, 183, 180, 175, 173, 174, 176, 184, 185, 183
2010,14218010,218,CH4 ,10PPBC, 8,18, 196, 198, 193, 196, 192, 194, 195, 184, 183, 184, 184, 182, 181, 182, 181, 179, 178, 179, 179, 187, 181, 180, 182, 183
2010,14218010,218,CH4 ,10PPBC, 8,19, 183, 188, 188, 187, 187, 184, 186, 187, 186, 185, 187,9999, 185, 185, 186, 186, 188, 188, 184, 183, 188, 186, 187, 192
2010,14218010,218,CH4 ,10PPBC, 8,20, 198, 195, 192, 192, 191, 193, 197, 198, 201, 196, 193, 190, 188, 189, 192, 193, 191, 188, 186, 185, 187, 187, 187, 189
2010,14218010,218,CH4 ,10PPBC, 8,21, 189, 196, 204, 251, 202, 234, 196, 193, 191, 191, 191, 191, 190, 187, 185, 183, 182, 183, 183, 184, 184, 186, 184, 185
2010,14218010,218,CH4 ,10PPBC, 8,22, 185, 187, 185, 188, 187, 185, 187, 185, 183, 183, 182, 181, 181, 180, 180, 180, 179, 180, 180, 180, 182, 182, 185, 183
2010,14218010,218,CH4 ,10PPBC, 8,23, 184, 182, 187, 184, 212, 242, 196, 185, 186, 183, 183, 181, 179, 179, 178, 178, 178, 178, 180, 180, 181, 180, 181, 181
2010,14218010,218,CH4 ,10PPBC, 8,24, 183, 181, 182, 182, 182, 183, 185, 183, 180, 180,9999, 178, 178, 177, 177, 178, 178, 178, 179, 180, 180, 181, 180, 181
2010,14218010,218,CH4 ,10PPBC, 8,25, 182, 188, 184, 218, 227, 199, 203, 182, 181, 179, 179, 179, 178, 178, 178, 177, 178, 177, 178, 181, 179, 183, 181, 185
2010,14218010,218,CH4 ,10PPBC, 8,26, 195, 198, 186, 190, 187, 186, 189, 187, 184, 182, 179, 178, 178, 178, 178, 179, 178, 179, 180, 181, 181, 182, 181, 183
2010,14218010,218,CH4 ,10PPBC, 8,27, 189, 184, 199, 192, 211, 197, 204, 193, 191, 190, 187, 184, 181, 179, 178, 174, 173, 173, 174, 174, 176, 177, 180, 176
2010,14218010,218,CH4 ,10PPBC, 8,28, 179, 177, 180, 183, 195, 194, 189, 181, 181, 181, 181, 177, 174, 174, 174, 175, 174, 175, 175, 176, 178, 180, 179, 182
2010,14218010,218,CH4 ,10PPBC, 8,29, 208, 191, 195, 199, 194, 224, 193, 187, 185, 178, 177, 176, 175, 175, 174, 174, 175, 174, 175, 176, 184, 191, 185, 200
2010,14218010,218,CH4 ,10PPBC, 8,30, 204, 196, 191, 197, 204, 203, 200, 190, 185, 184, 184, 184, 190, 189, 183, 178, 175, 178, 174, 174, 177, 178, 177, 185
2010,14218010,218,CH4 ,10PPBC, 8,31, 190, 197, 193, 190, 202, 200, 196, 191, 194, 191, 191, 187, 182, 177, 175, 174, 174, 177, 179, 178, 175, 179, 175, 176
2010,14218010,218,CH4 ,10PPBC, 9, 1, 175, 176, 177, 183, 183, 186, 184, 181, 177, 177,9999,9999, 173, 173, 173, 175, 174, 175, 179, 180, 180, 182, 183, 182
2010,14218010,218,CH4 ,10PPBC, 9, 2, 183, 183, 183, 182, 191, 189, 187, 184, 183, 182, 181, 181, 181, 180, 179, 179, 179, 180, 181, 181, 181, 181, 181, 181
2010,14218010,218,CH4 ,10PPBC, 9, 3, 187, 187, 191, 192, 199, 196, 193, 185, 186, 182, 181, 179, 179, 178, 178, 178, 179, 179, 179, 180, 182, 181, 185, 190
2010,14218010,218,CH4 ,10PPBC, 9, 4, 256, 207, 242, 253, 238, 269, 193, 186, 183, 183, 183, 183, 183, 183, 179, 179, 179, 178, 179, 177, 180, 182, 181, 181
2010,14218010,218,CH4 ,10PPBC, 9, 5, 185, 228, 198, 191, 190, 191, 192, 186, 181, 181, 180, 178, 178, 177, 177, 176, 176, 176, 177, 178, 179, 181, 179, 180
2010,14218010,218,CH4 ,10PPBC, 9, 6, 180, 179, 176, 178, 177, 182, 179, 174, 175, 175, 175, 174, 173, 172, 171, 171, 172, 174, 174, 174, 175, 174, 173, 174
2010,14218010,218,CH4 ,10PPBC, 9, 7, 174, 174, 173, 173, 174, 174, 174, 174, 174, 174, 174, 173, 173, 172, 172, 172, 172, 172, 172, 172, 173, 174, 175, 174
2010,14218010,218,CH4 ,10PPBC, 9, 8, 174, 184, 191, 201, 197, 195, 190, 189, 192, 196,9999,9999, 191, 191, 186, 190, 188, 186, 186, 186, 187, 187, 188, 188
2010,14218010,218,CH4 ,10PPBC, 9, 9, 188, 188, 190, 190, 191, 191, 191, 191, 190, 190, 189, 188, 186, 186, 185, 188, 190, 195, 195, 190, 190, 211, 206, 284
2010,14218010,218,CH4 ,10PPBC, 9,10, 228, 204, 205, 206, 199, 199, 198, 205, 202, 198, 193, 190, 189, 187, 187, 187, 185, 185, 186, 185, 184, 185, 189, 191
2010,14218010,218,CH4 ,10PPBC, 9,11, 199, 213, 195, 199, 204, 213, 204, 196, 191, 191, 189, 185, 184, 183, 182, 182, 181, 182, 184, 185, 185, 183, 188, 199
2010,14218010,218,CH4 ,10PPBC, 9,12, 209, 234, 210, 207, 224, 211, 237, 198, 195, 195, 196, 203, 215, 196, 188, 191, 186, 186, 185, 184, 183, 183, 182, 179
2010,14218010,218,CH4 ,10PPBC, 9,13, 178, 177, 180, 185, 193, 192, 189, 187, 188, 189, 186, 182, 181, 181, 179, 180, 178, 180, 183, 189, 189, 218, 192, 189
2010,14218010,218,CH4 ,10PPBC, 9,14, 192, 190, 186, 185, 187, 191, 194, 192, 186, 188, 188,9999,9999, 184, 184, 184, 184, 184, 183, 185, 194, 189, 189, 194
2010,14218010,218,CH4 ,10PPBC, 9,15, 191, 188, 188, 188, 189, 194, 196, 196, 197, 193, 190, 191, 190, 190, 190, 192, 193, 188, 191, 203, 196, 201, 197, 199
2010,14218010,218,CH4 ,10PPBC, 9,16, 198, 196, 192, 191, 191, 192, 192, 195, 196, 191, 192, 191, 192, 190, 192, 193, 194, 192, 193, 195, 201, 191, 197, 195
2010,14218010,218,CH4 ,10PPBC, 9,17, 212, 200, 198, 208, 196, 204, 203, 197, 187, 186, 185, 185, 185, 186, 185, 184, 185, 185, 188, 212, 254, 217, 210, 200
2010,14218010,218,CH4 ,10PPBC, 9,18, 205, 198, 192, 194, 202, 193, 194, 192, 189, 188, 188, 187, 192, 188, 190, 188, 191, 192, 188, 189, 192, 193, 191, 195
2010,14218010,218,CH4 ,10PPBC, 9,19, 191, 197, 199, 213, 207, 209, 204, 194, 191, 189, 193, 186, 184, 183, 182, 183, 183, 183, 185, 184, 192, 195, 205, 195
2010,14218010,218,CH4 ,10PPBC, 9,20, 229, 226, 225, 198, 205, 212, 202, 199, 196, 195, 194, 194, 195, 197, 195, 191, 187, 187, 193, 194, 206, 213, 203, 222
2010,14218010,218,CH4 ,10PPBC, 9,21, 209, 262, 203, 204, 210, 205, 198, 194, 191, 191, 190, 190, 190, 188, 188, 187, 187, 188, 189, 190, 233, 208, 229, 225
2010,14218010,218,CH4 ,10PPBC, 9,22, 222, 246, 212, 227, 228, 234, 211, 198, 191, 190,9999, 183, 181, 180, 179, 179, 179, 178, 179, 180, 186, 197, 199, 195
2010,14218010,218,CH4 ,10PPBC, 9,23, 200, 194, 196, 197, 197, 195, 194, 194, 195, 194, 193, 192, 193, 193, 194, 191, 190, 190, 195, 193, 195, 200, 198, 197
2010,14218010,218,CH4 ,10PPBC, 9,24, 196, 194, 191, 194, 191, 195, 198, 196, 197, 193, 193, 194, 192, 194, 194, 192, 192, 192, 192, 194, 195, 195, 192, 193
2010,14218010,218,CH4 ,10PPBC, 9,25, 192, 191, 192, 192, 190, 191, 191, 191, 193, 192, 190, 189, 189, 187, 188, 189, 189, 190, 192, 204, 206, 209, 243, 222
2010,14218010,218,CH4 ,10PPBC, 9,26, 218, 205, 210, 202, 208, 218, 194, 197, 194, 195, 193, 191, 195, 193, 190, 191, 196, 194, 193, 197, 201, 193, 195, 201
2010,14218010,218,CH4 ,10PPBC, 9,27, 203, 202, 201, 196, 193, 194, 196, 199, 198, 194, 193, 192, 191, 192, 191, 191, 191, 194, 196, 193, 192, 197, 196, 194
2010,14218010,218,CH4 ,10PPBC, 9,28, 197, 193, 194, 193, 195, 194, 195, 191, 195, 194, 197, 191, 195, 197, 197, 193, 190, 192, 195, 208, 212, 217, 222, 218
2010,14218010,218,CH4 ,10PPBC, 9,29, 241, 239, 213, 201, 208, 196, 191, 190, 191, 191, 192, 191, 192, 194, 197, 195, 195, 199, 202, 202, 201, 218, 213, 199
2010,14218010,218,CH4 ,10PPBC, 9,30, 207, 203, 201, 203, 203, 203, 202, 202, 204,9999,9999,9999, 195, 194, 194, 197, 195, 201, 205, 197, 207, 208, 205, 196
2010,14218010,218,CH4 ,10PPBC, 9,31,9998,9998,9998,9998,9998,9998,9998,9998,9998,9998,9998,9998,9998,9998,9998,9998,9998,9998,9998,9998,9998,9998,9998,9998
2010,14218010,218,CH4 ,10PPBC,10, 1, 195, 195, 198, 198, 193, 197, 200, 198, 195, 199, 193, 196, 196, 196, 199, 191, 193, 194, 191, 203, 206, 238, 245, 220
2010,14218010,218,CH4 ,10PPBC,10, 2, 206, 202, 205, 203, 209, 206, 205, 194, 194, 194, 192, 190, 188, 189, 191, 192, 191, 190, 191, 213, 250, 198, 201, 211
2010,14218010,218,CH4 ,10PPBC,10, 3, 212, 204, 199, 202, 201, 203, 197, 195, 194, 193, 191, 190, 190, 189, 189, 191, 197, 198, 192, 204, 197, 208, 214, 203
2010,14218010,218,CH4 ,10PPBC,10, 4, 196, 194, 198, 198, 196, 197, 202, 199, 197, 198, 201, 198, 196, 188, 193, 195, 193, 196, 207, 202, 205, 199, 203, 204
2010,14218010,218,CH4 ,10PPBC,10, 5, 201, 198, 200, 197, 193, 196, 191, 192, 192, 199, 194,9999,9999, 188, 188, 189, 189, 194, 190, 194, 199, 223, 218, 205
2010,14218010,218,CH4 ,10PPBC,10, 6, 201, 203, 203, 205, 206, 203, 200, 200, 194, 192, 190, 189, 190, 191, 189, 191, 191, 194, 194, 199, 194, 202, 206, 207
2010,14218010,218,CH4 ,10PPBC,10, 7, 203, 203, 196, 197, 197, 196, 198, 197, 195, 194, 193, 194, 192, 191, 191, 191, 192, 195, 194, 192, 195, 201, 200, 197
2010,14218010,218,CH4 ,10PPBC,10, 8, 197, 198, 197, 198, 197, 197, 199, 197, 196, 195, 194, 193, 192, 191, 192, 193, 191, 197, 194, 197, 198, 201, 194, 194
2010,14218010,218,CH4 ,10PPBC,10, 9, 197, 199, 197, 194, 193, 193, 195, 196, 198, 198, 196, 193, 195, 193, 194, 194, 194, 193, 195, 194, 196, 198, 195, 197
2010,14218010,218,CH4 ,10PPBC,10,10, 196, 198, 191, 190, 190, 189, 189, 189, 197, 190, 187, 188, 185, 186, 187, 187, 186, 187, 205, 206, 214, 203, 221, 213
2010,14218010,218,CH4 ,10PPBC,10,11, 263, 247, 240, 198, 205, 212, 216, 190,9999,9999,9999,9999,9999,9999,9999, 186, 185, 185, 184, 187, 190, 190, 199, 214
2010,14218010,218,CH4 ,10PPBC,10,12, 224, 208, 247, 202, 195, 193, 187, 194, 194, 197,9999, 203, 203, 193, 193, 198, 191, 194, 190, 194, 196, 208, 209, 215
2010,14218010,218,CH4 ,10PPBC,10,13, 205, 205, 201, 206, 203, 202, 201, 203, 199, 196, 195, 194, 191, 191, 192, 192, 196, 198, 200, 198, 204, 211, 223, 225
2010,14218010,218,CH4 ,10PPBC,10,14, 210, 205, 202, 203, 195, 195, 197, 196, 196, 194, 192, 191, 191, 190, 191, 190, 192, 193, 193, 197, 200, 200, 194, 202
2010,14218010,218,CH4 ,10PPBC,10,15, 204, 203, 203, 200, 196, 206, 197, 195, 196, 190, 189, 190, 192, 191, 190, 188, 190, 192, 200, 258, 200, 217, 216, 203
2010,14218010,218,CH4 ,10PPBC,10,16, 203, 203, 207, 198, 196, 197, 202, 198, 200, 195, 194, 191, 191, 192, 195, 193, 192, 196, 201, 213, 223, 229, 212, 205
2010,14218010,218,CH4 ,10PPBC,10,17, 201, 204, 193, 200, 199, 202, 201, 196, 200, 194, 191, 191, 191, 191, 192, 192, 194, 192, 207, 202, 213, 203, 196, 212
2010,14218010,218,CH4 ,10PPBC,10,18, 208, 197, 191, 191, 191, 194, 194, 197, 202, 198, 192, 194,9999, 194, 195, 193, 191, 195, 196, 195, 196, 204, 204, 206
2010,14218010,218,CH4 ,10PPBC,10,19, 202, 199, 197, 196, 195, 195, 195, 194, 198, 197, 196, 196, 196, 197, 197, 198, 197, 200, 203, 199, 201, 202, 201, 197
2010,14218010,218,CH4 ,10PPBC,10,20, 197, 195, 194, 196, 200, 200, 204, 202, 203, 200, 198, 194, 192, 195, 193, 198, 199, 198, 200, 206, 205, 198, 199, 198
2010,14218010,218,CH4 ,10PPBC,10,21, 206, 199, 196, 196, 196, 189, 193, 193, 195, 196, 200, 199, 197, 197, 196, 196, 196, 197, 205, 197, 199, 201, 200, 198
2010,14218010,218,CH4 ,10PPBC,10,22, 197, 194, 198, 199, 198, 198, 197, 196, 196, 195, 193, 194, 196, 193, 194, 196, 194, 190, 192, 191, 191, 192, 192, 195
2010,14218010,218,CH4 ,10PPBC,10,23, 194, 194, 199, 199, 197, 197, 198, 197, 197, 196, 192, 192, 193, 192, 191, 191, 194, 196, 228, 202, 196, 255, 222, 199
2010,14218010,218,CH4 ,10PPBC,10,24, 201, 204, 204, 199, 194, 192, 196, 197, 203, 197, 197, 194, 194, 197, 194, 194, 199, 197, 201, 201, 197, 201, 197, 194
2010,14218010,218,CH4 ,10PPBC,10,25, 192, 193, 194, 196, 193, 193, 193, 193, 193, 189, 188, 190, 189,9999, 187, 190, 190, 198, 218, 245, 229, 222, 214, 205
2010,14218010,218,CH4 ,10PPBC,10,26, 197, 196, 192, 194, 187, 192, 197, 197, 219, 196, 190, 190, 193, 193, 194, 195, 190, 191, 191, 191, 191, 192, 192, 192
2010,14218010,218,CH4 ,10PPBC,10,27, 191, 192, 192, 192, 191, 192, 192, 193, 192, 192, 192, 192, 192, 191, 192, 192, 193, 218, 222, 205, 215, 204, 220, 207
2010,14218010,218,CH4 ,10PPBC,10,28, 204, 200, 199, 196, 196, 195, 195, 196, 196, 195, 196, 195, 196, 195, 193, 193, 192, 193, 194, 196, 197, 196, 196, 193
2010,14218010,218,CH4 ,10PPBC,10,29, 193, 193, 193, 194, 196, 197, 200, 201, 198, 194, 192, 192, 193, 191, 194, 194, 192, 192, 193, 202, 202, 200, 201, 199
2010,14218010,218,CH4 ,10PPBC,10,30, 197, 194, 193, 195, 196, 193, 192, 193, 196, 194, 194, 194, 194, 194, 193, 193, 193, 194, 194, 192, 193, 192, 191, 192
2010,14218010,218,CH4 ,10PPBC,10,31, 193, 193, 194, 194, 191, 192, 193, 190, 193, 192, 190, 191, 192, 192, 193, 194, 196, 197, 199, 199, 197, 201, 199, 197
2010,14218010,218,CH4 ,10PPBC,11, 1, 192, 193, 191, 188, 187, 188, 189, 191, 194, 192, 191,9999,9999, 186, 185, 184, 184, 185, 186, 191, 202, 196, 196, 200
2010,14218010,218,CH4 ,10PPBC,11, 2, 211, 208, 206, 202, 198, 202, 202, 202, 196, 193, 191, 188, 186, 186, 186, 187, 188, 189, 203, 219, 209, 217, 217, 209
2010,14218010,218,CH4 ,10PPBC,11, 3, 217, 210, 198, 211, 238, 213, 205, 200, 195, 193, 191, 191, 191, 191, 194, 197, 198, 228, 207, 203, 201, 199, 207, 200
2010,14218010,218,CH4 ,10PPBC,11, 4, 203, 198, 194, 195, 192, 194, 196, 202, 203, 201, 196, 195, 196, 194, 196, 197, 207, 220, 247, 228, 246, 213, 219, 216
2010,14218010,218,CH4 ,10PPBC,11, 5, 200, 194, 196, 215, 223, 216, 214, 203, 194, 192, 191, 190, 190, 189, 190, 191, 192, 201, 261, 217, 217, 221, 214, 206
2010,14218010,218,CH4 ,10PPBC,11, 6, 202, 192, 192, 193, 192, 191, 194, 193, 195, 192, 191, 191, 191, 191, 203, 198, 194, 200, 236, 272, 231, 224, 219, 205
2010,14218010,218,CH4 ,10PPBC,11, 7, 198, 196, 197, 192, 191, 194, 195, 201, 193, 193, 191, 191, 191, 190, 190, 190, 192, 220, 324, 248, 216, 205, 204, 203
2010,14218010,218,CH4 ,10PPBC,11, 8, 211, 203, 190, 191, 203, 196, 194, 194, 195, 191, 193, 195, 193, 192, 191, 191, 193, 193, 197, 202, 204, 204, 201, 210
2010,14218010,218,CH4 ,10PPBC,11, 9, 206, 239, 197, 204, 205, 194, 201, 204, 189, 187, 186, 186, 187, 188,9999,9999, 190, 197, 217, 206, 192, 194, 200, 209
2010,14218010,218,CH4 ,10PPBC,11,10, 198, 217, 231, 267, 275, 233, 217, 204, 198, 197, 197, 193, 190, 189, 188, 188, 189, 197, 198, 195, 198, 197, 204, 203
2010,14218010,218,CH4 ,10PPBC,11,11, 205, 234, 223, 201, 208, 217, 208, 205, 200, 193, 192, 191, 192, 191, 191, 193, 192, 194, 218, 275, 266, 219, 229, 227
2010,14218010,218,CH4 ,10PPBC,11,12, 215, 206, 202, 199, 199, 205, 198, 202, 200, 201, 201, 193, 190, 190, 189, 190, 190, 191, 192, 193, 200, 207, 207, 229
2010,14218010,218,CH4 ,10PPBC,11,13, 206, 200, 194, 192, 192, 193, 199, 203, 197, 192, 197, 195, 194, 196, 196, 195, 203, 215, 261, 223, 212, 210, 210, 205
2010,14218010,218,CH4 ,10PPBC,11,14, 204, 204, 199, 198, 198, 195, 197, 196, 198, 199, 200, 197, 196, 194, 195, 195, 199, 237, 248, 221, 206, 194, 199, 197
2010,14218010,218,CH4 ,10PPBC,11,15, 202, 212, 237, 202, 208, 228, 196, 202, 196, 197, 193, 192,9999, 196, 192, 197, 194, 194, 194, 192, 192, 195, 196, 195
2010,14218010,218,CH4 ,10PPBC,11,16, 194, 196, 204, 209, 199, 201, 201, 204, 200, 198, 195, 195, 192, 192, 193, 194, 197, 223, 258, 235, 204, 212, 212, 203
2010,14218010,218,CH4 ,10PPBC,11,17, 202, 203, 200, 197, 198, 203, 202, 200, 205, 202, 200, 198, 199, 197, 198, 198, 198, 200, 202, 201, 198, 197, 198, 200
2010,14218010,218,CH4 ,10PPBC,11,18, 198, 199, 200, 199, 197, 195, 197, 198, 199, 198, 194, 192, 191, 192, 193, 191, 195, 197, 201, 202, 199, 197, 196, 200
2010,14218010,218,CH4 ,10PPBC,11,19, 201, 202, 199, 201, 202, 200, 200, 201, 199, 195, 194, 195, 192, 191, 192, 194, 199, 241, 274, 213, 214, 219, 213, 208
2010,14218010,218,CH4 ,10PPBC,11,20, 205, 201, 194, 198, 197, 194, 197, 198, 196, 194, 194, 193, 192, 191, 191, 192, 195, 198, 231, 221, 214, 203, 203, 203
2010,14218010,218,CH4 ,10PPBC,11,21, 197, 204, 199, 191, 190, 192, 195, 194, 194, 194, 193, 194, 192, 189, 190, 192, 191, 192, 201, 202, 210, 205, 203, 200
2010,14218010,218,CH4 ,10PPBC,11,22, 195, 208, 196, 197, 196, 191, 199, 200, 205, 193, 203, 195,9999, 196, 195, 200, 196, 205, 200, 207, 203, 193, 192, 195
2010,14218010,218,CH4 ,10PPBC,11,23, 192, 192, 192, 190, 190, 188, 188, 186, 189, 187, 189, 190, 191, 192, 190, 190, 191, 191, 194, 192, 192, 192, 194, 194
2010,14218010,218,CH4 ,10PPBC,11,24, 193, 191, 192, 193, 193, 194, 194, 193, 196, 196, 194, 194, 194, 194, 193, 199, 198, 229, 209, 221, 203, 207, 252, 225
2010,14218010,218,CH4 ,10PPBC,11,25, 222, 212, 212, 201, 198, 200, 200, 202, 199, 196, 196, 195, 198, 197, 197, 199, 200, 199, 198, 213, 206, 203, 206, 204
2010,14218010,218,CH4 ,10PPBC,11,26, 198, 196, 199, 202, 202, 201, 198, 203, 199, 199, 194, 191, 194, 191, 191, 192, 197, 220, 213, 222, 220, 215, 200, 201
2010,14218010,218,CH4 ,10PPBC,11,27, 199, 197, 197, 195, 197, 196, 196, 198, 196, 195, 192, 191, 192, 191, 194, 197, 193, 192, 197, 213, 226, 234, 238, 222
2010,14218010,218,CH4 ,10PPBC,11,28, 200, 212, 212, 207, 215, 202, 208, 203, 202, 195, 190, 189, 189, 188, 188, 188, 189, 190, 212, 199, 192, 191, 199, 233
2010,14218010,218,CH4 ,10PPBC,11,29, 208, 203, 200, 203, 234, 228, 212, 210, 204, 195, 194, 191,9999, 188, 189, 190, 191, 195, 196, 214, 218, 237, 233, 224
2010,14218010,218,CH4 ,10PPBC,11,30, 225, 220, 200, 212, 235, 197, 195, 217, 197, 194, 199, 194, 193, 195, 194, 191, 195, 194, 198, 197, 199, 194, 196, 201
2010,14218010,218,CH4 ,10PPBC,11,31,9998,9998,9998,9998,9998,9998,9998,9998,9998,9998,9998,9998,9998,9998,9998,9998,9998,9998,9998,9998,9998,9998,9998,9998
2010,14218010,218,CH4 ,10PPBC,12, 1, 199, 198, 207, 208, 213, 201, 201, 209, 211, 197, 196, 195, 195, 192, 192, 196, 229, 272, 224, 245, 235, 235, 229, 209
2010,14218010,218,CH4 ,10PPBC,12, 2, 204, 202, 196, 194, 195, 196, 196, 198, 200, 197, 198, 196, 198, 195, 196, 201, 209, 212, 215, 207, 204, 204, 203, 206
2010,14218010,218,CH4 ,10PPBC,12, 3, 205, 201, 201, 199, 199, 200, 202, 193, 192, 185, 183, 184, 185, 185, 185, 184, 184, 183, 185, 187, 188, 189, 190, 190
2010,14218010,218,CH4 ,10PPBC,12, 4, 190, 190, 190, 191, 192, 191, 196, 197, 196, 193, 190, 191, 192, 191, 191, 189, 192, 198, 192, 200, 194, 209, 209, 221
2010,14218010,218,CH4 ,10PPBC,12, 5, 229, 218, 203, 205, 205, 202, 214, 223, 207, 194, 193, 195, 194, 193, 192, 192, 193, 215, 320, 232, 234, 203, 206, 208
2010,14218010,218,CH4 ,10PPBC,12, 6, 211, 197, 196, 196, 199, 196, 193, 197, 196, 193, 193, 194, 192, 191, 191, 191, 191, 192, 195, 200, 197, 230, 203, 213
2010,14218010,218,CH4 ,10PPBC,12, 7, 205, 242, 200, 211, 208, 202, 206, 207, 207, 199, 195, 195, 196, 191, 193, 191, 192, 195, 193, 195, 195, 194, 193, 194
2010,14218010,218,CH4 ,10PPBC,12, 8, 193, 194, 194, 194, 195, 193, 191, 191, 194, 194,9999,9999, 189, 189, 189, 189, 189, 190, 192, 190, 190, 195, 197, 196
2010,14218010,218,CH4 ,10PPBC,12, 9, 204, 200, 197, 200, 196, 197, 205, 200, 195, 192, 191, 189, 188, 187, 189, 189, 189, 190, 193, 194, 194, 223, 225, 209
2010,14218010,218,CH4 ,10PPBC,12,10, 209, 208, 198, 199, 211, 209, 200, 195, 192, 192, 193, 193, 191, 193, 193, 192, 192, 194, 197, 201, 237, 239, 214, 212
2010,14218010,218,CH4 ,10PPBC,12,11, 206, 216, 237, 211, 211, 207, 210, 199, 193, 189, 188, 187, 185, 185, 185, 185, 186, 187, 189, 190, 192, 196, 187, 199
2010,14218010,218,CH4 ,10PPBC,12,12, 198, 203, 213, 202, 199, 193, 199, 193, 193, 192, 193, 191, 191, 191, 190, 193, 192, 192, 194, 216, 196, 196, 193, 199
2010,14218010,218,CH4 ,10PPBC,12,13, 198, 200, 199, 198, 196, 194, 195, 195, 196, 197, 196,9999, 195, 195, 196, 194, 194, 198, 199, 191, 191, 193, 192, 195
2010,14218010,218,CH4 ,10PPBC,12,14, 194, 201, 199, 193, 195, 191, 189, 193, 190, 192, 191, 192, 195, 191, 190, 191, 193, 199, 210, 200, 210, 203, 204, 206
2010,14218010,218,CH4 ,10PPBC,12,15, 193, 194, 196, 189, 189, 189, 194, 198, 194, 192, 191, 191, 188, 187, 192, 192, 198, 189, 191, 191, 190, 191, 192, 192
2010,14218010,218,CH4 ,10PPBC,12,16, 192, 193, 192, 195, 198, 199, 201, 201, 195, 193, 194, 195, 194, 196, 199, 198, 194, 198, 200, 208, 214, 199, 214, 205
2010,14218010,218,CH4 ,10PPBC,12,17, 201, 198, 202, 213, 200, 204, 202, 204, 204, 194, 193, 192, 190, 190, 190, 191, 195, 194, 201, 237, 217, 219, 207, 206
2010,14218010,218,CH4 ,10PPBC,12,18, 212, 206, 199, 203, 215, 213, 206, 218, 201, 196, 193, 192, 192, 193, 192, 193, 192, 193, 194, 197, 193, 193, 205, 220
2010,14218010,218,CH4 ,10PPBC,12,19, 212, 219, 222, 211, 205, 203, 203, 201, 202, 200, 196, 194, 193, 193, 194, 198, 203, 205, 212, 211, 212, 208, 210, 203
2010,14218010,218,CH4 ,10PPBC,12,20, 200, 202, 211, 207, 216, 201, 211, 204, 205, 200,9999, 188, 186, 186, 192, 195, 193, 227, 225, 202, 199, 200, 194, 191
2010,14218010,218,CH4 ,10PPBC,12,21, 200, 200, 194, 198, 194, 194, 194, 197, 203, 197, 197, 195, 197, 200, 198, 197, 198, 200, 193, 195, 195, 196, 197, 196
2010,14218010,218,CH4 ,10PPBC,12,22, 197, 195, 195, 191, 190, 189, 192, 194, 189, 190, 187, 183, 183, 184, 184, 184, 187, 200, 197, 212, 209, 208, 214, 218
2010,14218010,218,CH4 ,10PPBC,12,23, 238, 237, 226, 219, 204, 201, 213, 204, 204, 197, 189, 186, 186, 187, 188, 186, 189, 202, 244, 245, 218, 232, 224, 232
2010,14218010,218,CH4 ,10PPBC,12,24, 229, 212, 232, 239, 213, 196, 189, 189, 189, 189, 189, 188, 188, 188, 187, 187, 188, 194, 194, 197, 202, 197, 198, 200
2010,14218010,218,CH4 ,10PPBC,12,25, 203, 202, 207, 199, 204, 194, 189, 188, 189, 188, 188, 187, 186, 187, 186, 186, 186, 186, 187, 187, 187, 187, 187, 187
2010,14218010,218,CH4 ,10PPBC,12,26, 187, 187, 187, 188, 187, 187, 188, 188, 188, 188, 188, 187, 186, 186, 186, 185, 185, 187, 187, 187, 187, 187, 188, 198
2010,14218010,218,CH4 ,10PPBC,12,27, 209, 206, 238, 197, 194, 193, 192, 193, 193, 190, 189, 189, 188, 188, 187, 187, 188, 194, 202, 216, 226, 225, 219, 205
2010,14218010,218,CH4 ,10PPBC,12,28, 199, 228, 258, 222, 233, 245, 237, 231, 205, 197,9999, 189, 187, 187, 185, 186, 186, 186, 187, 186, 187, 189, 202, 202
2010,14218010,218,CH4 ,10PPBC,12,29, 202, 205, 200, 203, 209, 217, 205, 206, 201, 196, 194, 190, 189, 187, 188, 188, 192, 190, 191, 193, 193, 193, 212, 245
2010,14218010,218,CH4 ,10PPBC,12,30, 216, 233, 202, 220, 224, 209, 200, 199, 197, 197, 197, 194, 192, 191, 193, 197, 198, 203, 199, 198, 201, 195, 194, 206
2010,14218010,218,CH4 ,10PPBC,12,31, 198, 200, 199, 198, 203, 213, 208, 202, 203, 193, 189, 187, 187, 186, 186, 186, 193, 195, 195, 201, 215, 217, 216, 241
2010,14218010,218,CH4 ,10PPBC, 1, 1, 228, 232, 214, 234, 226, 212, 215, 235, 217, 202, 191, 191, 191, 190, 189, 189, 190, 248, 229, 217, 202, 194, 204, 200
2010,14218010,218,CH4 ,10PPBC, 1, 2, 199, 199, 211, 209, 211, 204, 205, 214, 216, 197, 192, 192, 190, 189, 188, 188, 194, 209, 198, 192, 199, 191, 195, 195
2010,14218010,218,CH4 ,10PPBC, 1, 3, 205, 200, 207, 196, 201, 202, 196, 194, 201, 196, 194, 191, 190, 189, 191, 192, 193, 206, 210, 219, 219, 198, 204, 208
2010,14218010,218,CH4 ,10PPBC, 1, 4, 204, 201, 199, 196, 196, 193, 193, 190, 193, 192, 194, 192, 191, 190, 190, 191, 191, 267, 214, 196, 204, 212, 206, 210
2010,14218010,218,CH4 ,10PPBC, 1, 5, 196, 214, 201, 199, 198, 194, 212, 229, 201, 193, 192,9999,9999, 189, 189, 188, 188, 189, 188, 188, 188, 188, 189, 188
2010,14218010,218,CH4 ,10PPBC, 1, 6, 188, 188, 189, 189, 188, 189, 193, 192, 197, 194, 191, 189, 189, 188, 189, 190, 190, 190, 192, 193, 193, 200, 197, 196
2010,14218010,218,CH4 ,10PPBC, 1, 7, 194, 194, 193, 194, 194, 194, 195, 196, 198, 197, 197, 196, 193, 193, 193, 193, 196, 194, 202, 207, 203, 196, 197, 194
2010,14218010,218,CH4 ,10PPBC, 1, 8, 194, 198, 203, 197, 201, 199, 194, 197, 198, 194, 196, 194, 190, 189, 189, 188, 189, 190, 192, 200, 211, 223, 217, 234
2010,14218010,218,CH4 ,10PPBC, 1, 9, 204, 210, 223, 212, 227, 215, 206, 227, 217, 195, 189, 188, 187, 187, 186, 187, 206, 256, 208, 192, 193, 191, 191, 191
2010,14218010,218,CH4 ,10PPBC, 1,10, 192, 192, 193, 193, 196, 197, 197, 197, 199, 197, 197, 195, 193, 194, 193, 193, 192, 192, 193, 194, 197, 200, 196, 196
2010,14218010,218,CH4 ,10PPBC, 1,11, 202, 202, 200, 196, 198, 195, 196, 199, 205, 199, 199, 197, 193, 191, 191, 192, 194, 198, 197, 234, 242, 227, 226, 204
2010,14218010,218,CH4 ,10PPBC, 1,12, 201, 201, 199, 202, 206, 207, 202, 204, 208, 197,9999, 196, 194, 192, 192, 191, 192, 211, 202, 195, 197, 195, 196, 196
2010,14218010,218,CH4 ,10PPBC, 1,13, 194, 193, 194, 195, 194, 196, 195, 197, 200, 199, 197, 194, 193, 192, 192, 194, 193, 193, 200, 202, 200, 200, 199, 198
2010,14218010,218,CH4 ,10PPBC, 1,14, 201, 203, 200, 198, 197, 207, 219, 234, 209, 199, 199, 198, 196, 194, 194, 192, 192, 218, 249, 229, 222, 211, 215, 208
2010,14218010,218,CH4 ,10PPBC, 1,15, 208, 203, 201, 208, 210, 206, 218, 210, 202, 200, 196, 194, 194, 193, 196, 199, 201, 208, 201, 205, 203, 204, 211, 215
2010,14218010,218,CH4 ,10PPBC, 1,16, 226, 211, 209, 202, 211, 202, 198, 194, 195, 195, 193, 192, 191, 192, 191, 191, 191, 192, 192, 192, 192, 191, 192, 192
2010,14218010,218,CH4 ,10PPBC, 1,17, 196, 198, 198, 206, 216, 233, 216, 209, 206, 202, 197, 191, 189, 190, 189, 188, 189, 191, 200, 199, 198, 195, 192, 196
2010,14218010,218,CH4 ,10PPBC, 1,18, 229, 236, 217, 227, 237, 220, 219, 218, 204, 197, 196, 196, 194, 192, 190, 190, 190, 200, 272, 284, 215, 207, 204, 198
2010,14218010,218,CH4 ,10PPBC, 1,19, 197, 195, 196, 198, 209, 223, 236, 222, 206,9999,9999, 190, 188, 188, 188, 192, 191, 244, 367, 243, 195, 193, 202, 208
2010,14218010,218,CH4 ,10PPBC, 1,20, 206, 201, 199, 210, 204, 204, 215, 210, 204, 196, 192, 190, 188, 187, 186, 187, 188, 190, 189, 190, 190, 190, 191, 190
2010,14218010,218,CH4 ,10PPBC, 1,21, 199, 200, 206, 201, 205, 199, 195, 195, 195, 195, 191, 190, 189, 189, 188, 188, 188, 189, 192, 195, 198, 213, 197, 192
2010,14218010,218,CH4 ,10PPBC, 1,22, 190, 190, 191, 191, 199, 196, 194, 193, 194, 193, 191, 190, 187, 186, 185, 185, 185, 193, 221, 223, 207, 202, 200, 208
2010,14218010,218,CH4 ,10PPBC, 1,23, 200, 206, 211, 204, 204, 199, 206, 200, 198, 196, 193, 193, 195, 190, 190, 194, 196, 195, 195, 198, 195, 194, 199, 199
2010,14218010,218,CH4 ,10PPBC, 1,24, 196, 201, 197, 195, 198, 199, 202, 201, 203, 197, 194, 194,9999, 193, 190, 192, 197, 202, 205, 205, 199, 197, 196, 200
2010,14218010,218,CH4 ,10PPBC, 1,25, 200, 194, 195, 197, 200, 199, 196, 199, 200, 198, 195, 192, 191, 191, 190, 190, 193, 193, 194, 190, 194, 196, 193, 193
2010,14218010,218,CH4 ,10PPBC, 1,26, 201, 211, 202, 211, 219, 213, 218, 208, 196, 194, 193, 191, 190, 189, 188, 190, 190, 194, 192, 193, 194, 197, 201, 199
2010,14218010,218,CH4 ,10PPBC, 1,27, 194, 196, 198, 205, 235, 227, 213, 214, 207, 196, 193, 192, 191, 190, 189, 189, 189, 195, 192, 194, 195, 192, 192, 193
2010,14218010,218,CH4 ,10PPBC, 1,28, 193, 194, 200, 241, 202, 224, 202, 201, 198, 198, 195, 192, 191, 190, 190, 189, 190, 191, 189, 190, 191, 192, 191, 191
2010,14218010,218,CH4 ,10PPBC, 1,29, 192, 192, 197, 192, 191, 192, 192, 192, 194, 192, 190, 191, 191, 189, 190, 189, 188, 192, 224, 212, 214, 229, 199, 204
2010,14218010,218,CH4 ,10PPBC, 1,30, 199, 222, 203, 213, 204, 191, 191, 202, 197, 193, 193, 190, 188, 187, 187, 187, 188, 191, 195, 194, 209, 206, 192, 192
2010,14218010,218,CH4 ,10PPBC, 1,31, 195, 227, 232, 231, 207, 206, 206, 202, 198, 193, 191, 190, 190, 188, 188, 187, 187, 190, 192, 211, 217, 205, 205, 204
2010,14218010,218,CH4 ,10PPBC, 2, 1, 202, 204, 217, 226, 206, 227, 224, 213, 204, 197, 193,9999,9999, 187, 187, 187, 186, 189, 208, 191, 190, 189, 204, 205
2010,14218010,218,CH4 ,10PPBC, 2, 2, 200, 192, 192, 192, 195, 193, 200, 204, 197, 196, 197, 194, 192, 195, 196, 191, 193, 194, 209, 207, 220, 223, 216, 212
2010,14218010,218,CH4 ,10PPBC, 2, 3, 202, 199, 196, 195, 194, 194, 198, 207, 201, 194, 191, 190, 190, 190, 192, 190, 187, 189, 191, 195, 193, 195, 194, 195
2010,14218010,218,CH4 ,10PPBC, 2, 4, 233, 229, 234, 207, 193, 195, 194, 196, 196, 193, 191, 189, 189, 190, 187, 187, 187, 187, 190, 205, 217, 218, 200, 225
2010,14218010,218,CH4 ,10PPBC, 2, 5, 209, 203, 191, 195, 194, 195, 197, 194, 200, 196, 192, 191, 190, 190, 190, 196, 194, 196, 213, 206, 245, 209, 199, 195
2010,14218010,218,CH4 ,10PPBC, 2, 6, 204, 206, 199, 220, 209, 203, 196, 197, 199, 195, 194, 197, 196, 197, 196, 195, 195, 195, 198, 197, 204, 205, 200, 196
2010,14218010,218,CH4 ,10PPBC, 2, 7, 205, 220, 229, 220, 211, 203, 198, 199, 197, 192, 191, 187, 187, 186, 186, 187, 188, 189, 190, 190, 189, 189, 191, 191
2010,14218010,218,CH4 ,10PPBC, 2, 8, 190, 189, 188, 188, 190, 190, 190, 193, 191, 190, 193, 192, 193, 193, 195, 195, 193, 194, 196, 193, 203, 199, 194, 194
2010,14218010,218,CH4 ,10PPBC, 2, 9, 195, 193, 195, 196, 192, 193, 195, 195, 196, 195, 194,9999,9999,9999,9999, 192, 193, 198, 198, 203, 202, 216, 203, 197
2010,14218010,218,CH4 ,10PPBC, 2,10, 196, 212, 202, 206, 201, 194, 196, 196, 201, 199, 196, 195, 195, 195, 195, 195, 196, 196, 197, 201, 196, 196, 196, 200
2010,14218010,218,CH4 ,10PPBC, 2,11, 199, 200, 196, 197, 196, 197, 196, 198, 202, 201, 201, 200, 203, 206, 204, 200, 199, 201, 201, 204, 203, 203, 200, 200
2010,14218010,218,CH4 ,10PPBC, 2,12, 200, 200, 199, 199, 199, 199, 199, 199, 199, 201, 198, 197, 199, 198, 199, 197, 198, 200, 204, 204, 195, 198, 203, 206
2010,14218010,218,CH4 ,10PPBC, 2,13, 204, 216, 230, 209, 209, 236, 202, 204, 197, 199, 198, 198, 198, 196, 194, 194, 198, 200, 205, 220, 212, 209, 198, 203
2010,14218010,218,CH4 ,10PPBC, 2,14, 208, 201, 198, 201, 202, 202, 198, 201, 206, 201, 199, 199, 201, 202, 200, 201, 199, 200, 206, 212, 211, 205, 204, 203
2010,14218010,218,CH4 ,10PPBC, 2,15, 202, 202, 202, 202, 203, 201, 202, 201, 207, 206, 201,9999, 201, 197, 197, 195, 201, 202, 204, 201, 197, 198, 198, 199
2010,14218010,218,CH4 ,10PPBC, 2,16, 204, 205, 235, 222, 239, 223, 213, 210, 205, 202, 200, 200, 199, 197, 196, 195, 194, 194, 197, 199, 200, 206, 210, 208
2010,14218010,218,CH4 ,10PPBC, 2,17, 213, 210, 202, 206, 211, 202, 203, 205, 203, 205, 205, 214, 214, 197, 192, 190, 381, 190, 190, 192, 192, 191, 191, 191
2010,14218010,218,CH4 ,10PPBC, 2,18, 200, 195, 196, 199, 190, 187, 186, 192, 195, 193, 194, 192, 194, 193, 194, 195, 193, 193, 195, 197, 197, 198, 198, 200
2010,14218010,218,CH4 ,10PPBC, 2,19, 199, 199, 200, 200, 197, 197, 198, 197, 201, 199, 197, 197, 197, 197, 197, 197, 196, 196, 196, 197, 197, 202, 205, 214
2010,14218010,218,CH4 ,10PPBC, 2,20, 211, 214, 209, 204, 202, 202, 202, 203, 206, 204, 203, 204, 204, 202, 199, 197, 199, 201, 202, 205, 197, 197, 197, 200
2010,14218010,218,CH4 ,10PPBC, 2,21, 199, 198, 198, 197, 200, 198, 199, 198, 199, 198, 199, 198, 197, 194, 195, 194, 195, 195, 197, 196, 196, 198, 201, 201
2010,14218010,218,CH4 ,10PPBC, 2,22, 206, 208, 206, 203, 202, 200, 202, 207, 204, 200, 197, 198, 199, 196,9999, 195, 195, 197, 201, 197, 198, 200, 203, 202
2010,14218010,218,CH4 ,10PPBC, 2,23, 212, 212, 215, 207, 204, 204, 202, 202, 202, 200, 199, 197, 198, 199, 199, 195, 192, 193, 195, 202, 224, 219, 230, 222
2010,14218010,218,CH4 ,10PPBC, 2,24, 213, 211, 208, 207, 204, 200, 199, 201, 201, 201, 202, 202, 194, 193, 192, 192, 192, 193, 193, 193, 193, 192, 195, 191
2010,14218010,218,CH4 ,10PPBC, 2,25, 191, 190, 189, 189, 190, 193, 198, 199, 189, 188, 188, 187, 187, 187, 187, 187, 187, 188, 189, 190, 194, 194, 195, 195
2010,14218010,218,CH4 ,10PPBC, 2,26, 195, 197, 199, 199, 200, 199, 199, 200, 202, 202, 199, 199, 200, 200, 198, 197, 196, 196, 198, 200, 199, 199, 200, 205
2010,14218010,218,CH4 ,10PPBC, 2,27, 210, 212, 208, 216, 211, 209, 211, 205, 203, 202, 199, 193, 192, 191, 191, 190, 191, 191, 191, 210, 207, 201, 204, 202
2010,14218010,218,CH4 ,10PPBC, 2,28, 199, 198, 197, 197, 198, 197, 197, 200, 204, 204,9999,9999, 195, 195, 196, 196, 196, 197, 198, 197, 197, 198, 200, 196
2010,14218010,218,CH4 ,10PPBC, 2,29,9998,9998,9998,9998,9998,9998,9998,9998,9998,9998,9998,9998,9998,9998,9998,9998,9998,9998,9998,9998,9998,9998,9998,9998
2010,14218010,218,CH4 ,10PPBC, 2,30,9998,9998,9998,9998,9998,9998,9998,9998,9998,9998,9998,9998,9998,9998,9998,9998,9998,9998,9998,9998,9998,9998,9998,9998
2010,14218010,218,CH4 ,10PPBC, 2,31,9998,9998,9998,9998,9998,9998,9998,9998,9998,9998,9998,9998,9998,9998,9998,9998,9998,9998,9998,9998,9998,9998,9998,9998
2010,14218010,218,CH4 ,10PPBC, 3, 1, 196, 196, 197, 199, 195, 197, 196, 196, 201, 194, 194, 192, 191, 192, 190, 193, 197, 198, 196, 194, 195, 194, 194, 201
2010,14218010,218,CH4 ,10PPBC, 3, 2, 200, 194, 192, 194, 195, 196, 196, 199, 197, 194,9999,9999,9999,9999,9999,9999,9999,9999,9999,9999,9999,9999,9999,9999
2010,14218010,218,CH4 ,10PPBC, 3, 3,9999,9999,9999,9999,9999,9999,9999,9999,9999,9999,9999,9999,9999,9999,9999, 188, 188, 190, 188, 188, 192, 189, 190, 208
2010,14218010,218,CH4 ,10PPBC, 3, 4, 205, 209, 196, 197, 223, 196, 208, 194, 193, 192, 192, 190, 189, 189, 189, 188, 189, 189, 191, 190, 199, 201, 193, 194
2010,14218010,218,CH4 ,10PPBC, 3, 5, 216, 203, 207, 201, 203, 199, 195, 197, 195, 191, 189, 189, 188, 188, 187, 187, 186, 187, 188, 188, 191, 190, 191, 190
2010,14218010,218,CH4 ,10PPBC, 3, 6, 191, 198, 202, 205, 209, 224, 196, 191, 192, 193, 191, 190, 188, 184, 183, 184, 196, 206, 196, 192, 216, 207, 197, 198
2010,14218010,218,CH4 ,10PPBC, 3, 7, 203, 196, 192, 198, 189, 186, 188, 189, 194, 199, 201, 198, 197,9999, 194, 190, 194, 193, 202, 192, 194, 196, 196, 199
2010,14218010,218,CH4 ,10PPBC, 3, 8, 198, 204, 198, 199, 196, 205, 209, 200, 199, 195, 193, 190, 191, 190, 189, 190, 190, 189, 191, 208, 206, 211, 210, 198
2010,14218010,218,CH4 ,10PPBC, 3, 9, 196, 196, 201, 207, 194, 195, 203, 197, 193, 192, 192, 189, 186, 186, 186, 184, 184, 184, 185, 185, 187, 188, 191, 194
2010,14218010,218,CH4 ,10PPBC, 3,10, 195, 195, 194, 193, 195, 195, 194, 194, 193, 193, 190, 189, 188, 187, 187, 188, 187, 190, 190, 195, 194, 198, 201, 192
2010,14218010,218,CH4 ,10PPBC, 3,11, 194, 200, 206, 199, 195, 195, 201, 190, 191, 189, 188, 187, 187, 186, 185, 185, 185, 188, 191, 194, 192, 193, 197, 197
2010,14218010,218,CH4 ,10PPBC, 3,12, 196, 228, 232, 199, 217, 204, 213, 197, 194, 192, 190, 189, 189, 188, 189, 189, 190, 191, 192, 194, 191, 190, 191, 249
2010,14218010,218,CH4 ,10PPBC, 3,13, 217, 201, 196, 200, 202, 213, 200, 194, 189, 191, 190, 189, 189, 189, 189, 188, 187, 187, 187, 187, 187, 193, 222, 216
2010,14218010,218,CH4 ,10PPBC, 3,14, 210, 202, 227, 214, 220, 215, 204, 196, 191, 186, 185, 184, 183, 182, 182, 182, 182, 184, 183, 183, 183, 184, 184, 186
2010,14218010,218,CH4 ,10PPBC, 3,15, 205, 208, 218, 203, 190, 192, 193, 191, 191, 190, 189, 189, 190, 188, 190, 193, 192, 188, 188, 190, 191, 192, 191, 192
2010,14218010,218,CH4 ,10PPBC, 3,16, 201, 194, 189, 190, 188, 189, 189, 189, 188, 187, 186, 185, 184, 187, 187, 189, 189, 191, 193, 193, 192, 192, 193, 192
2010,14218010,218,CH4 ,10PPBC, 3,17, 190, 194, 191, 191, 197, 198, 192, 193, 193, 192, 191, 190, 188, 188, 187, 187, 186, 188, 188, 189, 192, 193, 194, 194
2010,14218010,218,CH4 ,10PPBC, 3,18, 194, 190, 192, 192, 194, 192, 203, 194, 193, 190, 190, 189, 189, 187, 187, 187, 186, 187, 186, 186, 188, 188, 188, 189
2010,14218010,218,CH4 ,10PPBC, 3,19, 189, 188, 189, 188, 186, 187, 188, 188, 186, 185, 184, 184, 184, 183, 183, 183, 184, 183, 184, 187, 196, 198, 199, 230
2010,14218010,218,CH4 ,10PPBC, 3,20, 205, 198, 193, 189, 194, 211, 195, 187, 186, 188, 187, 187, 188, 187, 187, 184, 183, 182, 182, 182, 181, 181, 181, 181
2010,14218010,218,CH4 ,10PPBC, 3,21, 183, 181, 180, 180, 180, 180, 189, 193, 195, 195, 192, 188, 188, 188, 189, 188, 189, 192, 189, 189, 190, 189, 190, 189
2010,14218010,218,CH4 ,10PPBC, 3,22, 192, 188, 187, 187, 190, 191, 191, 191, 194, 194, 194, 196, 195,9999, 193, 195, 194, 191, 189, 192, 194, 198, 199, 197
2010,14218010,218,CH4 ,10PPBC, 3,23, 200, 197, 194, 190, 188, 188, 189, 189, 189, 190, 190, 189, 189, 189, 189, 191, 191, 191, 191, 191, 194, 192, 193, 190
2010,14218010,218,CH4 ,10PPBC, 3,24, 195, 191, 192, 200, 201, 195, 193, 192, 193, 190, 193, 191, 190, 190, 188, 187, 186, 187, 194, 188, 187, 190, 202, 195
2010,14218010,218,CH4 ,10PPBC, 3,25, 194, 200, 203, 210, 216, 194, 198, 195, 194, 196, 192, 189, 187, 186, 186, 186, 186, 186, 186, 186, 190, 194, 191, 220
2010,14218010,218,CH4 ,10PPBC, 3,26, 196, 197, 194, 193, 204, 203, 197, 194, 191, 189, 189, 188, 189, 191, 189, 190, 189, 190, 192, 193, 192, 192, 190, 193
2010,14218010,218,CH4 ,10PPBC, 3,27, 193, 192, 189, 190, 194, 205, 202, 192, 191, 190, 189, 188, 188, 187, 186, 186, 186, 187, 188, 189, 189, 192, 194, 190
2010,14218010,218,CH4 ,10PPBC, 3,28, 188, 195, 197, 197, 193, 199, 202, 194, 192, 190, 189,9999, 188, 189, 190, 188, 187, 185, 186, 190, 191, 193, 194, 192
2010,14218010,218,CH4 ,10PPBC, 3,29, 190, 210, 201, 199, 205, 200, 202, 196, 192, 189, 188, 187, 186, 186, 186, 185, 185, 186, 188, 188, 189, 196, 197, 204
2010,14218010,218,CH4 ,10PPBC, 3,30, 199, 198, 196, 190, 189, 188, 192, 193, 192, 189, 188, 188, 189, 187, 186, 186, 185, 184, 185, 190, 205, 207, 190, 190
2010,14218010,218,CH4 ,10PPBC, 3,31, 190, 190, 190, 188, 191, 196, 198, 189, 188, 188, 188, 187, 187, 187, 186, 186, 186, 190, 193, 195, 190, 191, 197, 196
2010,14401010,401,CH4 ,10PPBC, 4, 1, 195, 195, 195, 192, 191, 191, 188, 187, 188, 192, 192, 188, 186, 185, 185, 185, 185, 184, 184, 185, 185, 185, 184, 184
2010,14401010,401,CH4 ,10PPBC, 4, 2, 184, 184, 184, 184, 184, 183, 183, 183, 183, 183, 183, 186, 187, 187, 187, 187, 189, 193, 197, 194, 191, 192, 192, 192
2010,14401010,401,CH4 ,10PPBC, 4, 3, 191, 189, 189, 189, 189, 191, 191, 190, 190, 190, 190, 190, 190, 189, 188, 188, 188, 189, 190, 190, 190, 191, 191, 191
2010,14401010,401,CH4 ,10PPBC, 4, 4, 191, 191, 191, 191, 191, 191, 190, 191, 192, 192, 192, 193, 192, 192, 192, 193, 194, 195, 193, 194, 192, 192, 191, 192
2010,14401010,401,CH4 ,10PPBC, 4, 5, 191, 191, 191, 192, 191, 191, 191, 190, 190, 190, 191, 191, 191, 192, 192, 192, 192, 192, 193, 194, 191, 192, 192, 191
2010,14401010,401,CH4 ,10PPBC, 4, 6, 191, 189, 189, 189, 189, 191, 192, 193, 191, 189, 189, 187, 187, 187, 187, 187, 186, 187, 188, 191, 193, 191, 189, 188
2010,14401010,401,CH4 ,10PPBC, 4, 7, 190, 190, 188, 186, 189, 190, 190, 188, 190, 190, 190, 191, 191,9999,9999, 191, 198, 196, 192, 191, 191, 191, 191, 192
2010,14401010,401,CH4 ,10PPBC, 4, 8, 192, 192, 192, 193, 193, 192, 192, 192, 192, 191, 191, 191, 191, 191, 190, 191, 192, 191, 191, 192, 192, 192, 192, 195
2010,14401010,401,CH4 ,10PPBC, 4, 9, 195, 197, 195, 194, 193, 193, 193, 193, 193, 193, 192, 192, 191, 189, 188, 188, 189, 188, 188, 188, 188, 190, 193, 194
2010,14401010,401,CH4 ,10PPBC, 4,10, 191, 191, 190, 188, 188, 188, 187, 188, 189, 188, 188, 188, 189, 189, 186, 187, 189, 188, 188, 187, 188, 188, 190, 191
2010,14401010,401,CH4 ,10PPBC, 4,11, 191, 191, 190, 188, 189, 191, 189, 188, 187, 188, 188, 188, 187, 188, 187, 189, 189, 190, 191, 189, 189, 190, 190, 190
2010,14401010,401,CH4 ,10PPBC, 4,12, 189, 190, 189, 189, 189, 188, 188, 188, 188, 189, 189, 190, 190, 190, 189, 190, 190, 189, 189, 189, 188, 188, 189, 189
2010,14401010,401,CH4 ,10PPBC, 4,13, 188, 188, 187, 188, 187, 187, 188, 187, 187, 188, 186, 186, 185, 185,9999,9999, 186, 186, 190, 190, 190, 191, 193, 194
2010,14401010,401,CH4 ,10PPBC, 4,14, 194, 190, 190, 190, 190, 190, 190, 190, 191, 190, 191, 191, 190, 191, 191, 191, 191, 191, 191, 192, 191, 192, 192, 191
2010,14401010,401,CH4 ,10PPBC, 4,15, 191, 191, 191, 190, 190, 190, 190, 190, 190, 190, 191, 191, 191, 191, 192, 192, 192, 192, 194, 197, 197, 196, 196, 195
2010,14401010,401,CH4 ,10PPBC, 4,16, 194, 193, 192, 191, 191, 192, 192, 191, 191, 191, 192, 192, 191, 192, 192, 191, 192, 192, 191, 191, 191, 190, 191, 191
2010,14401010,401,CH4 ,10PPBC, 4,17, 191, 190, 190, 190, 189, 189, 189, 189, 189, 191, 191, 190, 190, 190, 190, 190, 190, 190, 191, 193, 193, 193, 194, 197
2010,14401010,401,CH4 ,10PPBC, 4,18, 199, 201, 197, 193, 192, 195, 194, 192, 192, 190, 191, 191, 191, 191, 193, 191, 190, 190, 190, 191, 191, 193, 197, 197
2010,14401010,401,CH4 ,10PPBC, 4,19, 197, 193, 193, 191, 191, 192, 193, 190, 190, 192, 192, 192, 190, 190, 190, 191, 190, 190, 191, 193, 193, 197, 196, 198
2010,14401010,401,CH4 ,10PPBC, 4,20, 197, 196, 196, 198, 197, 196, 195, 192, 194, 187, 186, 187, 186,9999,9999,9999, 185, 186, 186, 187, 187, 187, 187, 188
2010,14401010,401,CH4 ,10PPBC, 4,21, 185, 188, 188, 185, 185, 184, 183, 184, 184, 185, 186, 185, 185, 184, 184, 184, 184, 185, 186, 186, 186, 187, 188, 189
2010,14401010,401,CH4 ,10PPBC, 4,22, 189, 191, 193, 192, 191, 192, 192, 192, 192, 191, 191, 190, 190, 190, 190, 191, 191, 191, 190, 190, 190, 189, 190, 190
2010,14401010,401,CH4 ,10PPBC, 4,23, 190, 190, 191, 191, 192, 190, 190, 191, 191, 190, 190, 190, 189, 189, 189, 189, 190, 190, 191, 191, 191, 190, 191, 191
2010,14401010,401,CH4 ,10PPBC, 4,24, 193, 194, 194, 194, 194, 193, 192, 191, 191, 190, 189, 188, 188, 189, 190, 190, 190, 190, 190, 189, 190, 190, 193, 193
2010,14401010,401,CH4 ,10PPBC, 4,25, 193, 193, 190, 190, 189, 191, 190, 189, 189, 189, 189, 190, 191, 190, 189, 190, 189, 189, 189, 189, 189, 190, 191, 192
2010,14401010,401,CH4 ,10PPBC, 4,26, 190, 190, 190, 191, 191, 190, 190, 190, 189, 189,9999,9999, 189, 189, 192, 189, 189, 188, 188, 188, 189, 193, 192, 195
2010,14401010,401,CH4 ,10PPBC, 4,27, 191, 191, 190, 190, 190, 190, 190, 190, 189, 190, 190, 190, 191, 190, 191, 190, 190, 190, 189, 192, 193, 194, 196, 195
2010,14401010,401,CH4 ,10PPBC, 4,28, 193, 190, 190, 190, 189, 189, 193, 190, 189, 189, 187, 187, 187, 187, 187, 188, 187, 187, 188, 188, 187, 187, 190, 191
2010,14401010,401,CH4 ,10PPBC, 4,29, 189, 191, 189, 188, 186, 187, 187, 187, 186, 186, 184, 184, 185, 185, 185, 186, 186, 187, 188, 188, 189, 191, 188, 189
2010,14401010,401,CH4 ,10PPBC, 4,30, 189, 189, 189, 189, 190, 190, 191, 188, 188, 189, 189, 189, 189, 188, 188, 188, 188, 188, 189, 191, 189, 189, 190, 190
2010,14401010,401,CH4 ,10PPBC, 4,31,9998,9998,9998,9998,9998,9998,9998,9998,9998,9998,9998,9998,9998,9998,9998,9998,9998,9998,9998,9998,9998,9998,9998,9998
2010,14401010,401,CH4 ,10PPBC, 5, 1, 192, 193, 190, 190, 189, 189, 190, 190, 190, 189, 189, 189, 189, 189, 188, 188, 188, 188, 189, 190, 193, 192, 190, 191
2010,14401010,401,CH4 ,10PPBC, 5, 2, 191, 191, 191, 191, 190, 191, 190, 189, 190, 190, 190, 189, 189, 189, 189, 189, 189, 189, 189, 193, 194, 196, 195, 195
2010,14401010,401,CH4 ,10PPBC, 5, 3, 191, 192, 190, 191, 190, 190, 192, 190, 189, 189, 189, 189, 189, 188, 187, 187, 187, 187, 187, 189, 192, 194, 193, 195
2010,14401010,401,CH4 ,10PPBC, 5, 4, 194, 195, 194, 194, 195, 191, 188, 190, 188, 188, 188, 188, 187, 186, 186, 187, 188, 189, 189, 189, 192, 196, 199, 197
2010,14401010,401,CH4 ,10PPBC, 5, 5, 198, 194, 195, 191, 193, 190, 189, 186, 185, 185, 187, 189, 189, 187, 187, 187, 186, 186, 186, 193, 190, 193, 193, 190
2010,14401010,401,CH4 ,10PPBC, 5, 6, 194, 193, 191, 192, 191, 194, 189, 187, 187, 186, 183, 182, 182, 182, 182, 181, 181, 180, 181, 181, 181, 181, 182, 182
2010,14401010,401,CH4 ,10PPBC, 5, 7, 182, 182, 182, 182, 182, 182, 181, 181, 181,9999, 181, 181, 180, 180, 180, 180, 180, 179, 180, 182, 184, 184, 185, 183
2010,14401010,401,CH4 ,10PPBC, 5, 8, 183, 182, 183, 184, 182, 183, 183, 182, 184, 185, 186, 185, 186, 186, 186, 186, 185, 185, 185, 186, 186, 187, 193, 191
2010,14401010,401,CH4 ,10PPBC, 5, 9, 192, 190, 190, 189, 188, 187, 186, 185, 186, 187, 187, 187, 187, 189, 189, 189, 188, 189, 190, 191, 194, 196, 193, 190
2010,14401010,401,CH4 ,10PPBC, 5,10, 189, 189, 189, 189, 190, 190, 191, 188, 188, 189, 188, 187, 188, 188, 187, 188, 188, 188, 187, 189, 190, 191, 191, 190
2010,14401010,401,CH4 ,10PPBC, 5,11, 190, 193, 187, 188, 188, 189, 187, 188, 187, 187, 190, 185, 184, 184, 185, 187, 187, 187, 187, 189, 190, 188, 186, 186
2010,14401010,401,CH4 ,10PPBC, 5,12, 186, 186, 188, 189, 189, 191, 189, 188, 188, 189, 188, 188,9999,9999,9999, 187, 187, 187, 188, 189, 191, 193, 195, 195
2010,14401010,401,CH4 ,10PPBC, 5,13, 196, 196, 194, 190, 188, 188, 187, 187, 188, 187, 188, 187, 187, 187, 187, 187, 188, 187, 187, 187, 187, 187, 188, 188
2010,14401010,401,CH4 ,10PPBC, 5,14, 188, 187, 187, 187, 189, 187, 188, 187, 188, 186, 186, 186, 186, 185, 187, 188, 188, 189, 189, 189, 189, 190, 190, 190
2010,14401010,401,CH4 ,10PPBC, 5,15, 190, 187, 188, 190, 190, 188, 186, 187, 186, 186, 186, 186, 186, 188, 188, 187, 188, 188, 187, 186, 186, 188, 190, 191
2010,14401010,401,CH4 ,10PPBC, 5,16, 189, 187, 189, 190, 194, 193, 188, 190, 188, 187, 186, 185, 185, 184, 184, 184, 184, 184, 185, 185, 189, 189, 187, 186
2010,14401010,401,CH4 ,10PPBC, 5,17, 185, 186, 188, 187, 191, 188, 187, 186, 185, 186, 187, 187, 186, 186, 185, 184, 184, 184, 185, 186, 188, 194, 192, 194
2010,14401010,401,CH4 ,10PPBC, 5,18, 191, 188, 189, 187, 189, 188, 191, 188, 187, 186, 185, 185, 184, 184, 184, 184, 184, 184, 184, 184, 185, 187, 185, 190
2010,14401010,401,CH4 ,10PPBC, 5,19, 190, 192, 191, 191, 192, 191, 191, 186, 184, 183, 184, 184, 183,9999,9999, 184, 184, 184, 184, 184, 184, 185, 184, 184
2010,14401010,401,CH4 ,10PPBC, 5,20, 184, 184, 184, 184, 183, 184, 184, 184, 183, 183, 184, 184, 186, 186, 187, 188, 187, 186, 187, 187, 186, 187, 186, 187
2010,14401010,401,CH4 ,10PPBC, 5,21, 187, 187, 191, 192, 192, 192, 188, 188, 188, 188, 189, 188, 188, 186, 187, 187, 187, 188, 189, 191, 192, 191, 190, 189
2010,14401010,401,CH4 ,10PPBC, 5,22, 189, 193, 190, 188, 190, 192, 193, 190, 189, 190, 191, 190, 190, 193, 193, 192, 190, 189, 189, 189, 189, 189, 188, 188
2010,14401010,401,CH4 ,10PPBC, 5,23, 188, 189, 190, 193, 196, 194, 195, 190, 191, 189, 188, 188, 188, 187, 189, 189, 188, 189, 188, 189, 189, 188, 187, 188
2010,14401010,401,CH4 ,10PPBC, 5,24, 188, 194, 190, 191, 190, 189, 189, 189, 190, 191, 190, 188, 187, 186, 186, 186, 188, 188, 188, 189, 188, 187, 185, 185
2010,14401010,401,CH4 ,10PPBC, 5,25, 185, 189, 190, 192, 190, 192, 189, 189, 187, 187, 186, 186, 187, 187, 187, 187, 187, 189, 190, 191, 191, 190, 189, 188
2010,14401010,401,CH4 ,10PPBC, 5,26, 189, 188, 188, 191, 191, 190, 189, 189, 189, 189,9999, 188, 187, 186, 187, 187, 187, 188, 189, 188, 190, 188, 188, 188
2010,14401010,401,CH4 ,10PPBC, 5,27, 188, 188, 188, 189, 190, 190, 190, 190, 190, 189, 188, 187, 186, 186, 186, 186, 186, 186, 187, 189, 188, 191, 189, 188
2010,14401010,401,CH4 ,10PPBC, 5,28, 188, 189, 188, 188, 188, 190, 187, 186, 186, 185, 185, 185, 185, 186, 186, 186, 187, 187, 186, 185, 185, 186, 186, 187
2010,14401010,401,CH4 ,10PPBC, 5,29, 188, 187, 189, 188, 188, 188, 188, 188, 188, 189, 189, 189, 189, 189, 188, 188, 189, 189, 189, 188, 188, 188, 188, 187
2010,14401010,401,CH4 ,10PPBC, 5,30, 187, 187, 187, 186, 186, 186, 188, 186, 187, 187, 187, 186, 187, 187, 187, 187, 188, 189, 189, 190, 189, 191, 191, 189
2010,14401010,401,CH4 ,10PPBC, 5,31, 191, 191, 190, 190, 190, 189, 189, 188, 188, 188, 188, 188, 191, 192, 191, 188, 188, 187, 187, 186, 186, 188, 188, 188
2010,14401010,401,CH4 ,10PPBC, 6, 1, 190, 194, 194, 196, 195, 190, 190, 189, 189, 188, 188, 187, 187,9999,9999, 189, 189, 188, 186, 186, 186, 188, 196, 193
2010,14401010,401,CH4 ,10PPBC, 6, 2, 195, 195, 190, 189, 192, 190, 191, 193, 193, 193, 193, 192, 189, 192, 192, 190, 189, 188, 188, 186, 186, 189, 195, 196
2010,14401010,401,CH4 ,10PPBC, 6, 3, 196, 198, 192, 193, 191, 192, 192, 188, 189, 189, 189, 189, 187, 186, 185, 185, 185, 184, 184, 184, 184, 188, 190, 189
2010,14401010,401,CH4 ,10PPBC, 6, 4, 190, 189, 186, 188, 188, 191, 187, 186, 186, 187, 187, 186, 185, 184, 185, 184, 184, 184, 185, 185, 185, 185, 185, 186
2010,14401010,401,CH4 ,10PPBC, 6, 5, 186, 187, 188, 186, 185, 186, 187, 186, 187, 188, 190, 188, 188, 187, 187, 190, 190, 188, 189, 188, 188, 188, 189, 192
2010,14401010,401,CH4 ,10PPBC, 6, 6, 191, 189, 189, 189, 193, 195, 193, 189, 189, 189, 188, 189, 190, 188, 188, 187, 186, 186, 185, 185, 186, 185, 186, 188
2010,14401010,401,CH4 ,10PPBC, 6, 7, 189, 192, 193, 190, 190, 192, 187, 188, 189, 190, 190, 190, 190, 188, 186, 186, 185, 185, 186, 185, 185, 185, 185, 187
2010,14401010,401,CH4 ,10PPBC, 6, 8, 195, 190, 195, 196, 192, 190, 190, 189, 187, 187, 187, 187, 189, 190, 191, 192, 192, 189, 194, 191, 191, 190, 190, 189
2010,14401010,401,CH4 ,10PPBC, 6, 9, 189, 188, 188, 188, 187, 186, 186, 186, 186, 186,9999,9999, 188, 189, 189, 190, 190, 190, 191, 192, 196, 194, 188, 188
2010,14401010,401,CH4 ,10PPBC, 6,10, 188, 189, 189, 189, 188, 188, 186, 185, 187, 189, 189, 189, 188, 187, 187, 188, 187, 186, 186, 185, 184, 183, 186, 187
2010,14401010,401,CH4 ,10PPBC, 6,11, 191, 192, 188, 189, 191, 196, 194, 192, 190, 190, 189, 189, 188, 188, 187, 185, 185, 185, 184, 184, 184, 185, 186, 188
2010,14401010,401,CH4 ,10PPBC, 6,12, 188, 188, 189, 189, 190, 189, 186, 186, 186, 186, 186, 185, 184, 184, 184, 184, 183, 183, 183, 184, 186, 184, 188, 193
2010,14401010,401,CH4 ,10PPBC, 6,13, 191, 192, 190, 189, 187, 188, 186, 187, 184, 183, 183, 183, 182, 182, 182, 182, 183, 183, 183, 183, 183, 183, 183, 183
2010,14401010,401,CH4 ,10PPBC, 6,14, 184, 187, 186, 185, 184, 185, 184, 184, 184, 184, 185, 185, 185, 187, 187, 186, 186, 186, 186, 185, 184, 184, 184, 186
2010,14401010,401,CH4 ,10PPBC, 6,15, 187, 187, 189, 190, 187, 186, 187, 186, 185, 186, 185, 184, 184, 184, 185, 185, 185, 186, 187, 188, 188, 186, 184, 185
2010,14401010,401,CH4 ,10PPBC, 6,16, 185, 187, 187, 186, 188, 187, 184, 181, 183, 185, 185, 179, 177, 178, 178, 181, 185, 187, 187, 190, 190, 189, 191, 191
2010,14401010,401,CH4 ,10PPBC, 6,17, 194, 191, 192, 186, 186, 190, 191, 188, 187, 188, 188, 187, 185, 187,9999,9999,9999, 189, 188, 187, 191, 194, 195, 191
2010,14401010,401,CH4 ,10PPBC, 6,18, 191, 190, 195, 191, 188, 189, 187, 189, 189, 189, 190, 190, 190, 189, 182, 178, 179, 182, 183, 184, 185, 186, 187, 188
2010,14401010,401,CH4 ,10PPBC, 6,19, 189, 191, 189, 188, 188, 187, 188, 188, 188, 189, 189, 187, 188, 186, 184, 183, 184, 186, 187, 188, 187, 190, 194, 195
2010,14401010,401,CH4 ,10PPBC, 6,20, 194, 194, 193, 193, 195, 194, 194, 193,9999,9999,9999,9999,9999,9999, 180, 182, 183, 185, 184, 181, 180, 180, 181, 186
2010,14401010,401,CH4 ,10PPBC, 6,21, 187, 187, 186, 181, 183, 187, 188, 183, 183, 183, 186, 185, 178, 178, 179, 178, 180, 180, 181, 183, 185, 183, 188, 184
2010,14401010,401,CH4 ,10PPBC, 6,22, 184, 186, 190, 187, 185, 184, 185, 184, 186, 190, 192, 189, 189, 194, 192, 183, 181, 180, 179, 181, 184, 185, 189, 188
2010,14401010,401,CH4 ,10PPBC, 6,23, 184, 185, 190, 188, 191, 187, 183, 181, 178, 177, 176, 177, 176, 179, 186, 186, 186, 186, 186, 184, 187, 189, 192, 190
2010,14401010,401,CH4 ,10PPBC, 6,24, 191, 188, 188, 189, 190, 186, 190, 189, 189,9999,9999, 187, 187, 187, 188, 190, 194, 197, 195, 197, 197, 204, 203, 200
2010,14401010,401,CH4 ,10PPBC, 6,25, 197, 196, 192, 190, 190, 190, 190, 191, 188, 187, 189, 190, 190, 189, 190, 191, 187, 187, 189, 188, 195, 196, 192, 197
2010,14401010,401,CH4 ,10PPBC, 6,26, 202, 194, 190, 195, 196, 190, 191, 193, 192, 191, 186, 180, 179, 179, 179, 179, 178, 178, 178, 178, 178, 178, 178, 178
2010,14401010,401,CH4 ,10PPBC, 6,27, 177, 177, 177, 177, 177, 177, 177, 177, 190, 187, 182, 179, 180, 178, 177, 177, 177, 178, 178, 180, 181, 185, 183, 179
2010,14401010,401,CH4 ,10PPBC, 6,28, 180, 181, 182, 188, 183, 181, 179, 179, 181, 184, 184, 188, 189, 188, 186, 188, 189, 188, 185, 188, 191, 191, 191, 190
2010,14401010,401,CH4 ,10PPBC, 6,29, 189, 189, 189, 192, 192, 188, 185, 186, 187, 188, 189, 194, 218, 213, 204, 191, 188, 188, 187, 188, 186, 185, 187, 184
2010,14401010,401,CH4 ,10PPBC, 6,30, 182, 180, 181, 181, 181, 181, 181, 182, 181, 181, 182, 182, 182, 182, 183, 183, 184, 183, 183, 184, 185, 185, 185, 187
2010,14401010,401,CH4 ,10PPBC, 6,31,9998,9998,9998,9998,9998,9998,9998,9998,9998,9998,9998,9998,9998,9998,9998,9998,9998,9998,9998,9998,9998,9998,9998,9998
2010,14401010,401,CH4 ,10PPBC, 7, 1, 192, 195, 188, 188, 194, 193, 189, 186, 191, 196, 190, 187, 183, 181, 180,9999, 177, 177, 178, 180, 181, 181, 182, 184
2010,14401010,401,CH4 ,10PPBC, 7, 2, 184, 183, 183, 187, 191, 188, 189, 185, 184, 184, 184, 185, 183, 180, 179, 178, 178, 179, 180, 183, 182, 184, 186, 185
2010,14401010,401,CH4 ,10PPBC, 7, 3, 186, 186, 190, 190, 185, 188, 187, 187, 186, 186, 187, 187, 186, 185, 181, 181, 181, 180, 180, 179, 181, 186, 183, 189
2010,14401010,401,CH4 ,10PPBC, 7, 4, 185, 185, 187, 189, 191, 187, 184, 184, 183, 184, 185, 184, 185, 184, 183, 184, 183, 183, 183, 186, 189, 190, 193, 194
2010,14401010,401,CH4 ,10PPBC, 7, 5, 191, 190, 188, 190, 187, 190, 195, 196, 196, 197, 199, 193, 188, 188, 189, 188, 187, 184, 185, 190, 189, 189, 190, 192
2010,14401010,401,CH4 ,10PPBC, 7, 6, 192, 198, 193, 189, 189, 189, 189, 188, 189, 192, 191, 191, 190, 189, 187, 187, 187, 188, 190, 192, 193, 194, 202, 194
2010,14401010,401,CH4 ,10PPBC, 7, 7, 195, 193, 194, 198, 196, 192, 191, 191, 190, 190, 191, 192, 194, 196, 194, 193, 192, 189, 187, 187, 187, 187, 189, 188
2010,14401010,401,CH4 ,10PPBC, 7, 8, 192, 192, 193, 195, 195, 189, 188, 190, 187,9999,9999, 184, 184, 186, 187, 188, 189, 189, 188, 188, 192, 190, 191, 196
2010,14401010,401,CH4 ,10PPBC, 7, 9, 196, 200, 201, 198, 198, 194, 192, 188, 189, 191, 193, 189, 187, 184, 182, 182, 180, 181, 180, 179, 178, 179, 177, 178
2010,14401010,401,CH4 ,10PPBC, 7,10, 182, 182, 187, 185, 183, 183, 183, 182, 182, 183, 183, 182, 182, 182, 183, 183, 184, 187, 188, 190, 189, 189, 187, 187
2010,14401010,401,CH4 ,10PPBC, 7,11, 189, 193, 196, 195, 194, 193, 193, 189, 189, 189, 189, 190, 186, 184, 183, 180, 179, 176, 176, 175, 175, 175, 174, 174
2010,14401010,401,CH4 ,10PPBC, 7,12, 174, 174, 174, 174, 174, 174, 174, 174, 174, 174, 174, 174, 174, 174, 174, 174, 175, 174, 174, 175, 175, 176, 179, 181
2010,14401010,401,CH4 ,10PPBC, 7,13, 182, 185, 186, 187, 186, 193, 191, 194, 195, 195, 188, 190, 189, 189, 190, 189, 189, 189, 189, 189, 190, 191, 192, 192
2010,14401010,401,CH4 ,10PPBC, 7,14, 191, 191, 192, 193, 194, 195, 194, 193, 188, 179, 176, 176, 175, 175, 176, 176, 176, 176, 176, 176, 176, 178, 182, 182
2010,14401010,401,CH4 ,10PPBC, 7,15, 181, 177, 178, 178, 177, 176, 177, 180, 182, 177, 176, 175, 176,9999,9999,9999, 175, 175, 175, 175, 177, 177, 177, 180
2010,14401010,401,CH4 ,10PPBC, 7,16, 182, 186, 185, 190, 189, 185, 183, 186, 185, 180, 176, 176, 176, 175, 175, 175, 176, 176, 176, 178, 182, 186, 185, 189
2010,14401010,401,CH4 ,10PPBC, 7,17, 185, 180, 189, 187, 185, 184, 185, 181, 181, 179, 176, 175, 176, 176, 177, 176, 176, 176, 177, 178, 179, 188, 188, 182
2010,14401010,401,CH4 ,10PPBC, 7,18, 182, 186, 188, 182, 187, 184, 182, 180, 179, 178, 177, 176, 176, 176, 176, 175, 176, 176, 177, 178, 183, 187, 188, 187
2010,14401010,401,CH4 ,10PPBC, 7,19, 189, 185, 187, 190, 186, 186, 183, 179, 179, 179, 178, 177, 177, 177, 177, 177, 178, 178, 178, 184, 181, 182, 183, 182
2010,14401010,401,CH4 ,10PPBC, 7,20, 184, 186, 187, 182, 186, 186, 181, 182, 182, 181, 182, 183, 180, 178, 178, 178, 177, 178, 179, 180, 182, 187, 187, 187
2010,14401010,401,CH4 ,10PPBC, 7,21, 184, 186, 186, 190, 190, 189, 181, 178, 179, 182,9999,9999,9999, 185, 186, 186, 186, 185, 180, 180, 182, 186, 189, 189
2010,14401010,401,CH4 ,10PPBC, 7,22, 190, 189, 194, 186, 185, 184, 182, 182, 185, 186, 186, 184, 183, 180, 179, 179, 179, 179, 179, 177, 177, 179, 181, 182
2010,14401010,401,CH4 ,10PPBC, 7,23, 181, 180, 180, 182, 182, 181, 181, 183, 184, 183, 182, 181, 182, 186, 186, 186, 184, 182, 180, 179, 179, 180, 184, 186
2010,14401010,401,CH4 ,10PPBC, 7,24, 183, 185, 188, 186, 185, 184, 183, 181, 182, 183, 184, 183, 184, 185, 184, 183, 182, 180, 179, 183, 186, 184, 181, 180
2010,14401010,401,CH4 ,10PPBC, 7,25, 179, 180, 180, 183, 184, 185, 181, 179, 180, 179, 179, 179, 180, 178, 178, 177, 178, 179, 178, 178, 178, 178, 182, 181
2010,14401010,401,CH4 ,10PPBC, 7,26, 180, 179, 178, 178, 178, 179, 180, 180, 181, 182, 182, 181, 180, 177, 178, 177, 178, 179, 179,9999, 175, 175, 175, 177
2010,14401010,401,CH4 ,10PPBC, 7,27, 180, 180, 180, 182, 180, 180, 179, 177, 176, 176, 175, 174, 173,9999,9999, 176, 177, 176, 177, 179, 180, 183, 181, 185
2010,14401010,401,CH4 ,10PPBC, 7,28, 180, 179, 179, 182, 181, 179, 183, 178, 177, 176, 176, 177, 177, 176, 177, 177, 176, 176, 177, 177, 178, 178, 178, 179
2010,14401010,401,CH4 ,10PPBC, 7,29, 179, 179, 179, 179, 179, 178, 177, 178, 178, 178, 178, 177, 176, 176, 176, 175, 175, 175, 175, 176, 176, 175, 175, 175
2010,14401010,401,CH4 ,10PPBC, 7,30, 174, 174, 174, 174, 175, 174, 174, 175, 175, 175, 175, 174, 173, 174, 175, 174, 175, 175, 176, 177, 178, 183, 182, 182
2010,14401010,401,CH4 ,10PPBC, 7,31, 180, 182, 181, 182, 182, 181, 182, 180, 180, 178, 179, 180, 180, 179, 178, 178, 179, 180, 181, 182, 189, 185, 186, 186
2010,14401010,401,CH4 ,10PPBC, 8, 1, 184, 183, 182, 181, 183, 181, 183, 182, 181, 183, 184, 184, 181, 180, 181, 182, 182, 181, 181, 180, 179, 179, 179, 179
2010,14401010,401,CH4 ,10PPBC, 8, 2, 179, 181, 181, 183, 188, 184, 184, 180, 175, 175, 175, 175, 175, 174, 174, 174, 174, 174, 175, 175, 176, 176, 176, 176
2010,14401010,401,CH4 ,10PPBC, 8, 3, 176, 176, 176, 176, 176, 176, 176, 176, 175, 175, 175, 175, 175, 175, 174, 174, 175, 174, 174, 174, 175, 175, 175, 175
2010,14401010,401,CH4 ,10PPBC, 8, 4, 176, 176, 176, 177, 178, 177, 178, 177, 176, 176, 175, 175, 175, 174, 174, 175, 174, 175, 175, 175, 176, 177, 180, 182
2010,14401010,401,CH4 ,10PPBC, 8, 5, 177, 182, 183, 184, 181, 182, 183, 176, 176,9999,9999, 174, 174, 174, 174, 174, 174, 174, 175, 175, 177, 184, 180, 183
2010,14401010,401,CH4 ,10PPBC, 8, 6, 181, 182, 187, 183, 180, 181, 179, 179, 178, 176, 175, 175, 175, 174, 175, 175, 175, 175, 176, 177, 177, 177, 178, 178
2010,14401010,401,CH4 ,10PPBC, 8, 7, 178, 183, 186, 185, 184, 183, 183, 180, 178, 179, 179, 180, 180, 180, 179, 179, 179, 178, 177, 177, 178, 182, 187, 186
2010,14401010,401,CH4 ,10PPBC, 8, 8, 185, 186, 185, 183, 182, 180, 179, 180, 180, 180, 180, 180, 178, 177, 176, 176, 176, 176, 176, 175, 176, 176, 176, 175
2010,14401010,401,CH4 ,10PPBC, 8, 9, 175, 175, 176, 178, 178, 179, 178, 177, 177, 178, 178, 176, 175, 175, 175, 174, 175, 175, 175, 174, 174, 174, 175, 176
2010,14401010,401,CH4 ,10PPBC, 8,10, 175, 176, 176, 178, 179, 178, 179, 179, 176, 176, 175, 174, 174, 173, 173, 173, 174, 174, 175, 175, 175, 176, 175, 176
2010,14401010,401,CH4 ,10PPBC, 8,11, 177, 176, 175, 175, 175, 176, 176, 176, 175, 174, 174, 173, 173, 173, 173, 173, 173, 173, 173, 173, 174, 174, 174, 175
2010,14401010,401,CH4 ,10PPBC, 8,12, 173, 174, 174, 173, 173, 174, 174, 173, 174,9999,9999, 175, 175, 177, 177, 176, 177, 179, 180, 181, 182, 187, 185, 184
2010,14401010,401,CH4 ,10PPBC, 8,13, 181, 179, 185, 181, 183, 184, 181, 181, 179, 181, 183, 182, 183, 190, 188, 188, 187, 187, 185, 185, 186, 188, 189, 195
2010,14401010,401,CH4 ,10PPBC, 8,14, 193, 191, 189, 190, 193, 193, 189, 188, 188, 188, 188, 186, 183, 179, 179, 179, 179, 179, 180, 183, 187, 187, 187, 187
2010,14401010,401,CH4 ,10PPBC, 8,15, 192, 191, 188, 191, 190, 189, 187, 186, 185, 183, 183, 183, 179, 179, 179, 180, 182, 182, 183, 181, 180, 184, 183, 182
2010,14401010,401,CH4 ,10PPBC, 8,16, 182, 181, 185, 186, 182, 182, 183, 181, 181, 180, 181, 182, 182, 182, 181, 181, 181, 181, 183, 184, 184, 186, 188, 191
2010,14401010,401,CH4 ,10PPBC, 8,17, 184, 185, 182, 183, 182, 182, 183, 183, 187, 188, 187, 186, 185, 185, 184, 182, 190, 188, 180, 178, 177, 180, 182, 184
2010,14401010,401,CH4 ,10PPBC, 8,18, 182, 183, 183, 184, 184, 182, 183, 184, 181, 182,9999,9999, 182, 181, 182, 182, 179, 180, 180, 180, 180, 183, 185, 184
2010,14401010,401,CH4 ,10PPBC, 8,19, 182, 182, 183, 182, 182, 184, 184, 184, 185, 184, 184, 184, 184, 184, 184, 184, 185, 184, 184, 182, 183, 183, 185, 191
2010,14401010,401,CH4 ,10PPBC, 8,20, 188, 187, 188, 189, 190, 191, 190, 190, 189, 189, 189, 188, 187, 187, 188, 189, 191, 193, 190, 187, 187, 186, 186, 188
2010,14401010,401,CH4 ,10PPBC, 8,21, 191, 191, 194, 196, 195, 192, 192, 189, 189, 189, 189, 188, 188, 189, 188, 186, 185, 185, 185, 184, 184, 186, 191, 196
2010,14401010,401,CH4 ,10PPBC, 8,22, 194, 188, 192, 195, 188, 190, 190, 186, 185, 185, 184, 183, 182, 182, 181, 181, 181, 181, 181, 182, 182, 183, 186, 191
2010,14401010,401,CH4 ,10PPBC, 8,23, 189, 186, 188, 183, 182, 184, 185, 182, 181, 182, 184, 184, 182, 180, 180, 180, 180, 180, 181, 181, 182, 184, 186, 182
2010,14401010,401,CH4 ,10PPBC, 8,24, 181, 182, 184, 184, 185, 184, 184, 181, 181, 181, 181, 180, 180, 180, 180, 180, 179, 180, 181, 181, 182, 182, 184, 187
2010,14401010,401,CH4 ,10PPBC, 8,25, 187, 185, 183, 189, 190, 189, 187, 185, 184, 183, 181, 180, 179, 180,9999,9999,9999, 180, 181, 182, 183, 185, 183, 182
2010,14401010,401,CH4 ,10PPBC, 8,26, 184, 185, 181, 185, 185, 184, 183, 181, 183, 183, 182, 180, 179, 179, 179, 180, 180, 181, 182, 183, 184, 187, 186, 187
2010,14401010,401,CH4 ,10PPBC, 8,27, 188, 186, 186, 188, 188, 191, 189, 187, 184, 186, 186, 185, 183, 182, 181, 179, 177, 175, 175, 176, 176, 182, 187, 181
2010,14401010,401,CH4 ,10PPBC, 8,28, 185, 183, 188, 183, 182, 184, 183, 181, 181, 181, 182, 181, 177, 175, 175, 175, 176, 176, 176, 177, 183, 186, 183, 184
2010,14401010,401,CH4 ,10PPBC, 8,29, 182, 184, 181, 178, 179, 178, 180, 179, 178, 179, 178, 178, 178, 177, 177, 176, 176, 176, 177, 179, 188, 185, 180, 180
2010,14401010,401,CH4 ,10PPBC, 8,30, 180, 182, 182, 181, 182, 182, 182, 181, 181, 183, 184, 184, 184, 185, 186, 188, 182, 180, 177, 177, 179, 188, 187, 189
2010,14401010,401,CH4 ,10PPBC, 8,31, 184, 184, 187, 183, 181, 181, 182, 181, 181, 183, 183, 184, 188, 185, 180, 177, 177, 178, 182, 181, 179, 179, 179, 181
2010,14401010,401,CH4 ,10PPBC, 9, 1, 184, 182, 182, 186, 186, 184, 184, 181, 177, 178, 178, 177, 178, 176, 175, 176, 176, 177, 177, 177, 178, 179, 179, 180
2010,14401010,401,CH4 ,10PPBC, 9, 2, 182, 180, 182, 182, 188, 181, 182, 180, 180, 182,9999,9999, 182, 182, 181, 181, 181, 180, 181, 180, 181, 181, 183, 184
2010,14401010,401,CH4 ,10PPBC, 9, 3, 188, 189, 186, 186, 184, 185, 186, 184, 182, 182, 182, 182, 181, 180, 180, 180, 180, 181, 184, 190, 188, 186, 186, 183
2010,14401010,401,CH4 ,10PPBC, 9, 4, 183, 182, 183, 187, 183, 186, 185, 183, 180, 180, 181, 180, 180, 182, 184, 182, 181, 180, 180, 180, 179, 179, 180, 181
2010,14401010,401,CH4 ,10PPBC, 9, 5, 186, 188, 184, 187, 187, 184, 186, 183, 181, 181, 182, 180, 179, 179, 178, 178, 178, 178, 178, 179, 181, 184, 183, 186
2010,14401010,401,CH4 ,10PPBC, 9, 6, 188, 187, 190, 190, 186, 187, 187, 181, 180, 179, 177, 177, 175, 174, 174, 174, 174, 175, 176, 175, 179, 179, 175, 176
2010,14401010,401,CH4 ,10PPBC, 9, 7, 177, 177, 178, 185, 181, 182, 184, 181, 178, 177, 177, 176, 175, 175, 174, 174, 175, 175, 176, 177, 179, 177, 177, 179
2010,14401010,401,CH4 ,10PPBC, 9, 8, 180, 181, 180, 180, 181, 181, 185, 184, 187,9999,9999, 187, 194, 184, 183, 183, 182, 181, 181, 179, 180, 179, 179, 179
2010,14401010,401,CH4 ,10PPBC, 9, 9, 181, 182, 183, 183, 184, 184, 184, 184, 184, 185, 185, 184, 184, 184, 184, 184, 184, 187, 187, 187, 189, 189, 193, 192
2010,14401010,401,CH4 ,10PPBC, 9,10, 197, 195, 193, 194, 195, 193, 194, 195, 195, 194, 195, 192, 189, 187, 187, 187, 187, 186, 186, 185, 187, 197, 194, 198
2010,14401010,401,CH4 ,10PPBC, 9,11, 193, 191, 191, 189, 194, 193, 191, 185, 186, 188, 188, 187, 186, 185, 184, 183, 183, 185, 185, 188, 190, 190, 194, 190
2010,14401010,401,CH4 ,10PPBC, 9,12, 189, 186, 188, 186, 189, 185, 186, 185, 187, 189, 190, 191, 197, 197, 189, 188, 190, 189, 187, 185, 184, 183, 182, 181
2010,14401010,401,CH4 ,10PPBC, 9,13, 180, 178, 181, 182, 183, 186, 186, 186, 187, 187, 184, 182, 182, 182, 182, 182, 181, 182, 184, 184, 189, 186, 188, 188
2010,14401010,401,CH4 ,10PPBC, 9,14, 186, 185, 184, 183, 184, 184, 185, 185, 187, 185, 185, 186, 185, 185, 185, 184, 185, 184, 184, 183, 185, 185, 186, 186
2010,14401010,401,CH4 ,10PPBC, 9,15, 186, 186, 186, 186, 187, 187, 187, 187, 186, 185, 185, 185, 186,9999,9999,9999, 187, 187, 188, 188, 188, 188, 187, 188
2010,14401010,401,CH4 ,10PPBC, 9,16, 187, 185, 186, 186, 186, 185, 187, 186, 185, 184, 184, 184, 184, 185, 184, 184, 185, 185, 186, 185, 187, 187, 189, 188
2010,14401010,401,CH4 ,10PPBC, 9,17, 190, 189, 189, 187, 186, 184, 186, 184, 183, 184, 184, 184, 183, 183, 184, 185, 186, 185, 185, 191, 189, 187, 187, 188
2010,14401010,401,CH4 ,10PPBC, 9,18, 188, 186, 185, 185, 185, 185, 184, 184, 183, 185, 185, 185, 185, 186, 186, 187, 189, 186, 186, 187, 187, 188, 189, 188
2010,14401010,401,CH4 ,10PPBC, 9,19, 187, 190, 191, 191, 191, 191, 191, 188, 187, 187, 186, 186, 186, 184, 183, 182, 182, 183, 184, 186, 189, 186, 186, 185
2010,14401010,401,CH4 ,10PPBC, 9,20, 186, 186, 187, 187, 190, 189, 188, 188, 188, 189, 191, 191, 189, 189, 192, 191, 192, 193, 193, 193, 197, 194, 193, 193
2010,14401010,401,CH4 ,10PPBC, 9,21, 194, 196, 195, 193, 191, 189, 189, 189, 188, 187, 187, 186, 187, 188, 189, 190, 190, 190, 192, 196, 196, 195, 191, 186
2010,14401010,401,CH4 ,10PPBC, 9,22, 186, 185, 185, 185, 187, 188, 186, 185, 186, 186, 186,9999,9999,9999, 183, 183, 182, 184, 187, 185, 189, 189, 189, 188
2010,14401010,401,CH4 ,10PPBC, 9,23, 188, 188, 188, 188, 188, 188, 188, 188, 189, 188, 189, 189, 188, 189, 188, 188, 188, 188, 188, 188, 188, 188, 188, 188
2010,14401010,401,CH4 ,10PPBC, 9,24, 187, 186, 186, 187, 187, 188, 190, 192, 189, 188, 189, 189, 189, 190, 190, 189, 189, 189, 190, 189, 189, 189, 189, 188
2010,14401010,401,CH4 ,10PPBC, 9,25, 189, 188, 188, 188, 188, 188, 188, 188, 188, 188, 187, 187, 187, 187, 187, 187, 188, 189, 189, 191, 192, 192, 190, 192
2010,14401010,401,CH4 ,10PPBC, 9,26, 189, 189, 188, 189, 189, 189, 189, 188, 188, 189, 191, 189, 188, 189, 193, 193, 191, 190, 190, 192, 191, 191, 192, 192
2010,14401010,401,CH4 ,10PPBC, 9,27, 192, 193, 191, 191, 190, 189, 189, 189, 190, 188, 186, 186, 186, 185, 185, 186, 186, 186, 186, 186, 186, 186, 186, 186
2010,14401010,401,CH4 ,10PPBC, 9,28, 187, 188, 189, 189, 189, 188, 188, 190, 191, 189, 189, 189, 189, 187, 187, 188, 189, 190, 191, 189, 188, 187, 190, 188
2010,14401010,401,CH4 ,10PPBC, 9,29, 187, 186, 186, 188, 186, 189, 187, 189, 189, 190, 189, 189, 189,9999,9999, 189, 189, 190, 192, 192, 192, 194, 195, 193
2010,14401010,401,CH4 ,10PPBC, 9,30, 191, 189, 190, 189, 190, 190, 190, 190, 190, 190, 190, 190, 191, 191, 191, 191, 190, 191, 192, 193, 191, 190, 190, 191
2010,14401010,401,CH4 ,10PPBC, 9,31,9998,9998,9998,9998,9998,9998,9998,9998,9998,9998,9998,9998,9998,9998,9998,9998,9998,9998,9998,9998,9998,9998,9998,9998
2010,14401010,401,CH4 ,10PPBC,10, 1, 191, 191, 190, 190, 190, 190, 191, 191, 190, 190, 190, 190, 190, 189, 189, 189, 190, 188, 189, 189, 188, 189, 190, 191
2010,14401010,401,CH4 ,10PPBC,10, 2, 190, 189, 190, 190, 190, 191, 188, 188, 189, 187, 188, 188, 187, 187, 187, 187, 188, 190, 193, 191, 193, 195, 198, 194
2010,14401010,401,CH4 ,10PPBC,10, 3, 193, 191, 190, 190, 191, 190, 189, 188, 187, 186, 186, 186, 186, 186, 186, 186, 187, 188, 189, 189, 188, 189, 189, 190
2010,14401010,401,CH4 ,10PPBC,10, 4, 190, 189, 191, 190, 190, 191, 192, 190, 189, 190, 191, 190, 194, 194, 192, 191, 192, 192, 192, 192, 190, 190, 188, 188
2010,14401010,401,CH4 ,10PPBC,10, 5, 189, 190, 190, 191, 191, 192, 190, 189, 188, 188, 188, 189, 191, 189, 188, 188, 189, 189, 192, 192, 190, 189, 189, 189
2010,14401010,401,CH4 ,10PPBC,10, 6, 190, 190, 190, 190, 190, 189, 189, 188, 188, 188, 188, 188, 188, 188, 189, 188, 188, 189, 191, 194, 194, 191, 190, 190
2010,14401010,401,CH4 ,10PPBC,10, 7, 189, 190, 189, 189, 189, 189, 189, 189, 189, 189, 188, 188, 189, 189, 189, 189, 189, 189, 189, 190, 190, 190, 190, 189
2010,14401010,401,CH4 ,10PPBC,10, 8, 189, 189, 189, 189, 189, 189, 189, 189, 189, 189,9999,9999,9999, 189, 188, 188, 188, 189, 189, 190,9999,9999,9999,9999
2010,14401010,401,CH4 ,10PPBC,10, 9,9999,9999,9999,9999, 187, 187, 187, 187, 186, 187, 186, 186, 186, 186, 187, 187, 186, 186, 191, 190, 187, 189, 188, 188
2010,14401010,401,CH4 ,10PPBC,10,10, 186, 189, 188, 187, 187, 186, 186, 187, 188, 186, 185, 185, 184, 184, 184, 185, 186, 186, 188, 187, 186, 185, 186, 185
2010,14401010,401,CH4 ,10PPBC,10,11, 186, 187, 187, 186, 184, 185, 184, 184, 183, 183, 184, 184, 184, 184, 185, 185, 185, 186, 187, 189, 188, 188, 190, 191
2010,14401010,401,CH4 ,10PPBC,10,12, 186, 186, 187, 188, 188, 186, 185, 189, 188, 189, 192, 192, 189, 189, 189, 189, 189, 187, 186, 187, 189, 191, 190, 189
2010,14401010,401,CH4 ,10PPBC,10,13, 192, 189, 189, 188, 187, 187, 187, 191, 188, 190, 188, 188, 188,9999,9999, 190, 191, 192, 190, 192, 193, 193, 193, 191
2010,14401010,401,CH4 ,10PPBC,10,14, 192, 191, 189, 189, 188, 187, 188, 189, 189, 189, 188, 188, 189, 190, 189, 189, 190, 190, 191, 190, 191, 191, 190, 190
2010,14401010,401,CH4 ,10PPBC,10,15, 191, 190, 189, 189, 189, 189, 189, 189, 188, 188, 188, 187, 187, 188, 188, 188, 189, 189, 193, 191, 191, 192, 191, 190
2010,14401010,401,CH4 ,10PPBC,10,16, 190, 191, 190, 189, 190, 190, 189, 190, 190, 190, 189, 186, 187, 187, 188, 191, 190, 192, 194, 194, 193, 193, 191, 190
2010,14401010,401,CH4 ,10PPBC,10,17, 189, 189, 189, 189, 189, 188, 189, 189, 189, 187, 186, 187, 187, 187, 188, 187, 187, 189, 191, 190, 189, 190, 189, 189
2010,14401010,401,CH4 ,10PPBC,10,18, 189, 188, 189, 189, 188, 188, 187, 187, 188, 188, 188, 189, 189, 189, 189, 190, 189, 189, 190, 189, 191, 192, 192, 192
2010,14401010,401,CH4 ,10PPBC,10,19, 191, 190, 190, 188, 188, 188, 188, 188, 187, 188, 187, 187, 187, 187, 188, 189, 190, 189, 189, 189, 188, 189, 188, 188
2010,14401010,401,CH4 ,10PPBC,10,20, 188, 188, 188, 187, 186, 189, 190, 189, 187, 186, 186, 187, 187, 187, 187, 188, 187, 188, 188, 188, 190, 190, 188, 187
2010,14401010,401,CH4 ,10PPBC,10,21, 187, 188, 187, 186, 186, 186, 185, 185, 185, 184, 184, 185, 186, 185, 185, 185, 186, 187, 187, 186, 187, 188, 188, 188
2010,14401010,401,CH4 ,10PPBC,10,22, 187, 187, 189, 189, 190, 190, 189, 189, 188,9999,9999, 187, 187, 187, 186, 186, 187, 187, 187, 187, 187, 188, 188, 188
2010,14401010,401,CH4 ,10PPBC,10,23, 187, 187, 187, 187, 188, 188, 187, 187, 187, 188, 202, 199, 202, 189, 190, 196, 199, 190, 189, 188, 189, 189, 188, 188
2010,14401010,401,CH4 ,10PPBC,10,24, 187, 187, 188, 187, 187, 186, 185, 186, 188, 189, 188, 190, 189, 189, 188, 190, 189, 188, 189, 188, 189, 189, 189, 189
2010,14401010,401,CH4 ,10PPBC,10,25, 189, 190, 189, 187, 189, 189, 189, 188, 186, 185, 187, 186, 186, 188, 188, 188, 189, 191, 193, 192, 192, 190, 188, 186
2010,14401010,401,CH4 ,10PPBC,10,26, 185, 184, 186, 186, 185, 186, 187, 187, 190, 189, 193, 191, 188, 188, 188, 189, 188, 188, 189, 189, 189, 189, 189, 189
2010,14401010,401,CH4 ,10PPBC,10,27, 189, 189, 188, 188, 188, 188, 188, 189, 189, 189, 188, 188, 188,9999,9999, 188, 187, 189, 190, 190, 190, 193, 193, 191
2010,14401010,401,CH4 ,10PPBC,10,28, 191, 191, 189, 189, 189, 188, 188, 188, 188, 188, 188, 188, 188, 187, 187, 186, 187, 187, 187, 188, 187, 188, 187, 187
2010,14401010,401,CH4 ,10PPBC,10,29, 188, 187, 187, 191, 191, 191, 192, 192, 191, 189, 190, 189, 189, 188, 188, 188, 189, 189, 189, 188, 189, 189, 188, 187
2010,14401010,401,CH4 ,10PPBC,10,30, 190, 190, 190, 188, 188, 190, 187, 188, 188, 186, 187, 187, 187, 187, 187, 186, 186,9999,9999, 184, 184, 185, 185, 187
2010,14401010,401,CH4 ,10PPBC,10,31, 186, 186, 184, 185, 184, 184, 184, 184, 184, 183, 184, 183, 183, 184, 184, 184, 185, 186, 186, 185, 185, 186, 187, 188
2010,14401010,401,CH4 ,10PPBC,11, 1, 188, 186, 185, 185, 185, 185, 185, 185, 186, 185, 184, 184, 184, 184, 184, 183, 183, 185, 187, 187, 189, 188, 186, 187
2010,14401010,401,CH4 ,10PPBC,11, 2, 185, 186, 186, 186, 186, 186, 186, 187, 186, 187,9999,9999, 187, 185, 185, 185, 188, 189, 187, 188, 186, 186, 188, 187
2010,14401010,401,CH4 ,10PPBC,11, 3, 187, 187, 188, 188, 189, 191, 193, 188, 189, 189, 190, 189, 189, 189, 189, 189, 191, 188, 188, 189, 189, 191, 190, 191
2010,14401010,401,CH4 ,10PPBC,11, 4, 190, 189, 189, 188, 188, 189, 189, 190, 191, 190, 190, 189, 188, 189, 189, 189, 190, 197, 193, 193, 192, 192, 191, 190
2010,14401010,401,CH4 ,10PPBC,11, 5, 189, 189, 189, 188, 188, 189, 188, 187, 187, 187, 188, 187, 187, 187, 187, 186, 187, 190, 191, 188, 187, 187, 188, 188
2010,14401010,401,CH4 ,10PPBC,11, 6, 189, 188, 188, 187, 188, 188, 188, 188, 187, 187, 188, 188, 188, 188, 187, 188, 190, 189, 190, 194, 190, 189, 188, 188
2010,14401010,401,CH4 ,10PPBC,11, 7, 187, 187, 187, 187, 187, 187, 188, 187, 187, 187, 187, 188, 188, 188, 188, 188, 189, 192, 190, 189, 187, 187, 188, 187
2010,14401010,401,CH4 ,10PPBC,11, 8, 186, 186, 186, 186, 186, 188, 187, 187, 186, 186, 188, 191, 192, 192, 190, 189, 189, 194, 193, 196, 194, 193, 195, 192
2010,14401010,401,CH4 ,10PPBC,11, 9, 193, 193, 193, 195, 192, 192, 193, 190, 189, 187, 186, 185, 185, 185, 185, 186, 187, 189, 190, 190, 194, 193, 192, 193
2010,14401010,401,CH4 ,10PPBC,11,10, 192, 194, 194, 194, 194, 196, 196, 194, 193, 193, 194, 194, 189,9999,9999, 189, 190, 190, 188, 190, 191, 194, 193, 190
2010,14401010,401,CH4 ,10PPBC,11,11, 191, 190, 191, 189, 190, 189, 190, 190, 189, 189, 189, 189, 189, 189, 189, 189, 190, 191, 194, 195, 196, 193, 192, 190
2010,14401010,401,CH4 ,10PPBC,11,12, 192, 191, 190, 189, 189, 191, 190, 194, 192, 191, 194, 192, 193, 192, 190, 188, 188, 191, 192, 194, 192, 189, 191, 191
2010,14401010,401,CH4 ,10PPBC,11,13, 189, 189, 189, 189, 189, 189, 189, 190, 189, 192, 189, 188, 189, 189, 191, 192, 196, 198, 199, 198, 198, 194, 192, 193
2010,14401010,401,CH4 ,10PPBC,11,14, 191, 191, 191, 190, 190, 192, 190, 193, 190, 193, 191, 191, 189, 190, 192, 192, 192, 197, 196, 193, 190, 189, 188, 187
2010,14401010,401,CH4 ,10PPBC,11,15, 189, 187, 188, 188, 187, 187, 189, 189, 186, 188, 190, 189, 189, 190, 192, 191, 190, 188, 189, 190, 190, 192, 191, 192
2010,14401010,401,CH4 ,10PPBC,11,16, 191, 191, 192, 193, 192, 192, 191, 191, 191, 191, 193, 192, 191, 191, 190, 190, 191, 195, 194, 196, 197, 196, 197, 193
2010,14401010,401,CH4 ,10PPBC,11,17, 193, 194, 193, 192, 192, 192, 192, 192, 191, 192, 190, 189, 189,9999,9999, 189, 187, 188, 188, 187, 187, 189, 189, 189
2010,14401010,401,CH4 ,10PPBC,11,18, 189, 189, 189, 188, 188, 188, 187, 188, 189, 187, 187, 188, 188, 187, 187, 187, 187, 187, 187, 187, 187, 188, 187, 188
2010,14401010,401,CH4 ,10PPBC,11,19, 188, 187, 187, 188, 187, 188, 187, 187, 188, 187, 187, 188, 187, 187, 187, 187, 188, 191, 194, 191, 191, 189, 189, 188
2010,14401010,401,CH4 ,10PPBC,11,20, 187, 188, 189, 189, 189, 189, 188, 188, 188, 187, 187, 187, 186, 187, 187, 188, 189, 191, 191, 190, 189, 188, 188, 187
2010,14401010,401,CH4 ,10PPBC,11,21, 187, 187, 188, 187, 187, 187, 187, 188, 187, 188, 186, 187, 186, 186, 185, 186, 187, 193, 194, 190, 187, 186, 185, 186
2010,14401010,401,CH4 ,10PPBC,11,22, 185, 186, 186, 187, 186, 186, 187, 189, 187, 187, 186, 186, 184, 184, 186, 190, 190, 190, 192, 192, 190, 186, 188, 189
2010,14401010,401,CH4 ,10PPBC,11,23, 188, 186, 186, 185, 184, 183, 183, 183, 182, 183, 185, 186, 187, 187, 187, 188, 188, 189, 190, 190, 190, 191, 193, 194
2010,14401010,401,CH4 ,10PPBC,11,24, 194, 195, 192, 189, 189, 190, 191, 190, 189, 190, 190, 190, 189, 189, 189, 188, 189, 191, 193, 195, 194, 193, 200, 197
2010,14401010,401,CH4 ,10PPBC,11,25, 197, 196, 197, 195, 193, 193, 191, 191, 190,9999,9999, 193, 193, 192, 192, 193, 193, 194, 194, 192, 192, 193, 195, 193
2010,14401010,401,CH4 ,10PPBC,11,26, 195, 194, 192, 194, 192, 191, 191, 190, 189, 188, 188, 188, 188, 189, 188, 188, 190, 196, 195, 194, 196, 194, 193, 189
2010,14401010,401,CH4 ,10PPBC,11,27, 190, 188, 188, 188, 188, 188, 188, 188, 188, 188, 189, 189, 188, 188, 188, 191, 190, 189, 191, 196, 197, 196, 191, 192
2010,14401010,401,CH4 ,10PPBC,11,28, 189, 188, 189, 189, 191, 191, 189, 190, 191, 189, 187, 188, 188, 188, 189, 189, 193, 192, 191, 191, 194, 195, 194, 197
2010,14401010,401,CH4 ,10PPBC,11,29, 195, 195, 194, 194, 190, 194, 192, 190, 190, 189, 189, 189, 187, 187, 187, 189, 189, 190, 191, 193, 193, 197, 196, 194
2010,14401010,401,CH4 ,10PPBC,11,30, 193, 191, 190, 190, 189, 189, 191, 194, 191, 189, 191, 191, 190, 191, 191, 191, 191, 190, 189, 189, 189, 191, 192, 192
2010,14401010,401,CH4 ,10PPBC,11,31,9998,9998,9998,9998,9998,9998,9998,9998,9998,9998,9998,9998,9998,9998,9998,9998,9998,9998,9998,9998,9998,9998,9998,9998
2010,14401010,401,CH4 ,10PPBC,12, 1, 192, 194, 193, 194, 190, 189, 190, 189, 189, 188, 188, 189, 189,9999,9999, 189, 190, 193, 194, 192, 193, 191, 191, 190
2010,14401010,401,CH4 ,10PPBC,12, 2, 190, 190, 189, 190, 189, 189, 189, 189, 189, 188, 188, 188, 189, 189, 189, 190, 191, 192, 191, 191, 190, 191, 191, 191
2010,14401010,401,CH4 ,10PPBC,12, 3, 191, 191, 192, 193, 194, 195, 197, 193, 194, 186, 182, 183, 184, 185, 185, 184, 184, 184, 185, 187, 188, 189, 191, 191
2010,14401010,401,CH4 ,10PPBC,12, 4, 190, 192, 190, 192, 192, 192, 193, 193, 196, 191, 190, 189, 189, 189, 189, 189, 189, 192, 193, 195, 194, 194, 193, 192
2010,14401010,401,CH4 ,10PPBC,12, 5, 189, 189, 189, 188, 188, 188, 188, 188, 189, 188, 188, 188, 188, 188, 189, 190, 189, 191, 194, 193, 192, 190, 191, 190
2010,14401010,401,CH4 ,10PPBC,12, 6, 188, 189, 188, 189, 189, 189, 190, 190, 191, 189, 190, 190, 191, 190, 190, 189,9999,9999,9999, 193, 194, 191, 192, 193
2010,14401010,401,CH4 ,10PPBC,12, 7, 193, 191, 192, 192, 188, 190, 190, 190, 190, 190, 190, 189, 189, 188, 189, 189, 190, 189, 189, 190, 190, 189, 189, 189
2010,14401010,401,CH4 ,10PPBC,12, 8, 189, 189, 189, 189, 189, 190, 189, 189, 190, 189, 188, 189, 189, 189, 190, 189, 189, 188, 190, 194, 193, 192, 190, 192
2010,14401010,401,CH4 ,10PPBC,12, 9, 191, 190, 189, 190, 191, 191, 191, 193, 191, 188, 189, 190, 190, 190, 189, 189, 190, 192, 192, 191, 192, 191, 189, 189
2010,14401010,401,CH4 ,10PPBC,12,10, 191, 190, 189, 189, 189, 189, 189, 189, 189, 189, 190, 190, 189, 189, 191, 191, 191, 190, 190, 192, 194, 195, 195, 194
2010,14401010,401,CH4 ,10PPBC,12,11, 194, 192, 191, 191, 191, 193, 190, 193, 191, 190, 188, 187, 186, 185, 185, 185, 185, 186, 187, 188, 186, 186, 189, 189
2010,14401010,401,CH4 ,10PPBC,12,12, 192, 191, 190, 190, 190, 190, 190, 191, 188, 189, 190, 189, 189, 188, 188, 189, 189, 191, 194, 192, 190, 190, 190, 190
2010,14401010,401,CH4 ,10PPBC,12,13, 190, 190, 189, 189, 189, 189, 189, 189, 188, 189, 189, 188, 188, 190, 190, 190, 189, 188, 188, 189, 190, 191, 191, 192
2010,14401010,401,CH4 ,10PPBC,12,14, 192, 192, 191, 189, 188, 189, 189, 189, 192,9999,9999, 190,9999, 190, 189, 189, 191, 193, 193, 193, 193, 195, 193, 190
2010,14401010,401,CH4 ,10PPBC,12,15, 190, 188, 187, 188, 189, 188, 189, 194, 194, 191, 190, 190, 190, 190, 193, 194, 192, 189, 189, 189, 190, 191, 192, 192
2010,14401010,401,CH4 ,10PPBC,12,16, 192, 193, 193, 193, 193, 193, 192, 194, 194, 191, 193, 194, 195, 196, 196, 195, 195, 195, 194, 195, 196, 194, 194, 194
2010,14401010,401,CH4 ,10PPBC,12,17, 195, 195, 194, 193, 191, 192, 190, 191, 190, 189, 190, 191, 189, 189, 190, 190, 191, 194, 194, 195, 196, 193, 193, 193
2010,14401010,401,CH4 ,10PPBC,12,18, 192, 193, 193, 191, 191, 193, 192, 191, 192, 190, 191, 192, 191, 192, 192, 192, 190, 190, 190, 191, 192, 191, 193, 193
2010,14401010,401,CH4 ,10PPBC,12,19, 192, 194, 194, 194, 191, 191, 191, 191, 191, 190, 190, 190, 190, 190, 191, 192, 194, 200, 199, 198, 196, 194, 193, 192
2010,14401010,401,CH4 ,10PPBC,12,20, 192, 192, 195, 194, 193, 193, 193, 191, 192, 191, 189, 189, 188, 188, 188, 188, 191, 191, 189, 190, 189, 190, 189, 189
2010,14401010,401,CH4 ,10PPBC,12,21, 189, 192, 190, 190, 189, 189, 187, 187, 188, 188, 188, 191, 189, 189, 190, 192, 191, 191, 191, 191, 191, 189, 190, 189
2010,14401010,401,CH4 ,10PPBC,12,22, 189, 189, 189, 191, 190, 189, 189, 190, 189, 189, 188,9999,9999,9999, 188, 190, 191, 191, 190, 190, 190, 191, 191, 189
2010,14401010,401,CH4 ,10PPBC,12,23, 190, 191, 192, 190, 190, 190, 190, 191, 189, 188, 189, 188, 188, 187, 187, 188, 188, 192, 193, 192, 190, 190, 191, 192
2010,14401010,401,CH4 ,10PPBC,12,24, 192, 191, 195, 192, 192, 191, 194, 192, 193, 192, 190, 190, 190, 190, 190, 190, 192, 193, 194, 195, 196, 198, 198, 198
2010,14401010,401,CH4 ,10PPBC,12,25, 199, 199, 200, 199, 199, 199, 198, 191, 189, 189, 189, 189, 188, 188, 188, 188, 188, 188, 189, 189, 189, 190, 191, 191
2010,14401010,401,CH4 ,10PPBC,12,26, 190, 190, 190, 190, 191, 192, 193, 193, 193, 191, 191, 189, 188, 188, 188, 188, 188, 190, 190, 190, 191, 194, 193, 193
2010,14401010,401,CH4 ,10PPBC,12,27, 192, 192, 192, 192, 190, 191, 193, 192, 192, 191, 190, 190,9999,9999, 189, 189, 190, 192, 193, 193, 193, 191, 191, 192
2010,14401010,401,CH4 ,10PPBC,12,28, 192, 191, 192, 189, 190, 190, 190, 190, 191, 190, 193, 191, 190, 190, 189, 190, 190, 191, 189, 188, 187, 190, 197, 198
2010,14401010,401,CH4 ,10PPBC,12,29, 197, 197, 196, 195, 196, 194, 195, 196, 194, 192, 191, 190, 190, 190, 190, 191, 191, 193, 193, 192, 194, 194, 194, 195
2010,14401010,401,CH4 ,10PPBC,12,30, 194, 195, 195, 194, 194, 192, 194, 196, 192, 196, 194, 195, 196, 198, 199, 197, 195, 193, 193, 193, 193, 197, 197, 198
2010,14401010,401,CH4 ,10PPBC,12,31, 200, 197, 197, 199, 198, 197, 197, 196, 192, 191, 191, 191, 190, 190, 190, 190, 190, 191, 191, 191, 191, 192, 192, 192
2010,14401010,401,CH4 ,10PPBC, 1, 1, 193, 193, 194, 193, 193, 193, 194, 192, 192, 191, 191, 191, 191, 191, 190, 191, 192, 194, 194, 194, 194, 191, 194, 194
2010,14401010,401,CH4 ,10PPBC, 1, 2, 194, 192, 193, 193, 193, 194, 194, 193, 197, 191, 191, 191, 190, 189, 189, 188, 189, 190, 190, 192, 193, 191, 190, 191
2010,14401010,401,CH4 ,10PPBC, 1, 3, 192, 191, 191, 191, 190, 190, 192, 191, 189, 189, 189, 189, 189, 189, 189, 190, 190, 195, 195, 194, 193, 194, 192, 191
2010,14401010,401,CH4 ,10PPBC, 1, 4, 191, 191, 191, 191, 192, 191, 191, 191, 190, 189, 190, 190, 190, 189, 189, 189, 189, 191, 191, 192, 193, 193, 194, 191
2010,14401010,401,CH4 ,10PPBC, 1, 5, 191, 189, 189, 188, 188, 188, 190, 189, 190, 189, 189, 190, 189, 188, 188, 188, 188, 188, 188, 188, 189, 194, 192, 189
2010,14401010,401,CH4 ,10PPBC, 1, 6, 192, 190, 191, 188, 189, 190, 191, 191, 192, 189, 189, 189, 189,9999, 189, 189, 189, 190, 191, 193, 194, 191, 190, 190
2010,14401010,401,CH4 ,10PPBC, 1, 7, 190, 190, 190, 190, 191, 191, 190, 190, 190, 190, 189, 190, 190, 190, 189, 189, 189, 190, 192, 193, 192, 190, 190, 190
2010,14401010,401,CH4 ,10PPBC, 1, 8, 191, 190, 190, 189, 189, 190, 189, 190, 189, 189, 189, 189, 190, 189, 189, 189, 189, 189, 190, 192, 190, 190, 191, 190
2010,14401010,401,CH4 ,10PPBC, 1, 9, 191, 190, 191, 189, 189, 189, 190, 191, 191, 190, 189, 189, 189, 189, 189, 190, 192, 193, 193, 190, 190, 190, 191, 191
2010,14401010,401,CH4 ,10PPBC, 1,10, 190, 191, 191, 192, 192, 192, 193, 192, 193, 192, 192, 191, 191, 191, 191, 191, 191, 192, 193, 194, 194, 194, 194, 194
2010,14401010,401,CH4 ,10PPBC, 1,11, 192, 192, 191, 192, 191, 191, 191, 191, 190, 191, 193, 195, 193, 192, 191, 191, 191, 192, 194, 196, 199, 197, 197, 196
2010,14401010,401,CH4 ,10PPBC, 1,12, 197, 198, 198, 199, 201, 197, 196, 196, 195, 194, 194, 194, 193, 193, 192, 191, 192, 196, 193, 191, 191, 192, 193, 191
2010,14401010,401,CH4 ,10PPBC, 1,13, 191, 191, 191, 191, 191, 191, 191, 191, 191, 192, 191, 191, 190,9999,9999, 189, 190, 190, 191, 191, 191, 191, 192, 195
2010,14401010,401,CH4 ,10PPBC, 1,14, 196, 194, 195, 197, 196, 194, 195, 195, 192, 192, 193, 192, 192, 192, 191, 192, 192, 192, 196, 194, 194, 194, 195, 194
2010,14401010,401,CH4 ,10PPBC, 1,15, 194, 192, 193, 192, 193, 192, 193, 194, 190, 189, 190, 191, 190, 191, 192, 193, 196, 198, 198, 198, 199, 197, 196, 193
2010,14401010,401,CH4 ,10PPBC, 1,16, 194, 195, 195, 195, 193, 191, 190, 190, 190, 190, 191, 190, 190, 189, 189, 190, 190, 191, 191, 191, 191, 191, 190, 190
2010,14401010,401,CH4 ,10PPBC, 1,17, 190, 190, 190, 191, 192, 191, 191, 191, 190, 189, 189, 189, 188, 188, 188, 187, 188, 188, 188, 189, 189, 189, 189, 190
2010,14401010,401,CH4 ,10PPBC, 1,18, 193, 192, 193, 193, 191, 192, 193, 192, 190, 191, 188, 190, 190, 190, 190, 188, 189, 189, 191, 193, 192, 190, 191, 192
2010,14401010,401,CH4 ,10PPBC, 1,19, 190, 190, 190, 190, 189, 189, 189, 189, 191, 188, 189, 189, 189, 189, 189, 189, 191, 196, 194, 191, 192, 192, 194, 193
2010,14401010,401,CH4 ,10PPBC, 1,20, 194, 193, 192, 191, 191, 191, 191, 192, 191, 190, 191, 190, 190, 189, 189, 188, 189, 190, 190, 191, 191, 193, 194, 193
2010,14401010,401,CH4 ,10PPBC, 1,21, 193, 193, 193, 192, 193, 190, 189, 189, 189,9999,9999,9999,9999,9999,9999, 190, 190, 190, 190, 192, 192, 192, 193, 191
2010,14401010,401,CH4 ,10PPBC, 1,22, 193, 190, 192, 191, 190, 190, 190, 190, 191, 190, 189, 190, 189, 189, 188, 188, 188, 189, 192, 191, 191, 192, 191, 192
2010,14401010,401,CH4 ,10PPBC, 1,23, 191, 192, 192, 193, 193, 193, 192, 193, 191, 190, 189, 192, 194, 191, 190, 191, 191, 193, 199, 196, 193, 193, 193, 193
2010,14401010,401,CH4 ,10PPBC, 1,24, 192, 191, 194, 196, 194, 192, 193, 192, 192, 192, 193, 193, 193,9999,9999,9999,9999,9999,9999,9999,9999,9999,9999,9999
2010,14401010,401,CH4 ,10PPBC, 1,25,9999,9999,9999,9999,9999,9999,9999,9999,9999,9999,9999,9999,9999, 191, 192, 192, 193, 194, 193, 191, 191, 191, 192, 192
2010,14401010,401,CH4 ,10PPBC, 1,26, 192, 191, 191, 193, 192, 193, 193, 193, 192, 190, 190, 191, 192, 191, 190, 189, 191, 193, 191, 189, 189, 189, 191, 192
2010,14401010,401,CH4 ,10PPBC, 1,27, 192, 191, 191, 191, 195, 195, 192, 194, 190, 189, 190, 191, 190, 191, 191, 191, 191, 192, 191, 191, 191, 192, 194, 197
2010,14401010,401,CH4 ,10PPBC, 1,28, 194, 195, 195, 192, 192, 193, 193, 191, 190, 191, 192, 190, 190, 190, 190, 190, 191, 190, 190, 192, 194, 193, 192, 192
2010,14401010,401,CH4 ,10PPBC, 1,29, 195, 195, 193, 195, 194, 194, 194, 193, 191, 192, 191, 190, 190, 190, 190, 191, 191, 192, 196, 196, 196, 196, 193, 192
2010,14401010,401,CH4 ,10PPBC, 1,30, 192, 192, 193, 193, 191, 188, 189, 188, 189, 189, 189, 189, 189, 188, 188, 189, 191, 191, 190, 190, 190, 195, 193, 194
2010,14401010,401,CH4 ,10PPBC, 1,31, 194, 195, 194, 193, 191, 190, 190, 189, 190, 189, 189, 189, 190, 189, 189, 188, 189, 189, 192, 193, 192, 192, 189, 191
2010,14401010,401,CH4 ,10PPBC, 2, 1, 189, 189, 190, 188, 188, 189, 190, 189, 189, 187, 189, 189, 188, 188, 188, 188, 188, 189, 192, 193, 192, 194, 190, 189
2010,14401010,401,CH4 ,10PPBC, 2, 2, 190, 189, 188, 189, 191, 191, 190, 190, 188, 189, 190, 191, 190,9999,9999,9999, 193, 192, 194, 197, 198, 198, 196, 197
2010,14401010,401,CH4 ,10PPBC, 2, 3, 195, 194, 196, 194, 195, 195, 196, 196, 195, 192, 192, 191, 190, 191, 190, 195, 196, 194, 192, 190, 190, 192, 193, 193
2010,14401010,401,CH4 ,10PPBC, 2, 4, 194, 192, 190, 190, 191, 191, 190, 191, 189, 188, 188, 188, 191, 190, 189, 188, 189, 190, 193, 194, 192, 191, 191, 191
2010,14401010,401,CH4 ,10PPBC, 2, 5, 189, 191, 191, 191, 192, 193, 192, 193, 192, 191, 191, 192, 192, 191, 192, 191, 193, 197, 196, 198, 196, 194, 192, 193
2010,14401010,401,CH4 ,10PPBC, 2, 6, 193, 196, 194, 196, 195, 194, 194, 194, 194, 194, 194, 194, 195, 196, 197, 198, 198, 199, 201, 198, 199, 199, 197, 199
2010,14401010,401,CH4 ,10PPBC, 2, 7, 200, 199, 199, 198, 197, 195, 195, 193, 192, 191, 191, 190, 190, 191, 190, 191, 192, 192, 192, 191, 191, 191, 192, 194
2010,14401010,401,CH4 ,10PPBC, 2, 8, 198, 196, 194, 195, 195, 194, 193, 192, 192, 191, 192, 192, 191, 191, 193, 194, 194, 198, 198, 197, 195, 193, 191, 191
2010,14401010,401,CH4 ,10PPBC, 2, 9, 190, 189, 189, 189, 190, 191, 191, 190, 189,9999,9999, 190, 189, 190, 190, 190, 190, 190, 190, 193, 195, 197, 198, 195
2010,14401010,401,CH4 ,10PPBC, 2,10, 194, 194, 193, 191, 191, 192, 191, 193, 192, 192, 191, 190, 189, 190, 190, 190, 191, 190, 190, 190, 190, 191, 190, 190
2010,14401010,401,CH4 ,10PPBC, 2,11, 190, 191, 190, 190, 188, 188, 189, 189, 189, 189, 189, 189, 188, 189, 189, 189, 189, 189, 191, 190, 190, 189, 188, 188
2010,14401010,401,CH4 ,10PPBC, 2,12, 188, 188, 188, 188, 187, 188, 188, 188, 188, 188, 187, 187, 187, 187, 187, 188, 188, 188, 188, 188, 189, 191, 190, 190
2010,14401010,401,CH4 ,10PPBC, 2,13, 190, 190, 190, 189, 189, 189, 189, 188, 189, 189, 189, 189, 189, 189, 189, 189, 189, 190, 192, 195, 191, 191, 191, 191
2010,14401010,401,CH4 ,10PPBC, 2,14, 190, 190, 190, 189, 190, 190, 189, 190, 193, 193, 192, 191, 192, 192, 192, 192, 192, 193, 192, 191, 191, 191, 191, 190
2010,14401010,401,CH4 ,10PPBC, 2,15, 190, 190, 190, 190, 190, 190, 190, 191, 190, 189, 190, 190, 190,9999,9999, 189, 189, 190, 190, 190, 193, 195, 194, 196
2010,14401010,401,CH4 ,10PPBC, 2,16, 196, 194, 197, 196, 197, 194, 195, 193, 190, 191, 192, 192, 193, 193, 191, 191, 190, 190, 190, 193, 195, 193, 193, 192
2010,14401010,401,CH4 ,10PPBC, 2,17, 195, 195, 193, 195, 193, 194, 193, 193, 193, 193, 193, 200, 200, 196, 189, 187, 186, 186, 186, 187, 186, 185, 185, 186
2010,14401010,401,CH4 ,10PPBC, 2,18, 187, 188, 192, 192, 192, 192, 194, 191, 191, 188, 188, 187, 186, 186, 186, 186, 186, 187, 189, 189, 190, 190, 189, 189
2010,14401010,401,CH4 ,10PPBC, 2,19, 189, 189, 190, 190, 190, 191, 192, 193, 193, 192, 191, 190, 190, 190, 190, 191, 190, 190, 191, 192, 193, 194, 195, 196
2010,14401010,401,CH4 ,10PPBC, 2,20, 195, 192, 191, 192, 192, 191, 191, 191, 191, 191, 191, 191, 192, 191, 189, 189, 189, 190, 191, 191, 192, 190, 189, 190
2010,14401010,401,CH4 ,10PPBC, 2,21, 190, 190, 190, 190, 189, 189, 189, 190, 191, 191, 190, 190, 190, 189, 189, 189, 189, 190, 190, 190, 190, 191, 191, 191
2010,14401010,401,CH4 ,10PPBC, 2,22, 191, 190, 190, 190, 189, 190, 189, 189, 190, 193, 193, 192, 190, 189, 189, 190, 189, 190, 191, 192, 195, 197, 200, 199
2010,14401010,401,CH4 ,10PPBC, 2,23, 194, 192, 191, 191, 191, 191, 191, 191, 190, 189, 189,9999,9999,9999,9999, 192, 190, 189, 190, 191, 195, 193, 192, 190
2010,14401010,401,CH4 ,10PPBC, 2,24, 190, 191, 191, 191, 190, 192, 192, 193, 191, 190, 191, 192, 192, 189, 187, 187, 187, 188, 188, 187, 186, 186, 186, 186
2010,14401010,401,CH4 ,10PPBC, 2,25, 186, 186, 186, 188, 191, 189, 191, 192, 188, 185, 184, 184, 183, 183, 183, 183, 183, 184, 185, 187, 189, 190, 190, 191
2010,14401010,401,CH4 ,10PPBC, 2,26, 190, 189, 190, 190, 190, 190, 191, 191, 191, 191, 191, 191, 191, 192, 193, 192, 192, 191, 191, 192, 196, 196, 196, 196
2010,14401010,401,CH4 ,10PPBC, 2,27, 195, 194, 193, 193, 195, 194, 195, 194, 195, 194, 194, 192, 192, 188, 186, 186, 185, 187, 192, 191, 192, 192, 192, 193
2010,14401010,401,CH4 ,10PPBC, 2,28, 193, 193, 192, 192, 192, 191, 191, 191, 192, 191, 190, 190, 191, 191, 191, 190, 190, 190, 190, 190, 190, 190, 190, 190
2010,14401010,401,CH4 ,10PPBC, 2,29,9998,9998,9998,9998,9998,9998,9998,9998,9998,9998,9998,9998,9998,9998,9998,9998,9998,9998,9998,9998,9998,9998,9998,9998
2010,14401010,401,CH4 ,10PPBC, 2,30,9998,9998,9998,9998,9998,9998,9998,9998,9998,9998,9998,9998,9998,9998,9998,9998,9998,9998,9998,9998,9998,9998,9998,9998
2010,14401010,401,CH4 ,10PPBC, 2,31,9998,9998,9998,9998,9998,9998,9998,9998,9998,9998,9998,9998,9998,9998,9998,9998,9998,9998,9998,9998,9998,9998,9998,9998
2010,14401010,401,CH4 ,10PPBC, 3, 1, 190, 190, 190, 189, 190, 190, 190, 191, 191, 191, 191, 191, 190, 190, 190, 190, 191, 191, 191, 191, 191, 191, 191, 192
2010,14401010,401,CH4 ,10PPBC, 3, 2, 191, 191, 192, 192, 191, 192, 193, 193, 193, 193, 192, 191, 192, 192, 191, 188, 188, 188, 189, 190, 193, 192, 193, 193
2010,14401010,401,CH4 ,10PPBC, 3, 3, 196, 192, 191, 191, 193, 190, 189, 190, 189, 189, 189, 189, 188, 188, 186, 188, 188, 189, 189, 189, 189, 190, 191, 189
2010,14401010,401,CH4 ,10PPBC, 3, 4, 189, 191, 192, 191, 189, 189, 188, 188, 188,9999,9999, 188, 188, 188, 189, 189, 189, 190, 191, 191, 193, 194, 195, 194
2010,14401010,401,CH4 ,10PPBC, 3, 5, 192, 192, 193, 193, 191, 190, 190, 190, 189, 189, 189, 190, 190, 190, 189, 189, 189, 189, 189, 190, 194, 193, 193, 191
2010,14401010,401,CH4 ,10PPBC, 3, 6, 192, 191, 192, 193, 192, 191, 190, 193, 190, 189, 189, 189, 189, 189, 189, 189, 189, 191, 191, 191, 192, 191, 191, 192
2010,14401010,401,CH4 ,10PPBC, 3, 7, 193, 193, 191, 189, 189, 188, 188, 188, 189, 190, 189, 189, 189, 189, 189, 189, 189, 189, 190, 190, 191, 192, 193, 193
2010,14401010,401,CH4 ,10PPBC, 3, 8, 193, 194, 193, 194, 197, 195, 195, 194, 192, 191, 192, 191, 191, 191, 190,9999,9999, 192, 192, 196, 197, 193, 193, 192
2010,14401010,401,CH4 ,10PPBC, 3, 9, 191, 191, 191, 192, 191, 192, 192, 192, 191, 192, 193, 192, 190, 190, 189, 188, 188, 188, 189, 189, 190, 191, 190, 190
2010,14401010,401,CH4 ,10PPBC, 3,10, 191, 192, 194, 194, 194, 196, 193, 192, 192, 191, 191, 191, 191, 191, 190, 190, 190, 191, 192, 192, 192, 192, 193, 192
2010,14401010,401,CH4 ,10PPBC, 3,11, 192, 192, 192, 191, 193, 192, 192, 191, 190, 190, 191, 190, 189, 189, 189, 189, 189, 190, 190, 191, 191, 192, 194, 195
2010,14401010,401,CH4 ,10PPBC, 3,12, 194, 196, 196, 197, 193, 193, 193, 191, 191, 191, 191, 191, 191, 191, 191, 192, 192, 193, 194, 193, 193, 196, 198, 195
2010,14401010,401,CH4 ,10PPBC, 3,13, 194, 191, 191, 191, 191, 192, 193, 191, 191, 191, 191, 191, 190, 190, 191, 191, 190, 190, 193, 193, 191, 189, 190, 192
2010,14401010,401,CH4 ,10PPBC, 3,14, 191, 190, 189, 191, 189, 191, 189, 192, 190, 189, 188, 188, 187, 186, 186, 186, 186, 186, 186, 187, 191, 191, 191, 190
2010,14401010,401,CH4 ,10PPBC, 3,15, 189, 188, 194, 190, 187, 188, 189, 190, 191, 192, 191, 191, 191, 191, 191, 193, 196, 198, 193, 193, 194, 195, 197, 197
2010,14401010,401,CH4 ,10PPBC, 3,16, 194, 192, 191, 192, 193, 193, 193, 193, 193, 192, 192, 190, 188,9999,9999, 191, 191, 192, 192, 192, 192, 193, 193, 193
2010,14401010,401,CH4 ,10PPBC, 3,17, 193, 193, 193, 193, 193, 193, 193, 193, 193, 193, 192, 191, 191, 191, 191, 191, 191, 192,9999,9999,9999,9999, 192, 193
2010,14401010,401,CH4 ,10PPBC, 3,18, 193, 192, 193, 196, 193, 192, 192, 192, 192, 191, 190, 192, 192, 191, 191,9999,9999,9999,9999, 191, 195, 194, 194, 197
2010,14401010,401,CH4 ,10PPBC, 3,19, 195, 196, 196, 198, 195, 192, 194, 192, 191, 191, 191, 189, 188, 187, 186, 186, 187, 188, 189, 189, 190, 191, 190, 190
2010,14401010,401,CH4 ,10PPBC, 3,20, 191, 190, 191, 191, 191, 191, 191, 191, 189, 191, 191, 191, 190, 190, 190, 190, 189, 188, 188, 187, 187, 187, 191, 193
2010,14401010,401,CH4 ,10PPBC, 3,21, 193, 194, 189, 189, 191, 192, 194, 193, 193, 193, 193, 192, 191, 193, 194, 193, 192, 192, 192, 193, 193, 193, 192, 192
2010,14401010,401,CH4 ,10PPBC, 3,22, 192, 192, 192, 192, 191, 191, 191, 192, 191, 191, 191, 191, 191, 192, 192, 192, 192, 192,9999,9999,9999, 192, 192, 192
2010,14401010,401,CH4 ,10PPBC, 3,23, 193, 192, 192, 192, 192, 192, 192, 192, 192, 190, 191, 191, 191, 191, 191,9999,9999,9999,9999, 190, 190, 191, 192, 194
2010,14401010,401,CH4 ,10PPBC, 3,24, 193, 193, 193, 193, 194, 194, 193, 192, 193,9999,9999, 190, 190, 190, 190, 189, 188, 188, 189, 188, 188, 188, 188, 188
2010,14401010,401,CH4 ,10PPBC, 3,25, 189, 189, 189, 190, 191, 189, 189, 189, 191, 198, 194, 192, 190, 189, 188, 188, 188, 188, 188, 188, 189, 190, 190, 189
2010,14401010,401,CH4 ,10PPBC, 3,26, 191, 190, 191, 192, 191, 191, 190, 190, 189, 189, 189, 189, 188, 188, 188, 188, 188, 188, 188, 188, 189, 189, 189, 190
2010,14401010,401,CH4 ,10PPBC, 3,27, 190, 190, 190, 191, 192, 193, 191, 189, 190, 190, 189, 189, 189, 188, 188, 188, 188, 188, 189, 190, 190, 190, 191, 189
2010,14401010,401,CH4 ,10PPBC, 3,28, 190, 189, 190, 190, 190, 190, 189, 189, 189, 189, 189, 189, 189, 188, 189, 190, 189, 188, 189, 188, 191, 191, 191, 192
2010,14401010,401,CH4 ,10PPBC, 3,29, 191, 191, 189, 191, 193, 192, 191, 190, 189, 189, 188, 189, 189, 188, 187, 187, 188, 188, 189, 191, 191, 189, 189, 189
2010,14401010,401,CH4 ,10PPBC, 3,30, 190, 190, 191, 189, 189, 188, 189, 189, 189, 189, 190, 189, 189, 189, 188, 188,9999, 187, 188, 190, 193, 189, 189, 189
2010,14401010,401,CH4 ,10PPBC, 3,31, 189, 189, 189, 190, 190, 190, 189, 190, 190, 190, 189, 189, 189, 188, 189, 188, 188, 187, 188, 190, 192, 192, 190, 192
